timestamp_us,node_id,role,layer,parent_mac,rssi_dbm,retry_count,tx_count,probes_count,phase_id,gt_label
31484290,NODE_B0CBD8F33218,wormhole_a,4,B4:BF:E9:34:ED:81,-65,0,0,0,0,0
31577856,NODE_B0CBD8F33218,wormhole_a,4,B4:BF:E9:34:ED:81,-65,0,0,0,0,0
31677654,NODE_B0CBD8F33218,wormhole_a,4,B4:BF:E9:34:ED:81,-65,0,0,0,0,0
31777654,NODE_B0CBD8F33218,wormhole_a,4,B4:BF:E9:34:ED:81,-65,0,0,0,0,0
31887666,NODE_B0CBD8F33218,wormhole_a,4,B4:BF:E9:34:ED:81,-65,0,0,0,0,0
31987656,NODE_B0CBD8F33218,wormhole_a,4,B4:BF:E9:34:ED:81,-65,0,0,0,0,0
32097662,NODE_B0CBD8F33218,wormhole_a,4,B4:BF:E9:34:ED:81,-65,0,0,0,0,0
32197658,NODE_B0CBD8F33218,wormhole_a,4,B4:BF:E9:34:ED:81,-65,0,0,0,0,0
32307658,NODE_B0CBD8F33218,wormhole_a,4,B4:BF:E9:34:ED:81,-65,0,0,0,0,0
32417671,NODE_B0CBD8F33218,wormhole_a,4,B4:BF:E9:34:ED:81,-65,0,0,0,0,0
32527805,NODE_B0CBD8F33218,wormhole_a,4,B4:BF:E9:34:ED:81,-65,0,0,0,0,0
32627658,NODE_B0CBD8F33218,wormhole_a,4,B4:BF:E9:34:ED:81,-65,0,0,0,0,0
32737670,NODE_B0CBD8F33218,wormhole_a,4,B4:BF:E9:34:ED:81,-65,0,0,0,0,0
32837659,NODE_B0CBD8F33218,wormhole_a,4,B4:BF:E9:34:ED:81,-65,0,0,0,0,0
32947672,NODE_B0CBD8F33218,wormhole_a,4,B4:BF:E9:34:ED:81,-65,0,0,0,0,0
33048053,NODE_B0CBD8F33218,wormhole_a,4,B4:BF:E9:34:ED:81,-65,0,0,0,0,0
33157678,NODE_B0CBD8F33218,wormhole_a,4,B4:BF:E9:34:ED:81,-65,0,0,0,0,0
33257663,NODE_B0CBD8F33218,wormhole_a,4,B4:BF:E9:34:ED:81,-65,0,0,0,0,0
33367669,NODE_B0CBD8F33218,wormhole_a,4,B4:BF:E9:34:ED:81,-65,0,0,0,0,0
33477670,NODE_B0CBD8F33218,wormhole_a,4,B4:BF:E9:34:ED:81,-65,0,0,0,0,0
33587666,NODE_B0CBD8F33218,wormhole_a,4,B4:BF:E9:34:ED:81,-64,0,0,0,0,0
33687666,NODE_B0CBD8F33218,wormhole_a,4,B4:BF:E9:34:ED:81,-64,0,0,0,0,0
33797667,NODE_B0CBD8F33218,wormhole_a,4,B4:BF:E9:34:ED:81,-64,0,0,0,0,0
33897662,NODE_B0CBD8F33218,wormhole_a,4,B4:BF:E9:34:ED:81,-64,0,0,0,0,0
34007662,NODE_B0CBD8F33218,wormhole_a,4,B4:BF:E9:34:ED:81,-64,0,0,0,0,0
34107670,NODE_B0CBD8F33218,wormhole_a,4,B4:BF:E9:34:ED:81,-64,0,0,0,0,0
34217663,NODE_B0CBD8F33218,wormhole_a,4,B4:BF:E9:34:ED:81,-64,0,0,0,0,0
34317662,NODE_B0CBD8F33218,wormhole_a,4,B4:BF:E9:34:ED:81,-64,0,0,0,0,0
34427666,NODE_B0CBD8F33218,wormhole_a,4,B4:BF:E9:34:ED:81,-64,0,0,0,0,0
34537658,NODE_B0CBD8F33218,wormhole_a,4,B4:BF:E9:34:ED:81,-64,0,0,0,0,0
34647662,NODE_B0CBD8F33218,wormhole_a,4,B4:BF:E9:34:ED:81,-64,0,0,0,0,0
34747668,NODE_B0CBD8F33218,wormhole_a,4,B4:BF:E9:34:ED:81,-64,0,0,0,0,0
34857654,NODE_B0CBD8F33218,wormhole_a,4,B4:BF:E9:34:ED:81,-64,0,0,0,0,0
34957662,NODE_B0CBD8F33218,wormhole_a,4,B4:BF:E9:34:ED:81,-64,0,0,0,0,0
35067676,NODE_B0CBD8F33218,wormhole_a,4,B4:BF:E9:34:ED:81,-64,0,0,0,0,0
35167665,NODE_B0CBD8F33218,wormhole_a,4,B4:BF:E9:34:ED:81,-64,0,0,0,0,0
35277662,NODE_B0CBD8F33218,wormhole_a,4,B4:BF:E9:34:ED:81,-64,0,0,0,0,0
35377670,NODE_B0CBD8F33218,wormhole_a,4,B4:BF:E9:34:ED:81,-65,0,0,0,0,0
35487654,NODE_B0CBD8F33218,wormhole_a,4,B4:BF:E9:34:ED:81,-65,0,0,0,0,0
35597675,NODE_B0CBD8F33218,wormhole_a,4,B4:BF:E9:34:ED:81,-65,0,0,0,0,0
35707656,NODE_B0CBD8F33218,wormhole_a,4,B4:BF:E9:34:ED:81,-64,0,0,0,0,0
35807658,NODE_B0CBD8F33218,wormhole_a,4,B4:BF:E9:34:ED:81,-64,0,0,0,0,0
35917662,NODE_B0CBD8F33218,wormhole_a,4,B4:BF:E9:34:ED:81,-63,0,0,0,0,0
36017663,NODE_B0CBD8F33218,wormhole_a,4,B4:BF:E9:34:ED:81,-63,0,0,0,0,0
36127676,NODE_B0CBD8F33218,wormhole_a,4,B4:BF:E9:34:ED:81,-63,0,0,0,0,0
36227662,NODE_B0CBD8F33218,wormhole_a,4,B4:BF:E9:34:ED:81,-64,0,0,0,0,0
36337670,NODE_B0CBD8F33218,wormhole_a,4,B4:BF:E9:34:ED:81,-64,0,0,0,0,0
36437667,NODE_B0CBD8F33218,wormhole_a,4,B4:BF:E9:34:ED:81,-64,0,0,0,0,0
36547672,NODE_B0CBD8F33218,wormhole_a,4,B4:BF:E9:34:ED:81,-64,0,0,0,0,0
36657674,NODE_B0CBD8F33218,wormhole_a,4,B4:BF:E9:34:ED:81,-63,0,0,0,0,0
36767668,NODE_B0CBD8F33218,wormhole_a,4,B4:BF:E9:34:ED:81,-63,0,0,0,0,0
36867672,NODE_B0CBD8F33218,wormhole_a,4,B4:BF:E9:34:ED:81,-64,0,0,0,0,0
36977656,NODE_B0CBD8F33218,wormhole_a,4,B4:BF:E9:34:ED:81,-64,0,0,0,0,0
37077674,NODE_B0CBD8F33218,wormhole_a,4,B4:BF:E9:34:ED:81,-64,0,0,0,0,0
37187678,NODE_B0CBD8F33218,wormhole_a,4,B4:BF:E9:34:ED:81,-64,0,0,0,0,0
37287658,NODE_B0CBD8F33218,wormhole_a,4,B4:BF:E9:34:ED:81,-64,0,0,0,0,0
37397667,NODE_B0CBD8F33218,wormhole_a,4,B4:BF:E9:34:ED:81,-64,0,0,0,0,0
37497670,NODE_B0CBD8F33218,wormhole_a,4,B4:BF:E9:34:ED:81,-64,0,0,0,0,0
37607674,NODE_B0CBD8F33218,wormhole_a,4,B4:BF:E9:34:ED:81,-64,0,0,0,0,0
37717666,NODE_B0CBD8F33218,wormhole_a,4,B4:BF:E9:34:ED:81,-64,0,0,0,0,0
37827670,NODE_B0CBD8F33218,wormhole_a,4,B4:BF:E9:34:ED:81,-64,0,0,0,0,0
37927656,NODE_B0CBD8F33218,wormhole_a,4,B4:BF:E9:34:ED:81,-64,0,0,0,0,0
38037674,NODE_B0CBD8F33218,wormhole_a,4,B4:BF:E9:34:ED:81,-64,0,0,0,0,0
38137674,NODE_B0CBD8F33218,wormhole_a,4,B4:BF:E9:34:ED:81,-64,0,0,0,0,0
38247658,NODE_B0CBD8F33218,wormhole_a,4,B4:BF:E9:34:ED:81,-64,0,0,0,0,0
38347668,NODE_B0CBD8F33218,wormhole_a,4,B4:BF:E9:34:ED:81,-64,0,0,0,0,0
38457670,NODE_B0CBD8F33218,wormhole_a,4,B4:BF:E9:34:ED:81,-64,0,0,0,0,0
38557658,NODE_B0CBD8F33218,wormhole_a,4,B4:BF:E9:34:ED:81,-64,0,0,0,0,0
38668461,NODE_B0CBD8F33218,wormhole_a,4,B4:BF:E9:34:ED:81,-64,0,0,0,0,0
38777667,NODE_B0CBD8F33218,wormhole_a,4,B4:BF:E9:34:ED:81,-64,0,0,0,0,0
38887668,NODE_B0CBD8F33218,wormhole_a,4,B4:BF:E9:34:ED:81,-64,0,0,0,0,0
38987670,NODE_B0CBD8F33218,wormhole_a,4,B4:BF:E9:34:ED:81,-64,0,0,0,0,0
39097662,NODE_B0CBD8F33218,wormhole_a,4,B4:BF:E9:34:ED:81,-64,0,0,0,0,0
39197671,NODE_B0CBD8F33218,wormhole_a,4,B4:BF:E9:34:ED:81,-64,0,0,0,0,0
39307676,NODE_B0CBD8F33218,wormhole_a,4,B4:BF:E9:34:ED:81,-64,0,0,0,0,0
39407662,NODE_B0CBD8F33218,wormhole_a,4,B4:BF:E9:34:ED:81,-64,0,0,0,0,0
39517658,NODE_B0CBD8F33218,wormhole_a,4,B4:BF:E9:34:ED:81,-64,0,0,0,0,0
39617671,NODE_B0CBD8F33218,wormhole_a,4,B4:BF:E9:34:ED:81,-64,0,0,0,0,0
39727668,NODE_B0CBD8F33218,wormhole_a,4,B4:BF:E9:34:ED:81,-64,0,0,0,0,0
39837666,NODE_B0CBD8F33218,wormhole_a,4,B4:BF:E9:34:ED:81,-64,0,0,0,0,0
39947670,NODE_B0CBD8F33218,wormhole_a,4,B4:BF:E9:34:ED:81,-64,0,0,0,0,0
40048060,NODE_B0CBD8F33218,wormhole_a,4,B4:BF:E9:34:ED:81,-64,0,0,0,0,0
40157675,NODE_B0CBD8F33218,wormhole_a,4,B4:BF:E9:34:ED:81,-64,0,0,0,0,0
40257672,NODE_B0CBD8F33218,wormhole_a,4,B4:BF:E9:34:ED:81,-64,0,0,0,0,0
40367660,NODE_B0CBD8F33218,wormhole_a,4,B4:BF:E9:34:ED:81,-64,0,0,0,0,0
40467668,NODE_B0CBD8F33218,wormhole_a,4,B4:BF:E9:34:ED:81,-64,0,0,0,0,0
40577671,NODE_B0CBD8F33218,wormhole_a,4,B4:BF:E9:34:ED:81,-64,0,0,0,0,0
40677658,NODE_B0CBD8F33218,wormhole_a,4,B4:BF:E9:34:ED:81,-64,0,0,0,0,0
40787666,NODE_B0CBD8F33218,wormhole_a,4,B4:BF:E9:34:ED:81,-64,0,0,0,0,0
40897662,NODE_B0CBD8F33218,wormhole_a,4,B4:BF:E9:34:ED:81,-64,0,0,0,0,0
41007662,NODE_B0CBD8F33218,wormhole_a,4,B4:BF:E9:34:ED:81,-64,0,0,0,0,0
41107668,NODE_B0CBD8F33218,wormhole_a,4,B4:BF:E9:34:ED:81,-64,0,0,0,0,0
41217678,NODE_B0CBD8F33218,wormhole_a,4,B4:BF:E9:34:ED:81,-64,0,0,0,0,0
41317666,NODE_B0CBD8F33218,wormhole_a,4,B4:BF:E9:34:ED:81,-64,0,0,0,0,0
41427666,NODE_B0CBD8F33218,wormhole_a,4,B4:BF:E9:34:ED:81,-64,0,0,0,0,0
41527664,NODE_B0CBD8F33218,wormhole_a,4,B4:BF:E9:34:ED:81,-64,0,0,0,0,0
41637666,NODE_B0CBD8F33218,wormhole_a,4,B4:BF:E9:34:ED:81,-64,0,0,0,0,0
41737654,NODE_B0CBD8F33218,wormhole_a,4,B4:BF:E9:34:ED:81,-64,0,0,0,0,0
41847670,NODE_B0CBD8F33218,wormhole_a,4,B4:BF:E9:34:ED:81,-63,0,0,0,0,0
41957659,NODE_B0CBD8F33218,wormhole_a,4,B4:BF:E9:34:ED:81,-63,0,0,0,0,0
42067665,NODE_B0CBD8F33218,wormhole_a,4,B4:BF:E9:34:ED:81,-64,0,0,0,0,0
42167660,NODE_B0CBD8F33218,wormhole_a,4,B4:BF:E9:34:ED:81,-64,0,0,0,0,0
42277674,NODE_B0CBD8F33218,wormhole_a,4,B4:BF:E9:34:ED:81,-64,0,0,0,0,0
42377663,NODE_B0CBD8F33218,wormhole_a,4,B4:BF:E9:34:ED:81,-63,0,0,0,0,0
42487664,NODE_B0CBD8F33218,wormhole_a,4,B4:BF:E9:34:ED:81,-63,0,0,0,0,0
42587666,NODE_B0CBD8F33218,wormhole_a,4,B4:BF:E9:34:ED:81,-63,0,0,0,0,0
42697662,NODE_B0CBD8F33218,wormhole_a,4,B4:BF:E9:34:ED:81,-64,0,0,0,0,0
42797656,NODE_B0CBD8F33218,wormhole_a,4,B4:BF:E9:34:ED:81,-64,0,0,0,0,0
42907668,NODE_B0CBD8F33218,wormhole_a,4,B4:BF:E9:34:ED:81,-64,0,0,0,0,0
43017662,NODE_B0CBD8F33218,wormhole_a,4,B4:BF:E9:34:ED:81,-64,0,0,0,0,0
43127670,NODE_B0CBD8F33218,wormhole_a,4,B4:BF:E9:34:ED:81,-64,0,0,0,0,0
43227670,NODE_B0CBD8F33218,wormhole_a,4,B4:BF:E9:34:ED:81,-64,0,0,0,0,0
43337667,NODE_B0CBD8F33218,wormhole_a,4,B4:BF:E9:34:ED:81,-64,0,0,0,0,0
43437654,NODE_B0CBD8F33218,wormhole_a,4,B4:BF:E9:34:ED:81,-64,0,0,0,0,0
43547674,NODE_B0CBD8F33218,wormhole_a,4,B4:BF:E9:34:ED:81,-64,0,0,0,0,0
43647666,NODE_B0CBD8F33218,wormhole_a,4,B4:BF:E9:34:ED:81,-64,0,0,0,0,0
43757663,NODE_B0CBD8F33218,wormhole_a,4,B4:BF:E9:34:ED:81,-64,0,0,0,0,0
43857666,NODE_B0CBD8F33218,wormhole_a,4,B4:BF:E9:34:ED:81,-64,0,0,0,0,0
43967664,NODE_B0CBD8F33218,wormhole_a,4,B4:BF:E9:34:ED:81,-64,0,0,0,0,0
44077662,NODE_B0CBD8F33218,wormhole_a,4,B4:BF:E9:34:ED:81,-64,0,0,0,0,0
44187666,NODE_B0CBD8F33218,wormhole_a,4,B4:BF:E9:34:ED:81,-64,0,0,0,0,0
44287664,NODE_B0CBD8F33218,wormhole_a,4,B4:BF:E9:34:ED:81,-64,0,0,0,0,0
44397666,NODE_B0CBD8F33218,wormhole_a,4,B4:BF:E9:34:ED:81,-64,0,0,0,0,0
44497666,NODE_B0CBD8F33218,wormhole_a,4,B4:BF:E9:34:ED:81,-64,0,0,0,0,0
44607666,NODE_B0CBD8F33218,wormhole_a,4,B4:BF:E9:34:ED:81,-63,0,0,0,0,0
44707660,NODE_B0CBD8F33218,wormhole_a,4,B4:BF:E9:34:ED:81,-63,0,0,0,0,0
44817666,NODE_B0CBD8F33218,wormhole_a,4,B4:BF:E9:34:ED:81,-63,0,0,0,0,0
44917654,NODE_B0CBD8F33218,wormhole_a,4,B4:BF:E9:34:ED:81,-63,0,0,0,0,0
45027662,NODE_B0CBD8F33218,wormhole_a,4,B4:BF:E9:34:ED:81,-63,0,0,0,0,0
45137837,NODE_B0CBD8F33218,wormhole_a,4,B4:BF:E9:34:ED:81,-63,0,0,0,0,0
45247660,NODE_B0CBD8F33218,wormhole_a,4,B4:BF:E9:34:ED:81,-63,0,0,0,0,0
45347662,NODE_B0CBD8F33218,wormhole_a,4,B4:BF:E9:34:ED:81,-63,0,0,0,0,0
45457666,NODE_B0CBD8F33218,wormhole_a,4,B4:BF:E9:34:ED:81,-63,0,0,0,0,0
45557656,NODE_B0CBD8F33218,wormhole_a,4,B4:BF:E9:34:ED:81,-63,0,0,0,0,0
45667665,NODE_B0CBD8F33218,wormhole_a,4,B4:BF:E9:34:ED:81,-63,0,0,0,0,0
45767668,NODE_B0CBD8F33218,wormhole_a,4,B4:BF:E9:34:ED:81,-63,0,0,0,0,0
45877654,NODE_B0CBD8F33218,wormhole_a,4,B4:BF:E9:34:ED:81,-63,0,0,0,0,0
45977663,NODE_B0CBD8F33218,wormhole_a,4,B4:BF:E9:34:ED:81,-63,0,0,0,0,0
46087672,NODE_B0CBD8F33218,wormhole_a,4,B4:BF:E9:34:ED:81,-64,0,0,0,0,0
46197658,NODE_B0CBD8F33218,wormhole_a,4,B4:BF:E9:34:ED:81,-64,0,0,0,0,0
46307666,NODE_B0CBD8F33218,wormhole_a,4,B4:BF:E9:34:ED:81,-64,0,0,0,0,0
46407674,NODE_B0CBD8F33218,wormhole_a,4,B4:BF:E9:34:ED:81,-65,0,0,0,0,0
46517659,NODE_B0CBD8F33218,wormhole_a,4,B4:BF:E9:34:ED:81,-65,0,0,0,0,0
46617666,NODE_B0CBD8F33218,wormhole_a,4,B4:BF:E9:34:ED:81,-65,0,0,0,0,0
46727670,NODE_B0CBD8F33218,wormhole_a,4,B4:BF:E9:34:ED:81,-65,0,0,0,0,0
46827658,NODE_B0CBD8F33218,wormhole_a,4,B4:BF:E9:34:ED:81,-65,0,0,0,0,0
46937667,NODE_B0CBD8F33218,wormhole_a,4,B4:BF:E9:34:ED:81,-65,0,0,0,0,0
47037674,NODE_B0CBD8F33218,wormhole_a,4,B4:BF:E9:34:ED:81,-64,0,0,0,0,0
47147666,NODE_B0CBD8F33218,wormhole_a,4,B4:BF:E9:34:ED:81,-64,0,0,0,0,0
47257670,NODE_B0CBD8F33218,wormhole_a,4,B4:BF:E9:34:ED:81,-64,0,0,0,0,0
47367672,NODE_B0CBD8F33218,wormhole_a,4,B4:BF:E9:34:ED:81,-64,0,0,0,0,0
47467657,NODE_B0CBD8F33218,wormhole_a,4,B4:BF:E9:34:ED:81,-64,0,0,0,0,0
47578462,NODE_B0CBD8F33218,wormhole_a,4,B4:BF:E9:34:ED:81,-64,0,0,0,0,0
47677670,NODE_B0CBD8F33218,wormhole_a,4,B4:BF:E9:34:ED:81,-64,0,0,0,0,0
47787666,NODE_B0CBD8F33218,wormhole_a,4,B4:BF:E9:34:ED:81,-64,0,0,0,0,0
47887672,NODE_B0CBD8F33218,wormhole_a,4,B4:BF:E9:34:ED:81,-64,0,0,0,0,0
47997654,NODE_B0CBD8F33218,wormhole_a,4,B4:BF:E9:34:ED:81,-64,0,0,0,0,0
48097658,NODE_B0CBD8F33218,wormhole_a,4,B4:BF:E9:34:ED:81,-64,0,0,0,0,0
48207666,NODE_B0CBD8F33218,wormhole_a,4,B4:BF:E9:34:ED:81,-62,0,0,0,0,0
48317659,NODE_B0CBD8F33218,wormhole_a,4,B4:BF:E9:34:ED:81,-62,0,0,0,0,0
48427668,NODE_B0CBD8F33218,wormhole_a,4,B4:BF:E9:34:ED:81,-62,0,0,0,0,0
48527670,NODE_B0CBD8F33218,wormhole_a,4,B4:BF:E9:34:ED:81,-63,0,0,0,0,0
48637658,NODE_B0CBD8F33218,wormhole_a,4,B4:BF:E9:34:ED:81,-63,0,0,0,0,0
48737667,NODE_B0CBD8F33218,wormhole_a,4,B4:BF:E9:34:ED:81,-63,0,0,0,0,0
48847672,NODE_B0CBD8F33218,wormhole_a,4,B4:BF:E9:34:ED:81,-63,0,0,0,0,0
48947654,NODE_B0CBD8F33218,wormhole_a,4,B4:BF:E9:34:ED:81,-63,0,0,0,0,0
49057666,NODE_B0CBD8F33218,wormhole_a,4,B4:BF:E9:34:ED:81,-63,0,0,0,0,0
49157675,NODE_B0CBD8F33218,wormhole_a,4,B4:BF:E9:34:ED:81,-63,0,0,0,0,0
49267661,NODE_B0CBD8F33218,wormhole_a,4,B4:BF:E9:34:ED:81,-63,0,0,0,0,0
49377666,NODE_B0CBD8F33218,wormhole_a,4,B4:BF:E9:34:ED:81,-63,0,0,0,0,0
49487670,NODE_B0CBD8F33218,wormhole_a,4,B4:BF:E9:34:ED:81,-64,0,0,0,0,0
49587654,NODE_B0CBD8F33218,wormhole_a,4,B4:BF:E9:34:ED:81,-64,0,0,0,0,0
49697675,NODE_B0CBD8F33218,wormhole_a,4,B4:BF:E9:34:ED:81,-64,0,0,0,0,0
49797662,NODE_B0CBD8F33218,wormhole_a,4,B4:BF:E9:34:ED:81,-63,0,0,0,0,0
49907662,NODE_B0CBD8F33218,wormhole_a,4,B4:BF:E9:34:ED:81,-63,0,0,0,0,0
50007666,NODE_B0CBD8F33218,wormhole_a,4,B4:BF:E9:34:ED:81,-63,0,0,0,0,0
50117663,NODE_B0CBD8F33218,wormhole_a,4,B4:BF:E9:34:ED:81,-63,0,0,0,0,0
50217658,NODE_B0CBD8F33218,wormhole_a,4,B4:BF:E9:34:ED:81,-63,0,0,0,0,0
50327666,NODE_B0CBD8F33218,wormhole_a,4,B4:BF:E9:34:ED:81,-63,0,0,0,0,0
50437670,NODE_B0CBD8F33218,wormhole_a,4,B4:BF:E9:34:ED:81,-62,0,0,0,0,0
50547658,NODE_B0CBD8F33218,wormhole_a,4,B4:BF:E9:34:ED:81,-62,0,0,0,0,0
50647664,NODE_B0CBD8F33218,wormhole_a,4,B4:BF:E9:34:ED:81,-62,0,0,0,0,0
50757662,NODE_B0CBD8F33218,wormhole_a,4,B4:BF:E9:34:ED:81,-63,0,0,0,0,0
50857654,NODE_B0CBD8F33218,wormhole_a,4,B4:BF:E9:34:ED:81,-63,0,0,0,0,0
50967668,NODE_B0CBD8F33218,wormhole_a,4,B4:BF:E9:34:ED:81,-63,0,0,0,0,0
51067665,NODE_B0CBD8F33218,wormhole_a,4,B4:BF:E9:34:ED:81,-63,0,0,0,0,0
51177680,NODE_B0CBD8F33218,wormhole_a,4,B4:BF:E9:34:ED:81,-63,0,0,0,0,0
51277666,NODE_B0CBD8F33218,wormhole_a,4,B4:BF:E9:34:ED:81,-63,0,0,0,0,0
51387666,NODE_B0CBD8F33218,wormhole_a,4,B4:BF:E9:34:ED:81,-63,0,0,0,0,0
51497667,NODE_B0CBD8F33218,wormhole_a,4,B4:BF:E9:34:ED:81,-63,0,0,0,0,0
51607668,NODE_B0CBD8F33218,wormhole_a,4,B4:BF:E9:34:ED:81,-63,0,0,0,0,0
51707658,NODE_B0CBD8F33218,wormhole_a,4,B4:BF:E9:34:ED:81,-63,0,0,0,0,0
51817674,NODE_B0CBD8F33218,wormhole_a,4,B4:BF:E9:34:ED:81,-63,0,0,0,0,0
51917667,NODE_B0CBD8F33218,wormhole_a,4,B4:BF:E9:34:ED:81,-63,0,0,0,0,0
52027664,NODE_B0CBD8F33218,wormhole_a,4,B4:BF:E9:34:ED:81,-63,0,0,0,0,0
52127876,NODE_B0CBD8F33218,wormhole_a,4,B4:BF:E9:34:ED:81,-63,0,0,0,0,0
52237666,NODE_B0CBD8F33218,wormhole_a,4,B4:BF:E9:34:ED:81,-63,0,0,0,0,0
52337656,NODE_B0CBD8F33218,wormhole_a,4,B4:BF:E9:34:ED:81,-63,0,0,0,0,0
52447676,NODE_B0CBD8F33218,wormhole_a,4,B4:BF:E9:34:ED:81,-63,0,0,0,0,0
52557662,NODE_B0CBD8F33218,wormhole_a,4,B4:BF:E9:34:ED:81,-63,0,0,0,0,0
52667668,NODE_B0CBD8F33218,wormhole_a,4,B4:BF:E9:34:ED:81,-63,0,0,0,0,0
52767668,NODE_B0CBD8F33218,wormhole_a,4,B4:BF:E9:34:ED:81,-63,0,0,0,0,0
52877663,NODE_B0CBD8F33218,wormhole_a,4,B4:BF:E9:34:ED:81,-63,0,0,0,0,0
52977654,NODE_B0CBD8F33218,wormhole_a,4,B4:BF:E9:34:ED:81,-63,0,0,0,0,0
53087674,NODE_B0CBD8F33218,wormhole_a,4,B4:BF:E9:34:ED:81,-63,0,0,0,0,0
53188192,NODE_B0CBD8F33218,wormhole_a,4,B4:BF:E9:34:ED:81,-63,0,0,0,0,0
53297659,NODE_B0CBD8F33218,wormhole_a,4,B4:BF:E9:34:ED:81,-63,0,0,0,0,0
53397666,NODE_B0CBD8F33218,wormhole_a,4,B4:BF:E9:34:ED:81,-63,0,0,0,0,0
53507670,NODE_B0CBD8F33218,wormhole_a,4,B4:BF:E9:34:ED:81,-63,0,0,0,0,0
53617658,NODE_B0CBD8F33218,wormhole_a,4,B4:BF:E9:34:ED:81,-63,0,0,0,0,0
53727662,NODE_B0CBD8F33218,wormhole_a,4,B4:BF:E9:34:ED:81,-63,0,0,0,0,0
53827664,NODE_B0CBD8F33218,wormhole_a,4,B4:BF:E9:34:ED:81,-63,0,0,0,0,0
53937674,NODE_B0CBD8F33218,wormhole_a,4,B4:BF:E9:34:ED:81,-63,0,0,0,0,0
54037662,NODE_B0CBD8F33218,wormhole_a,4,B4:BF:E9:34:ED:81,-63,0,0,0,0,0
54147662,NODE_B0CBD8F33218,wormhole_a,4,B4:BF:E9:34:ED:81,-63,0,0,0,0,0
54247668,NODE_B0CBD8F33218,wormhole_a,4,B4:BF:E9:34:ED:81,-63,0,0,0,0,0
54357666,NODE_B0CBD8F33218,wormhole_a,4,B4:BF:E9:34:ED:81,-63,0,0,0,0,0
54457654,NODE_B0CBD8F33218,wormhole_a,4,B4:BF:E9:34:ED:81,-63,0,0,0,0,0
54567676,NODE_B0CBD8F33218,wormhole_a,4,B4:BF:E9:34:ED:81,-63,0,0,0,0,0
54677667,NODE_B0CBD8F33218,wormhole_a,4,B4:BF:E9:34:ED:81,-63,0,0,0,0,0
54787664,NODE_B0CBD8F33218,wormhole_a,4,B4:BF:E9:34:ED:81,-63,0,0,0,0,0
54887666,NODE_B0CBD8F33218,wormhole_a,4,B4:BF:E9:34:ED:81,-63,0,0,0,0,0
54997662,NODE_B0CBD8F33218,wormhole_a,4,B4:BF:E9:34:ED:81,-63,0,0,0,0,0
55097663,NODE_B0CBD8F33218,wormhole_a,4,B4:BF:E9:34:ED:81,-63,0,0,0,0,0
55207680,NODE_B0CBD8F33218,wormhole_a,4,B4:BF:E9:34:ED:81,-63,0,0,0,0,0
55307662,NODE_B0CBD8F33218,wormhole_a,4,B4:BF:E9:34:ED:81,-63,0,0,0,0,0
55417666,NODE_B0CBD8F33218,wormhole_a,4,B4:BF:E9:34:ED:81,-63,0,0,0,0,0
55517667,NODE_B0CBD8F33218,wormhole_a,4,B4:BF:E9:34:ED:81,-63,0,0,0,0,0
55627668,NODE_B0CBD8F33218,wormhole_a,4,B4:BF:E9:34:ED:81,-63,0,0,0,0,0
55737662,NODE_B0CBD8F33218,wormhole_a,4,B4:BF:E9:34:ED:81,-63,0,0,0,0,0
55847666,NODE_B0CBD8F33218,wormhole_a,4,B4:BF:E9:34:ED:81,-63,0,0,0,0,0
55947662,NODE_B0CBD8F33218,wormhole_a,4,B4:BF:E9:34:ED:81,-63,0,0,0,0,0
56057663,NODE_B0CBD8F33218,wormhole_a,4,B4:BF:E9:34:ED:81,-63,0,0,0,0,0
56157666,NODE_B0CBD8F33218,wormhole_a,4,B4:BF:E9:34:ED:81,-63,0,0,0,0,0
56267668,NODE_B0CBD8F33218,wormhole_a,4,B4:BF:E9:34:ED:81,-63,0,0,0,0,0
56367656,NODE_B0CBD8F33218,wormhole_a,4,B4:BF:E9:34:ED:81,-63,0,0,0,0,0
56477960,NODE_B0CBD8F33218,wormhole_a,4,B4:BF:E9:34:ED:81,-63,0,0,0,0,0
56577666,NODE_B0CBD8F33218,wormhole_a,4,B4:BF:E9:34:ED:81,-63,0,0,0,0,0
56687658,NODE_B0CBD8F33218,wormhole_a,4,B4:BF:E9:34:ED:81,-63,0,0,0,0,0
56797666,NODE_B0CBD8F33218,wormhole_a,4,B4:BF:E9:34:ED:81,-62,0,0,0,0,0
56907662,NODE_B0CBD8F33218,wormhole_a,4,B4:BF:E9:34:ED:81,-62,0,0,0,0,0
57007660,NODE_B0CBD8F33218,wormhole_a,4,B4:BF:E9:34:ED:81,-62,0,0,0,0,0
57117662,NODE_B0CBD8F33218,wormhole_a,4,B4:BF:E9:34:ED:81,-62,0,0,0,0,0
57217662,NODE_B0CBD8F33218,wormhole_a,4,B4:BF:E9:34:ED:81,-62,0,0,0,0,0
57327674,NODE_B0CBD8F33218,wormhole_a,4,B4:BF:E9:34:ED:81,-62,0,0,0,0,0
57427664,NODE_B0CBD8F33218,wormhole_a,4,B4:BF:E9:34:ED:81,-63,0,0,0,0,0
57537662,NODE_B0CBD8F33218,wormhole_a,4,B4:BF:E9:34:ED:81,-63,0,0,0,0,0
57637666,NODE_B0CBD8F33218,wormhole_a,4,B4:BF:E9:34:ED:81,-63,0,0,0,0,0
57747662,NODE_B0CBD8F33218,wormhole_a,4,B4:BF:E9:34:ED:81,-63,0,0,0,0,0
57857663,NODE_B0CBD8F33218,wormhole_a,4,B4:BF:E9:34:ED:81,-63,0,0,0,0,0
57967669,NODE_B0CBD8F33218,wormhole_a,4,B4:BF:E9:34:ED:81,-63,0,0,0,0,0
58067672,NODE_B0CBD8F33218,wormhole_a,4,B4:BF:E9:34:ED:81,-63,0,0,0,0,0
58177654,NODE_B0CBD8F33218,wormhole_a,4,B4:BF:E9:34:ED:81,-63,0,0,0,0,0
58277663,NODE_B0CBD8F33218,wormhole_a,4,B4:BF:E9:34:ED:81,-63,0,0,0,0,0
58387676,NODE_B0CBD8F33218,wormhole_a,4,B4:BF:E9:34:ED:81,-63,0,0,0,0,0
58487654,NODE_B0CBD8F33218,wormhole_a,4,B4:BF:E9:34:ED:81,-63,0,0,0,0,0
58597662,NODE_B0CBD8F33218,wormhole_a,4,B4:BF:E9:34:ED:81,-63,0,0,0,0,0
58697671,NODE_B0CBD8F33218,wormhole_a,4,B4:BF:E9:34:ED:81,-63,0,0,0,0,0
58807743,NODE_B0CBD8F33218,wormhole_a,4,B4:BF:E9:34:ED:81,-63,0,0,0,0,0
58917662,NODE_B0CBD8F33218,wormhole_a,4,B4:BF:E9:34:ED:81,-63,0,0,0,0,0
59027666,NODE_B0CBD8F33218,wormhole_a,4,B4:BF:E9:34:ED:81,-63,0,0,0,0,0
59127836,NODE_B0CBD8F33218,wormhole_a,4,B4:BF:E9:34:ED:81,-63,0,0,0,0,0
59237667,NODE_B0CBD8F33218,wormhole_a,4,B4:BF:E9:34:ED:81,-63,0,0,0,0,0
59337666,NODE_B0CBD8F33218,wormhole_a,4,B4:BF:E9:34:ED:81,-63,0,0,0,0,0
59447693,NODE_B0CBD8F33218,wormhole_a,4,B4:BF:E9:34:ED:81,-63,0,0,0,0,0
59547670,NODE_B0CBD8F33218,wormhole_a,4,B4:BF:E9:34:ED:81,-63,0,0,0,0,0
59657663,NODE_B0CBD8F33218,wormhole_a,4,B4:BF:E9:34:ED:81,-64,0,0,0,0,0
59757658,NODE_B0CBD8F33218,wormhole_a,4,B4:BF:E9:34:ED:81,-64,0,0,0,0,0
59867672,NODE_B0CBD8F33218,wormhole_a,4,B4:BF:E9:34:ED:81,-63,0,0,0,0,0
59977654,NODE_B0CBD8F33218,wormhole_a,4,B4:BF:E9:34:ED:81,-63,0,0,0,0,0
60087662,NODE_B0CBD8F33218,wormhole_a,4,B4:BF:E9:34:ED:81,-63,0,0,0,0,0
60187668,NODE_B0CBD8F33218,wormhole_a,4,B4:BF:E9:34:ED:81,-63,0,0,0,0,0
60297662,NODE_B0CBD8F33218,wormhole_a,4,B4:BF:E9:34:ED:81,-63,0,0,0,0,0
60397662,NODE_B0CBD8F33218,wormhole_a,4,B4:BF:E9:34:ED:81,-63,0,0,0,0,0
60507666,NODE_B0CBD8F33218,wormhole_a,4,B4:BF:E9:34:ED:81,-64,0,0,0,0,0
60607660,NODE_B0CBD8F33218,wormhole_a,4,B4:BF:E9:34:ED:81,-64,0,0,0,0,0
60717662,NODE_B0CBD8F33218,wormhole_a,4,B4:BF:E9:34:ED:81,-64,0,0,0,0,0
60817666,NODE_B0CBD8F33218,wormhole_a,4,B4:BF:E9:34:ED:81,-63,0,0,0,0,0
60927654,NODE_B0CBD8F33218,wormhole_a,4,B4:BF:E9:34:ED:81,-63,0,0,0,0,0
61037663,NODE_B0CBD8F33218,wormhole_a,4,B4:BF:E9:34:ED:81,-63,0,0,0,0,0
61147672,NODE_B0CBD8F33218,wormhole_a,4,B4:BF:E9:34:ED:81,-63,0,0,0,0,0
61247662,NODE_B0CBD8F33218,wormhole_a,4,B4:BF:E9:34:ED:81,-63,0,0,0,0,0
61357666,NODE_B0CBD8F33218,wormhole_a,4,B4:BF:E9:34:ED:81,-63,0,0,0,0,0
61457671,NODE_B0CBD8F33218,wormhole_a,4,B4:BF:E9:34:ED:81,-63,0,0,0,0,0
61567657,NODE_B0CBD8F33218,wormhole_a,4,B4:BF:E9:34:ED:81,-63,0,0,0,0,0
61667668,NODE_B0CBD8F33218,wormhole_a,4,B4:BF:E9:34:ED:81,-63,0,0,0,0,0
61777670,NODE_B0CBD8F33218,wormhole_a,4,B4:BF:E9:34:ED:81,-63,0,0,0,0,0
61877656,NODE_B0CBD8F33218,wormhole_a,4,B4:BF:E9:34:ED:81,-63,0,0,0,0,0
61987668,NODE_B0CBD8F33218,wormhole_a,4,B4:BF:E9:34:ED:81,-63,0,0,0,0,0
62097670,NODE_B0CBD8F33218,wormhole_a,4,B4:BF:E9:34:ED:81,-63,0,0,0,0,0
62207658,NODE_B0CBD8F33218,wormhole_a,4,B4:BF:E9:34:ED:81,-63,0,0,0,0,0
62307666,NODE_B0CBD8F33218,wormhole_a,4,B4:BF:E9:34:ED:81,-63,0,0,0,0,0
62417671,NODE_B0CBD8F33218,wormhole_a,4,B4:BF:E9:34:ED:81,-63,0,0,0,0,0
62517654,NODE_B0CBD8F33218,wormhole_a,4,B4:BF:E9:34:ED:81,-63,0,0,0,0,0
62627666,NODE_B0CBD8F33218,wormhole_a,4,B4:BF:E9:34:ED:81,-63,0,0,0,0,0
62727654,NODE_B0CBD8F33218,wormhole_a,4,B4:BF:E9:34:ED:81,-63,0,0,0,0,0
62837667,NODE_B0CBD8F33218,wormhole_a,4,B4:BF:E9:34:ED:81,-63,0,0,0,0,0
62937670,NODE_B0CBD8F33218,wormhole_a,4,B4:BF:E9:34:ED:81,-63,0,0,0,0,0
63048045,NODE_B0CBD8F33218,wormhole_a,4,B4:BF:E9:34:ED:81,-63,0,0,0,0,0
63157658,NODE_B0CBD8F33218,wormhole_a,4,B4:BF:E9:34:ED:81,-63,0,0,0,0,0
63267672,NODE_B0CBD8F33218,wormhole_a,4,B4:BF:E9:34:ED:81,-63,0,0,0,0,0
63367657,NODE_B0CBD8F33218,wormhole_a,4,B4:BF:E9:34:ED:81,-63,0,0,0,0,0
63477658,NODE_B0CBD8F33218,wormhole_a,4,B4:BF:E9:34:ED:81,-63,0,0,0,0,0
63577662,NODE_B0CBD8F33218,wormhole_a,4,B4:BF:E9:34:ED:81,-63,0,0,0,0,0
63687658,NODE_B0CBD8F33218,wormhole_a,4,B4:BF:E9:34:ED:81,-63,0,0,0,0,0
63787660,NODE_B0CBD8F33218,wormhole_a,4,B4:BF:E9:34:ED:81,-63,0,0,0,0,0
63897662,NODE_B0CBD8F33218,wormhole_a,4,B4:BF:E9:34:ED:81,-63,0,0,0,0,0
63997654,NODE_B0CBD8F33218,wormhole_a,4,B4:BF:E9:34:ED:81,-63,0,0,0,0,0
64107658,NODE_B0CBD8F33218,wormhole_a,4,B4:BF:E9:34:ED:81,-63,0,0,0,0,0
64217667,NODE_B0CBD8F33218,wormhole_a,4,B4:BF:E9:34:ED:81,-63,0,0,0,0,0
64327660,NODE_B0CBD8F33218,wormhole_a,4,B4:BF:E9:34:ED:81,-63,0,0,0,0,0
64427658,NODE_B0CBD8F33218,wormhole_a,4,B4:BF:E9:34:ED:81,-63,0,0,0,0,0
64537662,NODE_B0CBD8F33218,wormhole_a,4,B4:BF:E9:34:ED:81,-64,0,0,0,0,0
64637659,NODE_B0CBD8F33218,wormhole_a,4,B4:BF:E9:34:ED:81,-64,0,0,0,0,0
64747660,NODE_B0CBD8F33218,wormhole_a,4,B4:BF:E9:34:ED:81,-64,0,0,0,0,0
64847662,NODE_B0CBD8F33218,wormhole_a,4,B4:BF:E9:34:ED:81,-64,0,0,0,0,0
64957654,NODE_B0CBD8F33218,wormhole_a,4,B4:BF:E9:34:ED:81,-64,0,0,0,0,0
65057667,NODE_B0CBD8F33218,wormhole_a,4,B4:BF:E9:34:ED:81,-64,0,0,0,0,0
65167677,NODE_B0CBD8F33218,wormhole_a,4,B4:BF:E9:34:ED:81,-64,0,0,0,0,0
65277658,NODE_B0CBD8F33218,wormhole_a,4,B4:BF:E9:34:ED:81,-64,0,0,0,0,0
65387674,NODE_B0CBD8F33218,wormhole_a,4,B4:BF:E9:34:ED:81,-64,0,0,0,0,0
65487662,NODE_B0CBD8F33218,wormhole_a,4,B4:BF:E9:34:ED:81,-63,0,0,0,0,0
65597667,NODE_B0CBD8F33218,wormhole_a,4,B4:BF:E9:34:ED:81,-63,0,0,0,0,0
65697670,NODE_B0CBD8F33218,wormhole_a,4,B4:BF:E9:34:ED:81,-63,0,0,0,0,0
65807658,NODE_B0CBD8F33218,wormhole_a,4,B4:BF:E9:34:ED:81,-63,0,0,0,0,0
65907666,NODE_B0CBD8F33218,wormhole_a,4,B4:BF:E9:34:ED:81,-63,0,0,0,0,0
66017663,NODE_B0CBD8F33218,wormhole_a,4,B4:BF:E9:34:ED:81,-64,0,0,0,0,0
66117654,NODE_B0CBD8F33218,wormhole_a,4,B4:BF:E9:34:ED:81,-64,0,0,0,0,0
66227666,NODE_B0CBD8F33218,wormhole_a,4,B4:BF:E9:34:ED:81,-64,0,0,0,0,0
66337674,NODE_B0CBD8F33218,wormhole_a,4,B4:BF:E9:34:ED:81,-63,0,0,0,0,0
66447654,NODE_B0CBD8F33218,wormhole_a,4,B4:BF:E9:34:ED:81,-63,0,0,0,0,0
66547668,NODE_B0CBD8F33218,wormhole_a,4,B4:BF:E9:34:ED:81,-63,0,0,0,0,0
66657674,NODE_B0CBD8F33218,wormhole_a,4,B4:BF:E9:34:ED:81,-64,0,0,0,0,0
66757654,NODE_B0CBD8F33218,wormhole_a,4,B4:BF:E9:34:ED:81,-64,0,0,0,0,0
66867668,NODE_B0CBD8F33218,wormhole_a,4,B4:BF:E9:34:ED:81,-64,0,0,0,0,0
66967673,NODE_B0CBD8F33218,wormhole_a,4,B4:BF:E9:34:ED:81,-64,0,0,0,0,0
67077662,NODE_B0CBD8F33218,wormhole_a,4,B4:BF:E9:34:ED:81,-64,0,0,0,0,0
67177670,NODE_B0CBD8F33218,wormhole_a,4,B4:BF:E9:34:ED:81,-64,0,0,0,0,0
67287674,NODE_B0CBD8F33218,wormhole_a,4,B4:BF:E9:34:ED:81,-63,0,0,0,0,0
67397659,NODE_B0CBD8F33218,wormhole_a,4,B4:BF:E9:34:ED:81,-63,0,0,0,0,0
67507668,NODE_B0CBD8F33218,wormhole_a,4,B4:BF:E9:34:ED:81,-63,0,0,0,0,0
67607670,NODE_B0CBD8F33218,wormhole_a,4,B4:BF:E9:34:ED:81,-63,0,0,0,0,0
67717666,NODE_B0CBD8F33218,wormhole_a,4,B4:BF:E9:34:ED:81,-63,0,0,0,0,0
67817667,NODE_B0CBD8F33218,wormhole_a,4,B4:BF:E9:34:ED:81,-63,0,0,0,0,0
67927672,NODE_B0CBD8F33218,wormhole_a,4,B4:BF:E9:34:ED:81,-64,0,0,0,0,0
68027654,NODE_B0CBD8F33218,wormhole_a,4,B4:BF:E9:34:ED:81,-64,0,0,0,0,0
68137666,NODE_B0CBD8F33218,wormhole_a,4,B4:BF:E9:34:ED:81,-64,0,0,0,0,0
68237675,NODE_B0CBD8F33218,wormhole_a,4,B4:BF:E9:34:ED:81,-63,0,0,0,0,0
68347660,NODE_B0CBD8F33218,wormhole_a,4,B4:BF:E9:34:ED:81,-63,0,0,0,0,0
68457658,NODE_B0CBD8F33218,wormhole_a,4,B4:BF:E9:34:ED:81,-63,0,0,0,0,0
68567668,NODE_B0CBD8F33218,wormhole_a,4,B4:BF:E9:34:ED:81,-64,0,0,0,0,0
68667664,NODE_B0CBD8F33218,wormhole_a,4,B4:BF:E9:34:ED:81,-64,0,0,0,0,0
68777659,NODE_B0CBD8F33218,wormhole_a,4,B4:BF:E9:34:ED:81,-63,0,0,0,0,0
68877662,NODE_B0CBD8F33218,wormhole_a,4,B4:BF:E9:34:ED:81,-63,0,0,0,0,0
68987975,NODE_B0CBD8F33218,wormhole_a,4,B4:BF:E9:34:ED:81,-63,0,0,0,0,0
69087670,NODE_B0CBD8F33218,wormhole_a,4,B4:BF:E9:34:ED:81,-63,0,0,0,0,0
69198189,NODE_B0CBD8F33218,wormhole_a,4,B4:BF:E9:34:ED:81,-63,0,0,0,0,0
69297658,NODE_B0CBD8F33218,wormhole_a,4,B4:BF:E9:34:ED:81,-63,0,0,0,0,0
69407674,NODE_B0CBD8F33218,wormhole_a,4,B4:BF:E9:34:ED:81,-62,0,0,0,0,0
69517654,NODE_B0CBD8F33218,wormhole_a,4,B4:BF:E9:34:ED:81,-62,0,0,0,0,0
69627658,NODE_B0CBD8F33218,wormhole_a,4,B4:BF:E9:34:ED:81,-62,0,0,0,0,0
69727672,NODE_B0CBD8F33218,wormhole_a,4,B4:BF:E9:34:ED:81,-63,0,0,0,0,0
69837654,NODE_B0CBD8F33218,wormhole_a,4,B4:BF:E9:34:ED:81,-63,0,0,0,0,0
69937666,NODE_B0CBD8F33218,wormhole_a,4,B4:BF:E9:34:ED:81,-63,0,0,0,0,0
70037671,NODE_B0CBD8F33218,wormhole_a,4,B4:BF:E9:34:ED:81,-63,0,0,0,0,0
70137654,NODE_B0CBD8F33218,wormhole_a,4,B4:BF:E9:34:ED:81,-63,0,0,0,0,0
70247666,NODE_B0CBD8F33218,wormhole_a,4,B4:BF:E9:34:ED:81,-63,0,0,0,0,0
70347670,NODE_B0CBD8F33218,wormhole_a,4,B4:BF:E9:34:ED:81,-63,0,0,0,0,0
70447660,NODE_B0CBD8F33218,wormhole_a,4,B4:BF:E9:34:ED:81,-63,0,0,0,0,0
70557666,NODE_B0CBD8F33218,wormhole_a,4,B4:BF:E9:34:ED:81,-63,0,0,0,0,0
70657674,NODE_B0CBD8F33218,wormhole_a,4,B4:BF:E9:34:ED:81,-63,0,0,0,0,0
70757656,NODE_B0CBD8F33218,wormhole_a,4,B4:BF:E9:34:ED:81,-63,0,0,0,0,0
70867669,NODE_B0CBD8F33218,wormhole_a,4,B4:BF:E9:34:ED:81,-63,0,0,0,0,0
70967672,NODE_B0CBD8F33218,wormhole_a,4,B4:BF:E9:34:ED:81,-63,0,0,0,0,0
71067664,NODE_B0CBD8F33218,wormhole_a,4,B4:BF:E9:34:ED:81,-63,0,0,0,0,0
71167673,NODE_B0CBD8F33218,wormhole_a,4,B4:BF:E9:34:ED:81,-63,0,0,0,0,0
71277674,NODE_B0CBD8F33218,wormhole_a,4,B4:BF:E9:34:ED:81,-63,0,0,0,0,0
71377654,NODE_B0CBD8F33218,wormhole_a,4,B4:BF:E9:34:ED:81,-63,0,0,0,0,0
71477667,NODE_B0CBD8F33218,wormhole_a,4,B4:BF:E9:34:ED:81,-63,0,0,0,0,0
71587676,NODE_B0CBD8F33218,wormhole_a,4,B4:BF:E9:34:ED:81,-63,0,0,0,0,0
71687654,NODE_B0CBD8F33218,wormhole_a,4,B4:BF:E9:34:ED:81,-63,0,0,0,0,0
71787666,NODE_B0CBD8F33218,wormhole_a,4,B4:BF:E9:34:ED:81,-63,0,0,0,0,0
71897671,NODE_B0CBD8F33218,wormhole_a,4,B4:BF:E9:34:ED:81,-63,0,0,0,0,0
71997654,NODE_B0CBD8F33218,wormhole_a,4,B4:BF:E9:34:ED:81,-63,0,0,0,0,0
72097666,NODE_B0CBD8F33218,wormhole_a,4,B4:BF:E9:34:ED:81,-63,0,0,0,0,0
72197671,NODE_B0CBD8F33218,wormhole_a,4,B4:BF:E9:34:ED:81,-63,0,0,0,0,0
72297658,NODE_B0CBD8F33218,wormhole_a,4,B4:BF:E9:34:ED:81,-63,0,0,0,0,0
72397666,NODE_B0CBD8F33218,wormhole_a,4,B4:BF:E9:34:ED:81,-63,0,0,0,0,0
72507670,NODE_B0CBD8F33218,wormhole_a,4,B4:BF:E9:34:ED:81,-63,0,0,0,0,0
72607660,NODE_B0CBD8F33218,wormhole_a,4,B4:BF:E9:34:ED:81,-63,0,0,0,0,0
72717666,NODE_B0CBD8F33218,wormhole_a,4,B4:BF:E9:34:ED:81,-63,0,0,0,0,0
72817670,NODE_B0CBD8F33218,wormhole_a,4,B4:BF:E9:34:ED:81,-63,0,0,0,0,0
72917656,NODE_B0CBD8F33218,wormhole_a,4,B4:BF:E9:34:ED:81,-63,0,0,0,0,0
73017869,NODE_B0CBD8F33218,wormhole_a,4,B4:BF:E9:34:ED:81,-63,0,0,0,0,0
73127670,NODE_B0CBD8F33218,wormhole_a,4,B4:BF:E9:34:ED:81,-63,0,0,0,0,0
73227662,NODE_B0CBD8F33218,wormhole_a,4,B4:BF:E9:34:ED:81,-63,0,0,0,0,0
73327668,NODE_B0CBD8F33218,wormhole_a,4,B4:BF:E9:34:ED:81,-63,0,0,0,0,0
73427670,NODE_B0CBD8F33218,wormhole_a,4,B4:BF:E9:34:ED:81,-64,0,0,0,0,0
73537654,NODE_B0CBD8F33218,wormhole_a,4,B4:BF:E9:34:ED:81,-64,0,0,0,0,0
73637667,NODE_B0CBD8F33218,wormhole_a,4,B4:BF:E9:34:ED:81,-64,0,0,0,0,0
73747672,NODE_B0CBD8F33218,wormhole_a,4,B4:BF:E9:34:ED:81,-64,0,0,0,0,0
73847654,NODE_B0CBD8F33218,wormhole_a,4,B4:BF:E9:34:ED:81,-64,0,0,0,0,0
73947666,NODE_B0CBD8F33218,wormhole_a,4,B4:BF:E9:34:ED:81,-64,0,0,0,0,0
74048062,NODE_B0CBD8F33218,wormhole_a,4,B4:BF:E9:34:ED:81,-64,0,0,0,0,0
74157654,NODE_B0CBD8F33218,wormhole_a,4,B4:BF:E9:34:ED:81,-64,0,0,0,0,0
74257666,NODE_B0CBD8F33218,wormhole_a,4,B4:BF:E9:34:ED:81,-64,0,0,0,0,0
74357675,NODE_B0CBD8F33218,wormhole_a,4,B4:BF:E9:34:ED:81,-63,0,0,0,0,0
74457654,NODE_B0CBD8F33218,wormhole_a,4,B4:BF:E9:34:ED:81,-63,0,0,0,0,0
74567668,NODE_B0CBD8F33218,wormhole_a,4,B4:BF:E9:34:ED:81,-63,0,0,0,0,0
74667672,NODE_B0CBD8F33218,wormhole_a,4,B4:BF:E9:34:ED:81,-64,0,0,0,0,0
74777655,NODE_B0CBD8F33218,wormhole_a,4,B4:BF:E9:34:ED:81,-64,0,0,0,0,0
74877666,NODE_B0CBD8F33218,wormhole_a,4,B4:BF:E9:34:ED:81,-64,0,0,0,0,0
74977670,NODE_B0CBD8F33218,wormhole_a,4,B4:BF:E9:34:ED:81,-63,0,0,0,0,0
75077663,NODE_B0CBD8F33218,wormhole_a,4,B4:BF:E9:34:ED:81,-63,0,0,0,0,0
75187672,NODE_B0CBD8F33218,wormhole_a,4,B4:BF:E9:34:ED:81,-63,0,0,0,0,0
75287674,NODE_B0CBD8F33218,wormhole_a,4,B4:BF:E9:34:ED:81,-63,0,0,0,0,0
75387658,NODE_B0CBD8F33218,wormhole_a,4,B4:BF:E9:34:ED:81,-63,0,0,0,0,0
75487668,NODE_B0CBD8F33218,wormhole_a,4,B4:BF:E9:34:ED:81,-63,0,0,0,0,0
75597666,NODE_B0CBD8F33218,wormhole_a,4,B4:BF:E9:34:ED:81,-63,0,0,0,0,0
75697654,NODE_B0CBD8F33218,wormhole_a,4,B4:BF:E9:34:ED:81,-63,0,0,0,0,0
75807666,NODE_B0CBD8F33218,wormhole_a,4,B4:BF:E9:34:ED:81,-63,0,0,0,0,0
75907672,NODE_B0CBD8F33218,wormhole_a,4,B4:BF:E9:34:ED:81,-63,0,0,0,0,0
76007654,NODE_B0CBD8F33218,wormhole_a,4,B4:BF:E9:34:ED:81,-63,0,0,0,0,0
76107666,NODE_B0CBD8F33218,wormhole_a,4,B4:BF:E9:34:ED:81,-63,0,0,0,0,0
76208209,NODE_B0CBD8F33218,wormhole_a,4,B4:BF:E9:34:ED:81,-62,0,0,0,0,0
76307658,NODE_B0CBD8F33218,wormhole_a,4,B4:BF:E9:34:ED:81,-62,0,0,0,0,0
76417666,NODE_B0CBD8F33218,wormhole_a,4,B4:BF:E9:34:ED:81,-62,0,0,0,0,0
76517671,NODE_B0CBD8F33218,wormhole_a,4,B4:BF:E9:34:ED:81,-63,0,0,0,0,0
76617654,NODE_B0CBD8F33218,wormhole_a,4,B4:BF:E9:34:ED:81,-63,0,0,0,0,0
76727666,NODE_B0CBD8F33218,wormhole_a,4,B4:BF:E9:34:ED:81,-63,0,0,0,0,0
76827670,NODE_B0CBD8F33218,wormhole_a,4,B4:BF:E9:34:ED:81,-63,0,0,0,0,0
76927656,NODE_B0CBD8F33218,wormhole_a,4,B4:BF:E9:34:ED:81,-63,0,0,0,0,0
77037666,NODE_B0CBD8F33218,wormhole_a,4,B4:BF:E9:34:ED:81,-63,0,0,0,0,0
77137670,NODE_B0CBD8F33218,wormhole_a,4,B4:BF:E9:34:ED:81,-63,0,0,0,0,0
77237663,NODE_B0CBD8F33218,wormhole_a,4,B4:BF:E9:34:ED:81,-63,0,0,0,0,0
77337666,NODE_B0CBD8F33218,wormhole_a,4,B4:BF:E9:34:ED:81,-63,0,0,0,0,0
77447670,NODE_B0CBD8F33218,wormhole_a,4,B4:BF:E9:34:ED:81,-63,0,0,0,0,0
77548551,NODE_B0CBD8F33218,wormhole_a,4,B4:BF:E9:34:ED:81,-63,0,0,0,0,0
77647668,NODE_B0CBD8F33218,wormhole_a,4,B4:BF:E9:34:ED:81,-63,0,0,0,0,0
77757670,NODE_B0CBD8F33218,wormhole_a,4,B4:BF:E9:34:ED:81,-63,0,0,0,0,0
77857654,NODE_B0CBD8F33218,wormhole_a,4,B4:BF:E9:34:ED:81,-63,0,0,0,0,0
77957667,NODE_B0CBD8F33218,wormhole_a,4,B4:BF:E9:34:ED:81,-63,0,0,0,0,0
78067673,NODE_B0CBD8F33218,wormhole_a,4,B4:BF:E9:34:ED:81,-63,0,0,0,0,0
78167656,NODE_B0CBD8F33218,wormhole_a,4,B4:BF:E9:34:ED:81,-63,0,0,0,0,0
78267668,NODE_B0CBD8F33218,wormhole_a,4,B4:BF:E9:34:ED:81,-63,0,0,0,0,0
78367673,NODE_B0CBD8F33218,wormhole_a,4,B4:BF:E9:34:ED:81,-63,0,0,0,0,0
78477658,NODE_B0CBD8F33218,wormhole_a,4,B4:BF:E9:34:ED:81,-63,0,0,0,0,0
78577666,NODE_B0CBD8F33218,wormhole_a,4,B4:BF:E9:34:ED:81,-63,0,0,0,0,0
78677675,NODE_B0CBD8F33218,wormhole_a,4,B4:BF:E9:34:ED:81,-62,0,0,0,0,0
78787656,NODE_B0CBD8F33218,wormhole_a,4,B4:BF:E9:34:ED:81,-62,0,0,0,0,0
78887666,NODE_B0CBD8F33218,wormhole_a,4,B4:BF:E9:34:ED:81,-62,0,0,0,0,0
78987670,NODE_B0CBD8F33218,wormhole_a,4,B4:BF:E9:34:ED:81,-63,0,0,0,0,0
79097663,NODE_B0CBD8F33218,wormhole_a,4,B4:BF:E9:34:ED:81,-63,0,0,0,0,0
79197670,NODE_B0CBD8F33218,wormhole_a,4,B4:BF:E9:34:ED:81,-63,0,0,0,0,0
79297674,NODE_B0CBD8F33218,wormhole_a,4,B4:BF:E9:34:ED:81,-64,0,0,0,0,0
79397656,NODE_B0CBD8F33218,wormhole_a,4,B4:BF:E9:34:ED:81,-64,0,0,0,0,0
79507668,NODE_B0CBD8F33218,wormhole_a,4,B4:BF:E9:34:ED:81,-64,0,0,0,0,0
79607670,NODE_B0CBD8F33218,wormhole_a,4,B4:BF:E9:34:ED:81,-63,0,0,0,0,0
79707658,NODE_B0CBD8F33218,wormhole_a,4,B4:BF:E9:34:ED:81,-63,0,0,0,0,0
79817667,NODE_B0CBD8F33218,wormhole_a,4,B4:BF:E9:34:ED:81,-63,0,0,0,0,0
79917670,NODE_B0CBD8F33218,wormhole_a,4,B4:BF:E9:34:ED:81,-64,0,0,0,0,0
80017654,NODE_B0CBD8F33218,wormhole_a,4,B4:BF:E9:34:ED:81,-64,0,0,0,0,0
80127666,NODE_B0CBD8F33218,wormhole_a,4,B4:BF:E9:34:ED:81,-64,0,0,0,0,0
80227676,NODE_B0CBD8F33218,wormhole_a,4,B4:BF:E9:34:ED:81,-62,0,0,0,0,0
80327658,NODE_B0CBD8F33218,wormhole_a,4,B4:BF:E9:34:ED:81,-62,0,0,0,0,0
80427666,NODE_B0CBD8F33218,wormhole_a,4,B4:BF:E9:34:ED:81,-62,0,0,0,0,0
80527672,NODE_B0CBD8F33218,wormhole_a,4,B4:BF:E9:34:ED:81,-63,0,0,0,0,0
80627658,NODE_B0CBD8F33218,wormhole_a,4,B4:BF:E9:34:ED:81,-63,0,0,0,0,0
80737666,NODE_B0CBD8F33218,wormhole_a,4,B4:BF:E9:34:ED:81,-63,0,0,0,0,0
80837671,NODE_B0CBD8F33218,wormhole_a,4,B4:BF:E9:34:ED:81,-62,0,0,0,0,0
80947656,NODE_B0CBD8F33218,wormhole_a,4,B4:BF:E9:34:ED:81,-62,0,0,0,0,0
81048061,NODE_B0CBD8F33218,wormhole_a,4,B4:BF:E9:34:ED:81,-62,0,0,0,0,0
81147670,NODE_B0CBD8F33218,wormhole_a,4,B4:BF:E9:34:ED:81,-62,0,0,0,0,0
81247664,NODE_B0CBD8F33218,wormhole_a,4,B4:BF:E9:34:ED:81,-62,0,0,0,0,0
81357666,NODE_B0CBD8F33218,wormhole_a,4,B4:BF:E9:34:ED:81,-62,0,0,0,0,0
81457670,NODE_B0CBD8F33218,wormhole_a,4,B4:BF:E9:34:ED:81,-63,0,0,0,0,0
81557656,NODE_B0CBD8F33218,wormhole_a,4,B4:BF:E9:34:ED:81,-63,0,0,0,0,0
81657666,NODE_B0CBD8F33218,wormhole_a,4,B4:BF:E9:34:ED:81,-63,0,0,0,0,0
81767664,NODE_B0CBD8F33218,wormhole_a,4,B4:BF:E9:34:ED:81,-63,0,0,0,0,0
81867656,NODE_B0CBD8F33218,wormhole_a,4,B4:BF:E9:34:ED:81,-63,0,0,0,0,0
81977906,NODE_B0CBD8F33218,wormhole_a,4,B4:BF:E9:34:ED:81,-63,0,0,0,0,0
82077662,NODE_B0CBD8F33218,wormhole_a,4,B4:BF:E9:34:ED:81,-64,0,0,0,0,0
82177654,NODE_B0CBD8F33218,wormhole_a,4,B4:BF:E9:34:ED:81,-64,0,0,0,0,0
82277667,NODE_B0CBD8F33218,wormhole_a,4,B4:BF:E9:34:ED:81,-64,0,0,0,0,0
82387676,NODE_B0CBD8F33218,wormhole_a,4,B4:BF:E9:34:ED:81,-61,0,0,0,0,0
82487654,NODE_B0CBD8F33218,wormhole_a,4,B4:BF:E9:34:ED:81,-61,0,0,0,0,0
82587666,NODE_B0CBD8F33218,wormhole_a,4,B4:BF:E9:34:ED:81,-61,0,0,0,0,0
82687676,NODE_B0CBD8F33218,wormhole_a,4,B4:BF:E9:34:ED:81,-62,0,0,0,0,0
82797654,NODE_B0CBD8F33218,wormhole_a,4,B4:BF:E9:34:ED:81,-62,0,0,0,0,0
82897674,NODE_B0CBD8F33218,wormhole_a,4,B4:BF:E9:34:ED:81,-62,0,0,0,0,0
83007654,NODE_B0CBD8F33218,wormhole_a,4,B4:BF:E9:34:ED:81,-62,0,0,0,0,0
83107668,NODE_B0CBD8F33218,wormhole_a,4,B4:BF:E9:34:ED:81,-62,0,0,0,0,0
83207678,NODE_B0CBD8F33218,wormhole_a,4,B4:BF:E9:34:ED:81,-62,0,0,0,0,0
83307666,NODE_B0CBD8F33218,wormhole_a,4,B4:BF:E9:34:ED:81,-63,0,0,0,0,0
83407660,NODE_B0CBD8F33218,wormhole_a,4,B4:BF:E9:34:ED:81,-63,0,0,0,0,0
83507666,NODE_B0CBD8F33218,wormhole_a,4,B4:BF:E9:34:ED:81,-63,0,0,0,0,0
83617674,NODE_B0CBD8F33218,wormhole_a,4,B4:BF:E9:34:ED:81,-63,0,0,0,0,0
83717656,NODE_B0CBD8F33218,wormhole_a,4,B4:BF:E9:34:ED:81,-63,0,0,0,0,0
83817666,NODE_B0CBD8F33218,wormhole_a,4,B4:BF:E9:34:ED:81,-63,0,0,0,0,0
83927662,NODE_B0CBD8F33218,wormhole_a,4,B4:BF:E9:34:ED:81,-63,0,0,0,0,0
84037666,NODE_B0CBD8F33218,wormhole_a,4,B4:BF:E9:34:ED:81,-63,0,0,0,0,0
84137671,NODE_B0CBD8F33218,wormhole_a,4,B4:BF:E9:34:ED:81,-63,0,0,0,0,0
84237666,NODE_B0CBD8F33218,wormhole_a,4,B4:BF:E9:34:ED:81,-63,0,0,0,0,0
84337658,NODE_B0CBD8F33218,wormhole_a,4,B4:BF:E9:34:ED:81,-63,0,0,0,0,0
84437675,NODE_B0CBD8F33218,wormhole_a,4,B4:BF:E9:34:ED:81,-63,0,0,0,0,0
84537882,NODE_B0CBD8F33218,wormhole_a,4,B4:BF:E9:34:ED:81,-64,0,0,0,0,0
84647658,NODE_B0CBD8F33218,wormhole_a,4,B4:BF:E9:34:ED:81,-64,0,0,0,0,0
84747670,NODE_B0CBD8F33218,wormhole_a,4,B4:BF:E9:34:ED:81,-63,0,0,0,0,0
84847664,NODE_B0CBD8F33218,wormhole_a,4,B4:BF:E9:34:ED:81,-63,0,0,0,0,0
84957658,NODE_B0CBD8F33218,wormhole_a,4,B4:BF:E9:34:ED:81,-63,0,0,0,0,0
85057670,NODE_B0CBD8F33218,wormhole_a,4,B4:BF:E9:34:ED:81,-63,0,0,0,0,0
85157667,NODE_B0CBD8F33218,wormhole_a,4,B4:BF:E9:34:ED:81,-63,0,0,0,0,0
85267661,NODE_B0CBD8F33218,wormhole_a,4,B4:BF:E9:34:ED:81,-63,0,0,0,0,0
85367676,NODE_B0CBD8F33218,wormhole_a,4,B4:BF:E9:34:ED:81,-63,0,0,0,0,0
85467664,NODE_B0CBD8F33218,wormhole_a,4,B4:BF:E9:34:ED:81,-63,0,0,0,0,0
85567661,NODE_B0CBD8F33218,wormhole_a,4,B4:BF:E9:34:ED:81,-63,0,0,0,0,0
85677674,NODE_B0CBD8F33218,wormhole_a,4,B4:BF:E9:34:ED:81,-63,0,0,0,0,0
85777654,NODE_B0CBD8F33218,wormhole_a,4,B4:BF:E9:34:ED:81,-63,0,0,0,0,0
85877659,NODE_B0CBD8F33218,wormhole_a,4,B4:BF:E9:34:ED:81,-63,0,0,0,0,0
85987672,NODE_B0CBD8F33218,wormhole_a,4,B4:BF:E9:34:ED:81,-63,0,0,0,0,0
86087654,NODE_B0CBD8F33218,wormhole_a,4,B4:BF:E9:34:ED:81,-63,0,0,0,0,0
86187658,NODE_B0CBD8F33218,wormhole_a,4,B4:BF:E9:34:ED:81,-63,0,0,0,0,0
86297675,NODE_B0CBD8F33218,wormhole_a,4,B4:BF:E9:34:ED:81,-64,0,0,0,0,0
86397654,NODE_B0CBD8F33218,wormhole_a,4,B4:BF:E9:34:ED:81,-64,0,0,0,0,0
86498061,NODE_B0CBD8F33218,wormhole_a,4,B4:BF:E9:34:ED:81,-64,0,0,0,0,0
86597675,NODE_B0CBD8F33218,wormhole_a,4,B4:BF:E9:34:ED:81,-63,0,0,0,0,0
86707664,NODE_B0CBD8F33218,wormhole_a,4,B4:BF:E9:34:ED:81,-63,0,0,0,0,0
86807666,NODE_B0CBD8F33218,wormhole_a,4,B4:BF:E9:34:ED:81,-63,0,0,0,0,0
86907670,NODE_B0CBD8F33218,wormhole_a,4,B4:BF:E9:34:ED:81,-64,0,0,0,0,0
87017656,NODE_B0CBD8F33218,wormhole_a,4,B4:BF:E9:34:ED:81,-64,0,0,0,0,0
87117666,NODE_B0CBD8F33218,wormhole_a,4,B4:BF:E9:34:ED:81,-64,0,0,0,0,0
87218208,NODE_B0CBD8F33218,wormhole_a,4,B4:BF:E9:34:ED:81,-63,0,0,0,0,0
87327658,NODE_B0CBD8F33218,wormhole_a,4,B4:BF:E9:34:ED:81,-63,0,0,0,0,0
87427668,NODE_B0CBD8F33218,wormhole_a,4,B4:BF:E9:34:ED:81,-63,0,0,0,0,0
87527670,NODE_B0CBD8F33218,wormhole_a,4,B4:BF:E9:34:ED:81,-63,0,0,0,0,0
87627658,NODE_B0CBD8F33218,wormhole_a,4,B4:BF:E9:34:ED:81,-63,0,0,0,0,0
87727660,NODE_B0CBD8F33218,wormhole_a,4,B4:BF:E9:34:ED:81,-63,0,0,0,0,0
87827670,NODE_B0CBD8F33218,wormhole_a,4,B4:BF:E9:34:ED:81,-63,0,0,0,0,0
87937654,NODE_B0CBD8F33218,wormhole_a,4,B4:BF:E9:34:ED:81,-63,0,0,0,0,0
88037667,NODE_B0CBD8F33218,wormhole_a,4,B4:BF:E9:34:ED:81,-63,0,0,0,0,0
88147672,NODE_B0CBD8F33218,wormhole_a,4,B4:BF:E9:34:ED:81,-63,0,0,0,0,0
88247658,NODE_B0CBD8F33218,wormhole_a,4,B4:BF:E9:34:ED:81,-63,0,0,0,0,0
88347666,NODE_B0CBD8F33218,wormhole_a,4,B4:BF:E9:34:ED:81,-63,0,0,0,0,0
88447672,NODE_B0CBD8F33218,wormhole_a,4,B4:BF:E9:34:ED:81,-63,0,0,0,0,0
88557654,NODE_B0CBD8F33218,wormhole_a,4,B4:BF:E9:34:ED:81,-63,0,0,0,0,0
88657666,NODE_B0CBD8F33218,wormhole_a,4,B4:BF:E9:34:ED:81,-63,0,0,0,0,0
88757671,NODE_B0CBD8F33218,wormhole_a,4,B4:BF:E9:34:ED:81,-63,0,0,0,0,0
88857654,NODE_B0CBD8F33218,wormhole_a,4,B4:BF:E9:34:ED:81,-63,0,0,0,0,0
88967668,NODE_B0CBD8F33218,wormhole_a,4,B4:BF:E9:34:ED:81,-63,0,0,0,0,0
89067672,NODE_B0CBD8F33218,wormhole_a,4,B4:BF:E9:34:ED:81,-63,0,0,0,0,0
89177659,NODE_B0CBD8F33218,wormhole_a,4,B4:BF:E9:34:ED:81,-63,0,0,0,0,0
89277666,NODE_B0CBD8F33218,wormhole_a,4,B4:BF:E9:34:ED:81,-63,0,0,0,0,0
89377674,NODE_B0CBD8F33218,wormhole_a,4,B4:BF:E9:34:ED:81,-63,0,0,0,0,0
89477656,NODE_B0CBD8F33218,wormhole_a,4,B4:BF:E9:34:ED:81,-63,0,0,0,0,0
89587668,NODE_B0CBD8F33218,wormhole_a,4,B4:BF:E9:34:ED:81,-63,0,0,0,0,0
89687670,NODE_B0CBD8F33218,wormhole_a,4,B4:BF:E9:34:ED:81,-63,0,0,0,0,0
89787654,NODE_B0CBD8F33218,wormhole_a,4,B4:BF:E9:34:ED:81,-63,0,0,0,0,0
89887668,NODE_B0CBD8F33218,wormhole_a,4,B4:BF:E9:34:ED:81,-63,0,0,0,0,0
89997670,NODE_B0CBD8F33218,wormhole_a,4,B4:BF:E9:34:ED:81,-62,0,0,0,0,0
90097654,NODE_B0CBD8F33218,wormhole_a,4,B4:BF:E9:34:ED:81,-62,0,0,0,0,0
90207666,NODE_B0CBD8F33218,wormhole_a,4,B4:BF:E9:34:ED:81,-62,0,0,0,0,0
90307676,NODE_B0CBD8F33218,wormhole_a,4,B4:BF:E9:34:ED:81,-63,0,0,0,0,0
90407658,NODE_B0CBD8F33218,wormhole_a,4,B4:BF:E9:34:ED:81,-63,0,0,0,0,0
90507666,NODE_B0CBD8F33218,wormhole_a,4,B4:BF:E9:34:ED:81,-63,0,0,0,0,0
90617675,NODE_B0CBD8F33218,wormhole_a,4,B4:BF:E9:34:ED:81,-63,0,0,0,0,0
90717654,NODE_B0CBD8F33218,wormhole_a,4,B4:BF:E9:34:ED:81,-63,0,0,0,0,0
90817666,NODE_B0CBD8F33218,wormhole_a,4,B4:BF:E9:34:ED:81,-63,0,0,0,0,0
90917671,NODE_B0CBD8F33218,wormhole_a,4,B4:BF:E9:34:ED:81,-63,0,0,0,0,0
91027656,NODE_B0CBD8F33218,wormhole_a,4,B4:BF:E9:34:ED:81,-63,0,0,0,0,0
91127666,NODE_B0CBD8F33218,wormhole_a,4,B4:BF:E9:34:ED:81,-63,0,0,0,0,0
91237678,NODE_B0CBD8F33218,wormhole_a,4,B4:BF:E9:34:ED:81,-63,0,0,0,0,0
91337656,NODE_B0CBD8F33218,wormhole_a,4,B4:BF:E9:34:ED:81,-63,0,0,0,0,0
91437666,NODE_B0CBD8F33218,wormhole_a,4,B4:BF:E9:34:ED:81,-63,0,0,0,0,0
91537670,NODE_B0CBD8F33218,wormhole_a,4,B4:BF:E9:34:ED:81,-63,0,0,0,0,0
91637656,NODE_B0CBD8F33218,wormhole_a,4,B4:BF:E9:34:ED:81,-63,0,0,0,0,0
91737666,NODE_B0CBD8F33218,wormhole_a,4,B4:BF:E9:34:ED:81,-63,0,0,0,0,0
91847670,NODE_B0CBD8F33218,wormhole_a,4,B4:BF:E9:34:ED:81,-63,0,0,0,0,0
91947654,NODE_B0CBD8F33218,wormhole_a,4,B4:BF:E9:34:ED:81,-63,0,0,0,0,0
92048058,NODE_B0CBD8F33218,wormhole_a,4,B4:BF:E9:34:ED:81,-63,0,0,0,0,0
92157670,NODE_B0CBD8F33218,wormhole_a,4,B4:BF:E9:34:ED:81,-63,0,0,0,0,0
92257658,NODE_B0CBD8F33218,wormhole_a,4,B4:BF:E9:34:ED:81,-63,0,0,0,0,0
92357667,NODE_B0CBD8F33218,wormhole_a,4,B4:BF:E9:34:ED:81,-63,0,0,0,0,0
92467673,NODE_B0CBD8F33218,wormhole_a,4,B4:BF:E9:34:ED:81,-63,0,0,0,0,0
92567660,NODE_B0CBD8F33218,wormhole_a,4,B4:BF:E9:34:ED:81,-63,0,0,0,0,0
92667672,NODE_B0CBD8F33218,wormhole_a,4,B4:BF:E9:34:ED:81,-63,0,0,0,0,0
92767669,NODE_B0CBD8F33218,wormhole_a,4,B4:BF:E9:34:ED:81,-63,0,0,0,0,0
92877658,NODE_B0CBD8F33218,wormhole_a,4,B4:BF:E9:34:ED:81,-63,0,0,0,0,0
92977666,NODE_B0CBD8F33218,wormhole_a,4,B4:BF:E9:34:ED:81,-63,0,0,0,0,0
93077667,NODE_B0CBD8F33218,wormhole_a,4,B4:BF:E9:34:ED:81,-63,0,0,0,0,0
93187664,NODE_B0CBD8F33218,wormhole_a,4,B4:BF:E9:34:ED:81,-63,0,0,0,0,0
93287666,NODE_B0CBD8F33218,wormhole_a,4,B4:BF:E9:34:ED:81,-63,0,0,0,0,0
93387670,NODE_B0CBD8F33218,wormhole_a,4,B4:BF:E9:34:ED:81,-63,0,0,0,0,0
93497659,NODE_B0CBD8F33218,wormhole_a,4,B4:BF:E9:34:ED:81,-63,0,0,0,0,0
93597666,NODE_B0CBD8F33218,wormhole_a,4,B4:BF:E9:34:ED:81,-63,0,0,0,0,0
93697670,NODE_B0CBD8F33218,wormhole_a,4,B4:BF:E9:34:ED:81,-62,0,0,0,0,0
93797656,NODE_B0CBD8F33218,wormhole_a,4,B4:BF:E9:34:ED:81,-62,0,0,0,0,0
93907818,NODE_B0CBD8F33218,wormhole_a,4,B4:BF:E9:34:ED:81,-62,0,0,0,0,0
94007666,NODE_B0CBD8F33218,wormhole_a,4,B4:BF:E9:34:ED:81,-63,0,0,0,0,0
94107658,NODE_B0CBD8F33218,wormhole_a,4,B4:BF:E9:34:ED:81,-63,0,0,0,0,0
94217667,NODE_B0CBD8F33218,wormhole_a,4,B4:BF:E9:34:ED:81,-63,0,0,0,0,0
94317751,NODE_B0CBD8F33218,wormhole_a,4,B4:BF:E9:34:ED:81,-62,0,0,0,0,0
94417654,NODE_B0CBD8F33218,wormhole_a,4,B4:BF:E9:34:ED:81,-62,0,0,0,0,0
94527670,NODE_B0CBD8F33218,wormhole_a,4,B4:BF:E9:34:ED:81,-62,0,0,0,0,0
94627668,NODE_B0CBD8F33218,wormhole_a,4,B4:BF:E9:34:ED:81,-63,0,0,0,0,0
94727666,NODE_B0CBD8F33218,wormhole_a,4,B4:BF:E9:34:ED:81,-63,0,0,0,0,0
94827666,NODE_B0CBD8F33218,wormhole_a,4,B4:BF:E9:34:ED:81,-63,0,0,0,0,0
94937671,NODE_B0CBD8F33218,wormhole_a,4,B4:BF:E9:34:ED:81,-63,0,0,0,0,0
95037654,NODE_B0CBD8F33218,wormhole_a,4,B4:BF:E9:34:ED:81,-63,0,0,0,0,0
95137666,NODE_B0CBD8F33218,wormhole_a,4,B4:BF:E9:34:ED:81,-63,0,0,0,0,0
95247678,NODE_B0CBD8F33218,wormhole_a,4,B4:BF:E9:34:ED:81,-63,0,0,0,0,0
95347660,NODE_B0CBD8F33218,wormhole_a,4,B4:BF:E9:34:ED:81,-63,0,0,0,0,0
95447666,NODE_B0CBD8F33218,wormhole_a,4,B4:BF:E9:34:ED:81,-63,0,0,0,0,0
95557796,NODE_B0CBD8F33218,wormhole_a,4,B4:BF:E9:34:ED:81,-63,0,0,0,0,0
95657655,NODE_B0CBD8F33218,wormhole_a,4,B4:BF:E9:34:ED:81,-63,0,0,0,0,0
95757666,NODE_B0CBD8F33218,wormhole_a,4,B4:BF:E9:34:ED:81,-63,0,0,0,0,0
95857670,NODE_B0CBD8F33218,wormhole_a,4,B4:BF:E9:34:ED:81,-63,0,0,0,0,0
95957656,NODE_B0CBD8F33218,wormhole_a,4,B4:BF:E9:34:ED:81,-63,0,0,0,0,0
96057666,NODE_B0CBD8F33218,wormhole_a,4,B4:BF:E9:34:ED:81,-63,0,0,0,0,0
96167672,NODE_B0CBD8F33218,wormhole_a,4,B4:BF:E9:34:ED:81,-63,0,0,0,0,0
96267660,NODE_B0CBD8F33218,wormhole_a,4,B4:BF:E9:34:ED:81,-63,0,0,0,0,0
96377667,NODE_B0CBD8F33218,wormhole_a,4,B4:BF:E9:34:ED:81,-63,0,0,0,0,0
96477670,NODE_B0CBD8F33218,wormhole_a,4,B4:BF:E9:34:ED:81,-63,0,0,0,0,0
96577654,NODE_B0CBD8F33218,wormhole_a,4,B4:BF:E9:34:ED:81,-63,0,0,0,0,0
96677667,NODE_B0CBD8F33218,wormhole_a,4,B4:BF:E9:34:ED:81,-63,0,0,0,0,0
96787672,NODE_B0CBD8F33218,wormhole_a,4,B4:BF:E9:34:ED:81,-63,0,0,0,0,0
96887654,NODE_B0CBD8F33218,wormhole_a,4,B4:BF:E9:34:ED:81,-63,0,0,0,0,0
96987666,NODE_B0CBD8F33218,wormhole_a,4,B4:BF:E9:34:ED:81,-63,0,0,0,0,0
97087672,NODE_B0CBD8F33218,wormhole_a,4,B4:BF:E9:34:ED:81,-63,0,0,0,0,0
97197658,NODE_B0CBD8F33218,wormhole_a,4,B4:BF:E9:34:ED:81,-63,0,0,0,0,0
97297666,NODE_B0CBD8F33218,wormhole_a,4,B4:BF:E9:34:ED:81,-63,0,0,0,0,0
97407674,NODE_B0CBD8F33218,wormhole_a,4,B4:BF:E9:34:ED:81,-62,0,0,0,0,0
97507656,NODE_B0CBD8F33218,wormhole_a,4,B4:BF:E9:34:ED:81,-62,0,0,0,0,0
97607666,NODE_B0CBD8F33218,wormhole_a,4,B4:BF:E9:34:ED:81,-62,0,0,0,0,0
97707674,NODE_B0CBD8F33218,wormhole_a,4,B4:BF:E9:34:ED:81,-63,0,0,0,0,0
97817656,NODE_B0CBD8F33218,wormhole_a,4,B4:BF:E9:34:ED:81,-63,0,0,0,0,0
97917666,NODE_B0CBD8F33218,wormhole_a,4,B4:BF:E9:34:ED:81,-63,0,0,0,0,0
98017670,NODE_B0CBD8F33218,wormhole_a,4,B4:BF:E9:34:ED:81,-63,0,0,0,0,0
98117656,NODE_B0CBD8F33218,wormhole_a,4,B4:BF:E9:34:ED:81,-63,0,0,0,0,0
98228194,NODE_B0CBD8F33218,wormhole_a,4,B4:BF:E9:34:ED:81,-63,0,0,0,0,0
98327666,NODE_B0CBD8F33218,wormhole_a,4,B4:BF:E9:34:ED:81,-62,0,0,0,0,0
98437654,NODE_B0CBD8F33218,wormhole_a,4,B4:BF:E9:34:ED:81,-62,0,0,0,0,0
98537667,NODE_B0CBD8F33218,wormhole_a,4,B4:BF:E9:34:ED:81,-62,0,0,0,0,0
98637674,NODE_B0CBD8F33218,wormhole_a,4,B4:BF:E9:34:ED:81,-63,0,0,0,0,0
98737654,NODE_B0CBD8F33218,wormhole_a,4,B4:BF:E9:34:ED:81,-63,0,0,0,0,0
98837667,NODE_B0CBD8F33218,wormhole_a,4,B4:BF:E9:34:ED:81,-63,0,0,0,0,0
98937670,NODE_B0CBD8F33218,wormhole_a,4,B4:BF:E9:34:ED:81,-63,0,0,0,0,0
99048045,NODE_B0CBD8F33218,wormhole_a,4,B4:BF:E9:34:ED:81,-63,0,0,0,0,0
99147666,NODE_B0CBD8F33218,wormhole_a,4,B4:BF:E9:34:ED:81,-63,0,0,0,0,0
99257679,NODE_B0CBD8F33218,wormhole_a,4,B4:BF:E9:34:ED:81,-63,0,0,0,0,0
99357658,NODE_B0CBD8F33218,wormhole_a,4,B4:BF:E9:34:ED:81,-63,0,0,0,0,0
99467668,NODE_B0CBD8F33218,wormhole_a,4,B4:BF:E9:34:ED:81,-63,0,0,0,0,0
99567672,NODE_B0CBD8F33218,wormhole_a,4,B4:BF:E9:34:ED:81,-58,0,0,0,0,0
99667661,NODE_B0CBD8F33218,wormhole_a,4,B4:BF:E9:34:ED:81,-58,0,0,0,0,0
99767699,NODE_B0CBD8F33218,wormhole_a,4,B4:BF:E9:34:ED:81,-58,0,0,0,0,0
99867672,NODE_B0CBD8F33218,wormhole_a,4,B4:BF:E9:34:ED:81,-63,0,0,0,0,0
99967657,NODE_B0CBD8F33218,wormhole_a,4,B4:BF:E9:34:ED:81,-63,0,0,0,0,0
100077666,NODE_B0CBD8F33218,wormhole_a,4,B4:BF:E9:34:ED:81,-63,0,0,0,0,0
100177670,NODE_B0CBD8F33218,wormhole_a,4,B4:BF:E9:34:ED:81,-62,0,0,0,0,0
100277659,NODE_B0CBD8F33218,wormhole_a,4,B4:BF:E9:34:ED:81,-62,0,0,0,0,0
100387668,NODE_B0CBD8F33218,wormhole_a,4,B4:BF:E9:34:ED:81,-62,0,0,0,0,0
100487670,NODE_B0CBD8F33218,wormhole_a,4,B4:BF:E9:34:ED:81,-62,0,0,0,0,0
100587654,NODE_B0CBD8F33218,wormhole_a,4,B4:BF:E9:34:ED:81,-62,0,0,0,0,0
100697659,NODE_B0CBD8F33218,wormhole_a,4,B4:BF:E9:34:ED:81,-62,0,0,0,0,0
100797670,NODE_B0CBD8F33218,wormhole_a,4,B4:BF:E9:34:ED:81,-62,0,0,0,0,0
100897654,NODE_B0CBD8F33218,wormhole_a,4,B4:BF:E9:34:ED:81,-62,0,0,0,0,0
100997667,NODE_B0CBD8F33218,wormhole_a,4,B4:BF:E9:34:ED:81,-62,0,0,0,0,0
101107672,NODE_B0CBD8F33218,wormhole_a,4,B4:BF:E9:34:ED:81,-63,0,0,0,0,0
101207658,NODE_B0CBD8F33218,wormhole_a,4,B4:BF:E9:34:ED:81,-63,0,0,0,0,0
101307666,NODE_B0CBD8F33218,wormhole_a,4,B4:BF:E9:34:ED:81,-63,0,0,0,0,0
101417675,NODE_B0CBD8F33218,wormhole_a,4,B4:BF:E9:34:ED:81,-62,0,0,0,0,0
101517654,NODE_B0CBD8F33218,wormhole_a,4,B4:BF:E9:34:ED:81,-62,0,0,0,0,0
101617674,NODE_B0CBD8F33218,wormhole_a,4,B4:BF:E9:34:ED:81,-62,0,0,0,0,0
101727670,NODE_B0CBD8F33218,wormhole_a,4,B4:BF:E9:34:ED:81,-63,0,0,0,0,0
101827656,NODE_B0CBD8F33218,wormhole_a,4,B4:BF:E9:34:ED:81,-63,0,0,0,0,0
101927666,NODE_B0CBD8F33218,wormhole_a,4,B4:BF:E9:34:ED:81,-63,0,0,0,0,0
102027670,NODE_B0CBD8F33218,wormhole_a,4,B4:BF:E9:34:ED:81,-62,0,0,0,0,0
102137656,NODE_B0CBD8F33218,wormhole_a,4,B4:BF:E9:34:ED:81,-62,0,0,0,0,0
102238253,NODE_B0CBD8F33218,wormhole_a,4,B4:BF:E9:34:ED:81,-62,0,0,0,0,0
102337674,NODE_B0CBD8F33218,wormhole_a,4,B4:BF:E9:34:ED:81,-63,0,0,0,0,0
102447654,NODE_B0CBD8F33218,wormhole_a,4,B4:BF:E9:34:ED:81,-63,0,0,0,0,0
102547668,NODE_B0CBD8F33218,wormhole_a,4,B4:BF:E9:34:ED:81,-63,0,0,0,0,0
102647670,NODE_B0CBD8F33218,wormhole_a,4,B4:BF:E9:34:ED:81,-63,0,0,0,0,0
102757654,NODE_B0CBD8F33218,wormhole_a,4,B4:BF:E9:34:ED:81,-63,0,0,0,0,0
102857667,NODE_B0CBD8F33218,wormhole_a,4,B4:BF:E9:34:ED:81,-63,0,0,0,0,0
102957670,NODE_B0CBD8F33218,wormhole_a,4,B4:BF:E9:34:ED:81,-63,0,0,0,0,0
103057662,NODE_B0CBD8F33218,wormhole_a,4,B4:BF:E9:34:ED:81,-63,0,0,0,0,0
103167671,NODE_B0CBD8F33218,wormhole_a,4,B4:BF:E9:34:ED:81,-63,0,0,0,0,0
103267669,NODE_B0CBD8F33218,wormhole_a,4,B4:BF:E9:34:ED:81,-62,0,0,0,0,0
103367660,NODE_B0CBD8F33218,wormhole_a,4,B4:BF:E9:34:ED:81,-62,0,0,0,0,0
103477666,NODE_B0CBD8F33218,wormhole_a,4,B4:BF:E9:34:ED:81,-62,0,0,0,0,0
103577671,NODE_B0CBD8F33218,wormhole_a,4,B4:BF:E9:34:ED:81,-62,0,0,0,0,0
103677662,NODE_B0CBD8F33218,wormhole_a,4,B4:BF:E9:34:ED:81,-62,0,0,0,0,0
103787674,NODE_B0CBD8F33218,wormhole_a,4,B4:BF:E9:34:ED:81,-62,0,0,0,0,0
103887662,NODE_B0CBD8F33218,wormhole_a,4,B4:BF:E9:34:ED:81,-62,0,0,0,0,0
103987656,NODE_B0CBD8F33218,wormhole_a,4,B4:BF:E9:34:ED:81,-62,0,0,0,0,0
104087666,NODE_B0CBD8F33218,wormhole_a,4,B4:BF:E9:34:ED:81,-62,0,0,0,0,0
104187670,NODE_B0CBD8F33218,wormhole_a,4,B4:BF:E9:34:ED:81,-63,0,0,0,0,0
104287660,NODE_B0CBD8F33218,wormhole_a,4,B4:BF:E9:34:ED:81,-63,0,0,0,0,0
104397666,NODE_B0CBD8F33218,wormhole_a,4,B4:BF:E9:34:ED:81,-63,0,0,0,0,0
104507662,NODE_B0CBD8F33218,wormhole_a,4,B4:BF:E9:34:ED:81,-62,0,0,0,0,0
104607658,NODE_B0CBD8F33218,wormhole_a,4,B4:BF:E9:34:ED:81,-62,0,0,0,0,0
104708098,NODE_B0CBD8F33218,wormhole_a,4,B4:BF:E9:34:ED:81,-62,0,0,0,0,0
104817654,NODE_B0CBD8F33218,wormhole_a,4,B4:BF:E9:34:ED:81,-62,0,0,0,0,0
104917658,NODE_B0CBD8F33218,wormhole_a,4,B4:BF:E9:34:ED:81,-62,0,0,0,0,0
105017675,NODE_B0CBD8F33218,wormhole_a,4,B4:BF:E9:34:ED:81,-62,0,0,0,0,0
105117662,NODE_B0CBD8F33218,wormhole_a,4,B4:BF:E9:34:ED:81,-62,0,0,0,0,0
105217658,NODE_B0CBD8F33218,wormhole_a,4,B4:BF:E9:34:ED:81,-62,0,0,0,0,0
105317667,NODE_B0CBD8F33218,wormhole_a,4,B4:BF:E9:34:ED:81,-62,0,0,0,0,0
105427664,NODE_B0CBD8F33218,wormhole_a,4,B4:BF:E9:34:ED:81,-62,0,0,0,0,0
105527654,NODE_B0CBD8F33218,wormhole_a,4,B4:BF:E9:34:ED:81,-62,0,0,0,0,0
105637683,NODE_B0CBD8F33218,wormhole_a,4,B4:BF:E9:34:ED:81,-63,0,0,0,0,0
105737663,NODE_B0CBD8F33218,wormhole_a,4,B4:BF:E9:34:ED:81,-63,0,0,0,0,0
105837654,NODE_B0CBD8F33218,wormhole_a,4,B4:BF:E9:34:ED:81,-63,0,0,0,0,0
105937674,NODE_B0CBD8F33218,wormhole_a,4,B4:BF:E9:34:ED:81,-63,0,0,0,0,0
106048041,NODE_B0CBD8F33218,wormhole_a,4,B4:BF:E9:34:ED:81,-62,0,0,0,0,0
106147660,NODE_B0CBD8F33218,wormhole_a,4,B4:BF:E9:34:ED:81,-62,0,0,0,0,0
106247674,NODE_B0CBD8F33218,wormhole_a,4,B4:BF:E9:34:ED:81,-62,0,0,0,0,0
106347662,NODE_B0CBD8F33218,wormhole_a,4,B4:BF:E9:34:ED:81,-63,0,0,0,0,0
106457659,NODE_B0CBD8F33218,wormhole_a,4,B4:BF:E9:34:ED:81,-63,0,0,0,0,0
106558361,NODE_B0CBD8F33218,wormhole_a,4,B4:BF:E9:34:ED:81,-63,0,0,0,0,0
106667668,NODE_B0CBD8F33218,wormhole_a,4,B4:BF:E9:34:ED:81,-63,0,0,0,0,0
106767660,NODE_B0CBD8F33218,wormhole_a,4,B4:BF:E9:34:ED:81,-63,0,0,0,0,0
106867673,NODE_B0CBD8F33218,wormhole_a,4,B4:BF:E9:34:ED:81,-62,0,0,0,0,0
106967664,NODE_B0CBD8F33218,wormhole_a,4,B4:BF:E9:34:ED:81,-62,0,0,0,0,0
107077666,NODE_B0CBD8F33218,wormhole_a,4,B4:BF:E9:34:ED:81,-62,0,0,0,0,0
107177675,NODE_B0CBD8F33218,wormhole_a,4,B4:BF:E9:34:ED:81,-62,0,0,0,0,0
107277666,NODE_B0CBD8F33218,wormhole_a,4,B4:BF:E9:34:ED:81,-62,0,0,0,0,0
107377666,NODE_B0CBD8F33218,wormhole_a,4,B4:BF:E9:34:ED:81,-62,0,0,0,0,0
107487674,NODE_B0CBD8F33218,wormhole_a,4,B4:BF:E9:34:ED:81,-62,0,0,0,0,0
107587660,NODE_B0CBD8F33218,wormhole_a,4,B4:BF:E9:34:ED:81,-62,0,0,0,0,0
107697666,NODE_B0CBD8F33218,wormhole_a,4,B4:BF:E9:34:ED:81,-62,0,0,0,0,0
107797670,NODE_B0CBD8F33218,wormhole_a,4,B4:BF:E9:34:ED:81,-63,0,0,0,0,0
107897656,NODE_B0CBD8F33218,wormhole_a,4,B4:BF:E9:34:ED:81,-63,0,0,0,0,0
107997658,NODE_B0CBD8F33218,wormhole_a,4,B4:BF:E9:34:ED:81,-63,0,0,0,0,0
108107662,NODE_B0CBD8F33218,wormhole_a,4,B4:BF:E9:34:ED:81,-64,0,0,0,0,0
108207654,NODE_B0CBD8F33218,wormhole_a,4,B4:BF:E9:34:ED:81,-64,0,0,0,0,0
108307668,NODE_B0CBD8F33218,wormhole_a,4,B4:BF:E9:34:ED:81,-64,0,0,0,0,0
108407666,NODE_B0CBD8F33218,wormhole_a,4,B4:BF:E9:34:ED:81,-64,0,0,0,0,0
108517654,NODE_B0CBD8F33218,wormhole_a,4,B4:BF:E9:34:ED:81,-64,0,0,0,0,0
108617667,NODE_B0CBD8F33218,wormhole_a,4,B4:BF:E9:34:ED:81,-64,0,0,0,0,0
108727775,NODE_B0CBD8F33218,wormhole_a,4,B4:BF:E9:34:ED:81,-63,0,0,0,0,0
108827655,NODE_B0CBD8F33218,wormhole_a,4,B4:BF:E9:34:ED:81,-63,0,0,0,0,0
108927666,NODE_B0CBD8F33218,wormhole_a,4,B4:BF:E9:34:ED:81,-63,0,0,0,0,0
109027672,NODE_B0CBD8F33218,wormhole_a,4,B4:BF:E9:34:ED:81,-63,0,0,0,0,0
109137662,NODE_B0CBD8F33218,wormhole_a,4,B4:BF:E9:34:ED:81,-63,0,0,0,0,0
109238183,NODE_B0CBD8F33218,wormhole_a,4,B4:BF:E9:34:ED:81,-63,0,0,0,0,0
109337667,NODE_B0CBD8F33218,wormhole_a,4,B4:BF:E9:34:ED:81,-63,0,0,0,0,0
109437654,NODE_B0CBD8F33218,wormhole_a,4,B4:BF:E9:34:ED:81,-63,0,0,0,0,0
109547666,NODE_B0CBD8F33218,wormhole_a,4,B4:BF:E9:34:ED:81,-63,0,0,0,0,0
109647694,NODE_B0CBD8F33218,wormhole_a,4,B4:BF:E9:34:ED:81,-62,0,0,0,0,0
109757659,NODE_B0CBD8F33218,wormhole_a,4,B4:BF:E9:34:ED:81,-62,0,0,0,0,0
109857662,NODE_B0CBD8F33218,wormhole_a,4,B4:BF:E9:34:ED:81,-62,0,0,0,0,0
109957666,NODE_B0CBD8F33218,wormhole_a,4,B4:BF:E9:34:ED:81,-63,0,0,0,0,0
110057655,NODE_B0CBD8F33218,wormhole_a,4,B4:BF:E9:34:ED:81,-63,0,0,0,0,0
110157666,NODE_B0CBD8F33218,wormhole_a,4,B4:BF:E9:34:ED:81,-63,0,0,0,0,0
110257730,NODE_B0CBD8F33218,wormhole_a,4,B4:BF:E9:34:ED:81,-62,0,0,0,0,0
110368231,NODE_B0CBD8F33218,wormhole_a,4,B4:BF:E9:34:ED:81,-62,0,0,0,0,0
110467669,NODE_B0CBD8F33218,wormhole_a,4,B4:BF:E9:34:ED:81,-62,0,0,0,0,0
110567668,NODE_B0CBD8F33218,wormhole_a,4,B4:BF:E9:34:ED:81,-62,0,0,0,0,0
110677666,NODE_B0CBD8F33218,wormhole_a,4,B4:BF:E9:34:ED:81,-62,0,0,0,0,0
110777663,NODE_B0CBD8F33218,wormhole_a,4,B4:BF:E9:34:ED:81,-62,0,0,0,0,0
110877666,NODE_B0CBD8F33218,wormhole_a,4,B4:BF:E9:34:ED:81,-62,0,0,0,0,0
110987658,NODE_B0CBD8F33218,wormhole_a,4,B4:BF:E9:34:ED:81,-62,0,0,0,0,0
111087666,NODE_B0CBD8F33218,wormhole_a,4,B4:BF:E9:34:ED:81,-62,0,0,0,0,0
111187676,NODE_B0CBD8F33218,wormhole_a,4,B4:BF:E9:34:ED:81,-62,0,0,0,0,0
111287821,NODE_B0CBD8F33218,wormhole_a,4,B4:BF:E9:34:ED:81,-62,0,0,0,0,0
111397666,NODE_B0CBD8F33218,wormhole_a,4,B4:BF:E9:34:ED:81,-62,0,0,0,0,0
111497675,NODE_B0CBD8F33218,wormhole_a,4,B4:BF:E9:34:ED:81,-63,0,0,0,0,0
111597658,NODE_B0CBD8F33218,wormhole_a,4,B4:BF:E9:34:ED:81,-63,0,0,0,0,0
111707666,NODE_B0CBD8F33218,wormhole_a,4,B4:BF:E9:34:ED:81,-63,0,0,0,0,0
111807670,NODE_B0CBD8F33218,wormhole_a,4,B4:BF:E9:34:ED:81,-63,0,0,0,0,0
111907656,NODE_B0CBD8F33218,wormhole_a,4,B4:BF:E9:34:ED:81,-63,0,0,0,0,0
112017666,NODE_B0CBD8F33218,wormhole_a,4,B4:BF:E9:34:ED:81,-63,0,0,0,0,0
112117670,NODE_B0CBD8F33218,wormhole_a,4,B4:BF:E9:34:ED:81,-62,0,0,0,0,0
112217663,NODE_B0CBD8F33218,wormhole_a,4,B4:BF:E9:34:ED:81,-62,0,0,0,0,0
112317666,NODE_B0CBD8F33218,wormhole_a,4,B4:BF:E9:34:ED:81,-62,0,0,0,0,0
112427670,NODE_B0CBD8F33218,wormhole_a,4,B4:BF:E9:34:ED:81,-63,0,0,0,0,0
112527658,NODE_B0CBD8F33218,wormhole_a,4,B4:BF:E9:34:ED:81,-63,0,0,0,0,0
112627668,NODE_B0CBD8F33218,wormhole_a,4,B4:BF:E9:34:ED:81,-63,0,0,0,0,0
112737674,NODE_B0CBD8F33218,wormhole_a,4,B4:BF:E9:34:ED:81,-63,0,0,0,0,0
112837662,NODE_B0CBD8F33218,wormhole_a,4,B4:BF:E9:34:ED:81,-63,0,0,0,0,0
112937667,NODE_B0CBD8F33218,wormhole_a,4,B4:BF:E9:34:ED:81,-63,0,0,0,0,0
113048058,NODE_B0CBD8F33218,wormhole_a,4,B4:BF:E9:34:ED:81,-63,0,0,0,0,0
113147662,NODE_B0CBD8F33218,wormhole_a,4,B4:BF:E9:34:ED:81,-63,0,0,0,0,0
113247670,NODE_B0CBD8F33218,wormhole_a,4,B4:BF:E9:34:ED:81,-63,0,0,0,0,0
113347672,NODE_B0CBD8F33218,wormhole_a,4,B4:BF:E9:34:ED:81,-62,0,0,0,0,0
113457662,NODE_B0CBD8F33218,wormhole_a,4,B4:BF:E9:34:ED:81,-62,0,0,0,0,0
113557666,NODE_B0CBD8F33218,wormhole_a,4,B4:BF:E9:34:ED:81,-62,0,0,0,0,0
113657675,NODE_B0CBD8F33218,wormhole_a,4,B4:BF:E9:34:ED:81,-63,0,0,0,0,0
113767665,NODE_B0CBD8F33218,wormhole_a,4,B4:BF:E9:34:ED:81,-63,0,0,0,0,0
113867668,NODE_B0CBD8F33218,wormhole_a,4,B4:BF:E9:34:ED:81,-63,0,0,0,0,0
113967672,NODE_B0CBD8F33218,wormhole_a,4,B4:BF:E9:34:ED:81,-63,0,0,0,0,0
114077655,NODE_B0CBD8F33218,wormhole_a,4,B4:BF:E9:34:ED:81,-63,0,0,0,0,0
114177666,NODE_B0CBD8F33218,wormhole_a,4,B4:BF:E9:34:ED:81,-63,0,0,0,0,0
114277670,NODE_B0CBD8F33218,wormhole_a,4,B4:BF:E9:34:ED:81,-62,0,0,0,0,0
114377663,NODE_B0CBD8F33218,wormhole_a,4,B4:BF:E9:34:ED:81,-62,0,0,0,0,0
114487668,NODE_B0CBD8F33218,wormhole_a,4,B4:BF:E9:34:ED:81,-62,0,0,0,0,0
114587670,NODE_B0CBD8F33218,wormhole_a,4,B4:BF:E9:34:ED:81,-62,0,0,0,0,0
114687658,NODE_B0CBD8F33218,wormhole_a,4,B4:BF:E9:34:ED:81,-62,0,0,0,0,0
114797778,NODE_B0CBD8F33218,wormhole_a,4,B4:BF:E9:34:ED:81,-62,0,0,0,0,0
114897670,NODE_B0CBD8F33218,wormhole_a,4,B4:BF:E9:34:ED:81,-62,0,0,0,0,0
114997654,NODE_B0CBD8F33218,wormhole_a,4,B4:BF:E9:34:ED:81,-62,0,0,0,0,0
115107666,NODE_B0CBD8F33218,wormhole_a,4,B4:BF:E9:34:ED:81,-62,0,0,0,0,0
115207676,NODE_B0CBD8F33218,wormhole_a,4,B4:BF:E9:34:ED:81,-62,0,0,0,0,0
115307654,NODE_B0CBD8F33218,wormhole_a,4,B4:BF:E9:34:ED:81,-62,0,0,0,0,0
115407666,NODE_B0CBD8F33218,wormhole_a,4,B4:BF:E9:34:ED:81,-62,0,0,0,0,0
115507676,NODE_B0CBD8F33218,wormhole_a,4,B4:BF:E9:34:ED:81,-62,0,0,0,0,0
115607666,NODE_B0CBD8F33218,wormhole_a,4,B4:BF:E9:34:ED:81,-62,0,0,0,0,0
115717666,NODE_B0CBD8F33218,wormhole_a,4,B4:BF:E9:34:ED:81,-62,0,0,0,0,0
115827670,NODE_B0CBD8F33218,wormhole_a,4,B4:BF:E9:34:ED:81,-62,0,0,0,0,0
115937656,NODE_B0CBD8F33218,wormhole_a,4,B4:BF:E9:34:ED:81,-62,0,0,0,0,0
116037666,NODE_B0CBD8F33218,wormhole_a,4,B4:BF:E9:34:ED:81,-62,0,0,0,0,0
116147670,NODE_B0CBD8F33218,wormhole_a,4,B4:BF:E9:34:ED:81,-63,0,0,0,0,0
116247654,NODE_B0CBD8F33218,wormhole_a,4,B4:BF:E9:34:ED:81,-63,0,0,0,0,0
116347668,NODE_B0CBD8F33218,wormhole_a,4,B4:BF:E9:34:ED:81,-63,0,0,0,0,0
116447670,NODE_B0CBD8F33218,wormhole_a,4,B4:BF:E9:34:ED:81,-63,0,0,0,0,0
116547658,NODE_B0CBD8F33218,wormhole_a,4,B4:BF:E9:34:ED:81,-63,0,0,0,0,0
116647676,NODE_B0CBD8F33218,wormhole_a,4,B4:BF:E9:34:ED:81,-63,0,0,0,0,0
116757670,NODE_B0CBD8F33218,wormhole_a,4,B4:BF:E9:34:ED:81,-62,0,0,0,0,0
116857662,NODE_B0CBD8F33218,wormhole_a,4,B4:BF:E9:34:ED:81,-62,0,0,0,0,0
116967668,NODE_B0CBD8F33218,wormhole_a,4,B4:BF:E9:34:ED:81,-62,0,0,0,0,0
117067673,NODE_B0CBD8F33218,wormhole_a,4,B4:BF:E9:34:ED:81,-63,0,0,0,0,0
117167668,NODE_B0CBD8F33218,wormhole_a,4,B4:BF:E9:34:ED:81,-63,0,0,0,0,0
117267668,NODE_B0CBD8F33218,wormhole_a,4,B4:BF:E9:34:ED:81,-63,0,0,0,0,0
117377671,NODE_B0CBD8F33218,wormhole_a,4,B4:BF:E9:34:ED:81,-63,0,0,0,0,0
117477693,NODE_B0CBD8F33218,wormhole_a,4,B4:BF:E9:34:ED:81,-63,0,0,0,0,0
117577666,NODE_B0CBD8F33218,wormhole_a,4,B4:BF:E9:34:ED:81,-63,0,0,0,0,0
117677663,NODE_B0CBD8F33218,wormhole_a,4,B4:BF:E9:34:ED:81,-62,0,0,0,0,0
117787660,NODE_B0CBD8F33218,wormhole_a,4,B4:BF:E9:34:ED:81,-62,0,0,0,0,0
117887666,NODE_B0CBD8F33218,wormhole_a,4,B4:BF:E9:34:ED:81,-62,0,0,0,0,0
117997670,NODE_B0CBD8F33218,wormhole_a,4,B4:BF:E9:34:ED:81,-63,0,0,0,0,0
118097656,NODE_B0CBD8F33218,wormhole_a,4,B4:BF:E9:34:ED:81,-63,0,0,0,0,0
118197666,NODE_B0CBD8F33218,wormhole_a,4,B4:BF:E9:34:ED:81,-63,0,0,0,0,0
118297670,NODE_B0CBD8F33218,wormhole_a,4,B4:BF:E9:34:ED:81,-63,0,0,0,0,0
118407654,NODE_B0CBD8F33218,wormhole_a,4,B4:BF:E9:34:ED:81,-63,0,0,0,0,0
118507668,NODE_B0CBD8F33218,wormhole_a,4,B4:BF:E9:34:ED:81,-63,0,0,0,0,0
118607674,NODE_B0CBD8F33218,wormhole_a,4,B4:BF:E9:34:ED:81,-63,0,0,0,0,0
118707658,NODE_B0CBD8F33218,wormhole_a,4,B4:BF:E9:34:ED:81,-63,0,0,0,0,0
118817667,NODE_B0CBD8F33218,wormhole_a,4,B4:BF:E9:34:ED:81,-63,0,0,0,0,0
118917670,NODE_B0CBD8F33218,wormhole_a,4,B4:BF:E9:34:ED:81,-58,0,0,0,0,0
119027662,NODE_B0CBD8F33218,wormhole_a,4,B4:BF:E9:34:ED:81,-58,0,0,0,0,0
119127666,NODE_B0CBD8F33218,wormhole_a,4,B4:BF:E9:34:ED:81,-58,0,0,0,0,0
119227676,NODE_B0CBD8F33218,wormhole_a,4,B4:BF:E9:34:ED:81,-63,0,0,0,0,0
119327654,NODE_B0CBD8F33218,wormhole_a,4,B4:BF:E9:34:ED:81,-63,0,0,0,0,0
119437666,NODE_B0CBD8F33218,wormhole_a,4,B4:BF:E9:34:ED:81,-63,0,0,0,0,0
119537675,NODE_B0CBD8F33218,wormhole_a,4,B4:BF:E9:34:ED:81,-63,0,0,0,0,0
119637666,NODE_B0CBD8F33218,wormhole_a,4,B4:BF:E9:34:ED:81,-63,0,0,0,0,0
119737666,NODE_B0CBD8F33218,wormhole_a,4,B4:BF:E9:34:ED:81,-63,0,0,0,0,0
119847670,NODE_B0CBD8F33218,wormhole_a,4,B4:BF:E9:34:ED:81,-63,0,0,0,0,0
119947656,NODE_B0CBD8F33218,wormhole_a,4,B4:BF:E9:34:ED:81,-63,0,0,0,0,0
120057666,NODE_B0CBD8F33218,wormhole_a,4,B4:BF:E9:34:ED:81,-63,0,0,0,0,0
120157670,NODE_B0CBD8F33218,wormhole_a,4,B4:BF:E9:34:ED:81,-63,0,0,0,0,0
120257656,NODE_B0CBD8F33218,wormhole_a,4,B4:BF:E9:34:ED:81,-63,0,0,0,0,0
120357658,NODE_B0CBD8F33218,wormhole_a,4,B4:BF:E9:34:ED:81,-63,0,0,0,0,0
120467672,NODE_B0CBD8F33218,wormhole_a,4,B4:BF:E9:34:ED:81,-62,0,0,0,0,0
120567660,NODE_B0CBD8F33218,wormhole_a,4,B4:BF:E9:34:ED:81,-62,0,0,0,0,0
120667669,NODE_B0CBD8F33218,wormhole_a,4,B4:BF:E9:34:ED:81,-62,0,0,0,0,0
120767672,NODE_B0CBD8F33218,wormhole_a,4,B4:BF:E9:34:ED:81,-62,0,0,0,0,0
120877662,NODE_B0CBD8F33218,wormhole_a,4,B4:BF:E9:34:ED:81,-62,0,0,0,0,0
120977667,NODE_B0CBD8F33218,wormhole_a,4,B4:BF:E9:34:ED:81,-62,0,0,0,0,0
121087672,NODE_B0CBD8F33218,wormhole_a,4,B4:BF:E9:34:ED:81,-62,0,0,0,0,0
121187658,NODE_B0CBD8F33218,wormhole_a,4,B4:BF:E9:34:ED:81,-62,0,0,0,0,0
121287666,NODE_B0CBD8F33218,wormhole_a,4,B4:BF:E9:34:ED:81,-62,0,0,0,0,0
121387672,NODE_B0CBD8F33218,wormhole_a,4,B4:BF:E9:34:ED:81,-63,0,0,0,0,0
121487666,NODE_B0CBD8F33218,wormhole_a,4,B4:BF:E9:34:ED:81,-63,0,0,0,0,0
121587666,NODE_B0CBD8F33218,wormhole_a,4,B4:BF:E9:34:ED:81,-63,0,0,0,0,0
121697675,NODE_B0CBD8F33218,wormhole_a,4,B4:BF:E9:34:ED:81,-63,0,0,0,0,0
121797662,NODE_B0CBD8F33218,wormhole_a,4,B4:BF:E9:34:ED:81,-63,0,0,0,0,0
121897666,NODE_B0CBD8F33218,wormhole_a,4,B4:BF:E9:34:ED:81,-63,0,0,0,0,0
122007670,NODE_B0CBD8F33218,wormhole_a,4,B4:BF:E9:34:ED:81,-63,0,0,0,0,0
122107664,NODE_B0CBD8F33218,wormhole_a,4,B4:BF:E9:34:ED:81,-63,0,0,0,0,0
122207666,NODE_B0CBD8F33218,wormhole_a,4,B4:BF:E9:34:ED:81,-63,0,0,0,0,0
122317670,NODE_B0CBD8F33218,wormhole_a,4,B4:BF:E9:34:ED:81,-62,0,0,0,0,0
122417663,NODE_B0CBD8F33218,wormhole_a,4,B4:BF:E9:34:ED:81,-62,0,0,0,0,0
122517666,NODE_B0CBD8F33218,wormhole_a,4,B4:BF:E9:34:ED:81,-62,0,0,0,0,0
122617670,NODE_B0CBD8F33218,wormhole_a,4,B4:BF:E9:34:ED:81,-62,0,0,0,0,0
122727666,NODE_B0CBD8F33218,wormhole_a,4,B4:BF:E9:34:ED:81,-62,0,0,0,0,0
122827668,NODE_B0CBD8F33218,wormhole_a,4,B4:BF:E9:34:ED:81,-62,0,0,0,0,0
122927670,NODE_B0CBD8F33218,wormhole_a,4,B4:BF:E9:34:ED:81,-63,0,0,0,0,0
123037654,NODE_B0CBD8F33218,wormhole_a,4,B4:BF:E9:34:ED:81,-63,0,0,0,0,0
123137667,NODE_B0CBD8F33218,wormhole_a,4,B4:BF:E9:34:ED:81,-63,0,0,0,0,0
123237674,NODE_B0CBD8F33218,wormhole_a,4,B4:BF:E9:34:ED:81,-63,0,0,0,0,0
123347804,NODE_B0CBD8F33218,wormhole_a,4,B4:BF:E9:34:ED:81,-63,0,0,0,0,0
123447674,NODE_B0CBD8F33218,wormhole_a,4,B4:BF:E9:34:ED:81,-63,0,0,0,0,0
123547668,NODE_B0CBD8F33218,wormhole_a,4,B4:BF:E9:34:ED:81,-63,0,0,0,0,0
123647654,NODE_B0CBD8F33218,wormhole_a,4,B4:BF:E9:34:ED:81,-63,0,0,0,0,0
123757674,NODE_B0CBD8F33218,wormhole_a,4,B4:BF:E9:34:ED:81,-63,0,0,0,0,0
123857663,NODE_B0CBD8F33218,wormhole_a,4,B4:BF:E9:34:ED:81,-62,0,0,0,0,0
123957654,NODE_B0CBD8F33218,wormhole_a,4,B4:BF:E9:34:ED:81,-62,0,0,0,0,0
124067668,NODE_B0CBD8F33218,wormhole_a,4,B4:BF:E9:34:ED:81,-62,0,0,0,0,0
124167656,NODE_B0CBD8F33218,wormhole_a,4,B4:BF:E9:34:ED:81,-61,0,0,0,0,0
124267657,NODE_B0CBD8F33218,wormhole_a,4,B4:BF:E9:34:ED:81,-61,0,0,0,0,0
124377658,NODE_B0CBD8F33218,wormhole_a,4,B4:BF:E9:34:ED:81,-64,0,0,0,0,0
124478571,NODE_B0CBD8F33218,wormhole_a,4,B4:BF:E9:34:ED:81,-64,0,0,0,0,0
124577659,NODE_B0CBD8F33218,wormhole_a,4,B4:BF:E9:34:ED:81,-64,0,0,0,0,0
124677666,NODE_B0CBD8F33218,wormhole_a,4,B4:BF:E9:34:ED:81,-64,0,0,0,0,0
124787654,NODE_B0CBD8F33218,wormhole_a,4,B4:BF:E9:34:ED:81,-62,0,0,0,0,0
124887666,NODE_B0CBD8F33218,wormhole_a,4,B4:BF:E9:34:ED:81,-62,0,0,0,0,0
124987672,NODE_B0CBD8F33218,wormhole_a,4,B4:BF:E9:34:ED:81,-62,0,0,0,0,0
125097662,NODE_B0CBD8F33218,wormhole_a,4,B4:BF:E9:34:ED:81,-62,0,0,0,0,0
125197662,NODE_B0CBD8F33218,wormhole_a,4,B4:BF:E9:34:ED:81,-62,0,0,0,0,0
125297936,NODE_B0CBD8F33218,wormhole_a,4,B4:BF:E9:34:ED:81,-62,0,0,0,0,0
125407656,NODE_B0CBD8F33218,wormhole_a,4,B4:BF:E9:34:ED:81,-62,0,0,0,0,0
125507666,NODE_B0CBD8F33218,wormhole_a,4,B4:BF:E9:34:ED:81,-62,0,0,0,0,0
125607674,NODE_B0CBD8F33218,wormhole_a,4,B4:BF:E9:34:ED:81,-62,0,0,0,0,0
125707664,NODE_B0CBD8F33218,wormhole_a,4,B4:BF:E9:34:ED:81,-62,0,0,0,0,0
125817666,NODE_B0CBD8F33218,wormhole_a,4,B4:BF:E9:34:ED:81,-62,0,0,0,0,0
125917670,NODE_B0CBD8F33218,wormhole_a,4,B4:BF:E9:34:ED:81,-61,0,0,0,0,0
126017663,NODE_B0CBD8F33218,wormhole_a,4,B4:BF:E9:34:ED:81,-61,0,0,0,0,0
126127668,NODE_B0CBD8F33218,wormhole_a,4,B4:BF:E9:34:ED:81,-61,0,0,0,0,0
126227670,NODE_B0CBD8F33218,wormhole_a,4,B4:BF:E9:34:ED:81,-61,0,0,0,0,0
126327662,NODE_B0CBD8F33218,wormhole_a,4,B4:BF:E9:34:ED:81,-61,0,0,0,0,0
126437667,NODE_B0CBD8F33218,wormhole_a,4,B4:BF:E9:34:ED:81,-61,0,0,0,0,0
126537709,NODE_B0CBD8F33218,wormhole_a,4,B4:BF:E9:34:ED:81,-61,0,0,0,0,0
126637658,NODE_B0CBD8F33218,wormhole_a,4,B4:BF:E9:34:ED:81,-61,0,0,0,0,0
126737659,NODE_B0CBD8F33218,wormhole_a,4,B4:BF:E9:34:ED:81,-61,0,0,0,0,0
126837662,NODE_B0CBD8F33218,wormhole_a,4,B4:BF:E9:34:ED:81,-61,0,0,0,0,0
126937662,NODE_B0CBD8F33218,wormhole_a,4,B4:BF:E9:34:ED:81,-61,0,0,0,0,0
127048252,NODE_B0CBD8F33218,wormhole_a,4,B4:BF:E9:34:ED:81,-61,0,0,0,0,0
127147672,NODE_B0CBD8F33218,wormhole_a,4,B4:BF:E9:34:ED:81,-62,0,0,0,0,0
127257658,NODE_B0CBD8F33218,wormhole_a,4,B4:BF:E9:34:ED:81,-62,0,0,0,0,0
127357666,NODE_B0CBD8F33218,wormhole_a,4,B4:BF:E9:34:ED:81,-62,0,0,0,0,0
127467672,NODE_B0CBD8F33218,wormhole_a,4,B4:BF:E9:34:ED:81,-62,0,0,0,0,0
127567661,NODE_B0CBD8F33218,wormhole_a,4,B4:BF:E9:34:ED:81,-62,0,0,0,0,0
127667676,NODE_B0CBD8F33218,wormhole_a,4,B4:BF:E9:34:ED:81,-62,0,0,0,0,0
127767664,NODE_B0CBD8F33218,wormhole_a,4,B4:BF:E9:34:ED:81,-62,0,0,0,0,0
127867673,NODE_B0CBD8F33218,wormhole_a,4,B4:BF:E9:34:ED:81,-62,0,0,0,0,0
127967668,NODE_B0CBD8F33218,wormhole_a,4,B4:BF:E9:34:ED:81,-62,0,0,0,0,0
128077662,NODE_B0CBD8F33218,wormhole_a,4,B4:BF:E9:34:ED:81,-62,0,0,0,0,0
128177671,NODE_B0CBD8F33218,wormhole_a,4,B4:BF:E9:34:ED:81,-62,0,0,0,0,0
128287668,NODE_B0CBD8F33218,wormhole_a,4,B4:BF:E9:34:ED:81,-62,0,0,0,0,0
128387662,NODE_B0CBD8F33218,wormhole_a,4,B4:BF:E9:34:ED:81,-63,0,0,0,0,0
128487674,NODE_B0CBD8F33218,wormhole_a,4,B4:BF:E9:34:ED:81,-63,0,0,0,0,0
128587668,NODE_B0CBD8F33218,wormhole_a,4,B4:BF:E9:34:ED:81,-63,0,0,0,0,0
128697662,NODE_B0CBD8F33218,wormhole_a,4,B4:BF:E9:34:ED:81,-62,0,0,0,0,0
128797654,NODE_B0CBD8F33218,wormhole_a,4,B4:BF:E9:34:ED:81,-62,0,0,0,0,0
128897675,NODE_B0CBD8F33218,wormhole_a,4,B4:BF:E9:34:ED:81,-62,0,0,0,0,0
128997662,NODE_B0CBD8F33218,wormhole_a,4,B4:BF:E9:34:ED:81,-63,0,0,0,0,0
129107670,NODE_B0CBD8F33218,wormhole_a,4,B4:BF:E9:34:ED:81,-63,0,0,0,0,0
129207670,NODE_B0CBD8F33218,wormhole_a,4,B4:BF:E9:34:ED:81,-63,0,0,0,0,0
129317663,NODE_B0CBD8F33218,wormhole_a,4,B4:BF:E9:34:ED:81,-62,0,0,0,0,0
129417662,NODE_B0CBD8F33218,wormhole_a,4,B4:BF:E9:34:ED:81,-62,0,0,0,0,0
129517666,NODE_B0CBD8F33218,wormhole_a,4,B4:BF:E9:34:ED:81,-62,0,0,0,0,0
129617667,NODE_B0CBD8F33218,wormhole_a,4,B4:BF:E9:34:ED:81,-63,0,0,0,0,0
129727656,NODE_B0CBD8F33218,wormhole_a,4,B4:BF:E9:34:ED:81,-63,0,0,0,0,0
129827658,NODE_B0CBD8F33218,wormhole_a,4,B4:BF:E9:34:ED:81,-63,0,0,0,0,0
129927670,NODE_B0CBD8F33218,wormhole_a,4,B4:BF:E9:34:ED:81,-62,0,0,0,0,0
130027664,NODE_B0CBD8F33218,wormhole_a,4,B4:BF:E9:34:ED:81,-62,0,0,0,0,0
130137666,NODE_B0CBD8F33218,wormhole_a,4,B4:BF:E9:34:ED:81,-62,0,0,0,0,0
130237662,NODE_B0CBD8F33218,wormhole_a,4,B4:BF:E9:34:ED:81,-63,0,0,0,0,0
130347670,NODE_B0CBD8F33218,wormhole_a,4,B4:BF:E9:34:ED:81,-63,0,0,0,0,0
130447668,NODE_B0CBD8F33218,wormhole_a,4,B4:BF:E9:34:ED:81,-63,0,0,0,0,0
130547666,NODE_B0CBD8F33218,wormhole_a,4,B4:BF:E9:34:ED:81,-63,0,0,0,0,0
130647666,NODE_B0CBD8F33218,wormhole_a,4,B4:BF:E9:34:ED:81,-63,0,0,0,0,0
130757675,NODE_B0CBD8F33218,wormhole_a,4,B4:BF:E9:34:ED:81,-63,0,0,0,0,0
130857662,NODE_B0CBD8F33218,wormhole_a,4,B4:BF:E9:34:ED:81,-63,0,0,0,0,0
130957670,NODE_B0CBD8F33218,wormhole_a,4,B4:BF:E9:34:ED:81,-63,0,0,0,0,0
131057667,NODE_B0CBD8F33218,wormhole_a,4,B4:BF:E9:34:ED:81,-63,0,0,0,0,0
131167669,NODE_B0CBD8F33218,wormhole_a,4,B4:BF:E9:34:ED:81,-63,0,0,0,0,0
131267672,NODE_B0CBD8F33218,wormhole_a,4,B4:BF:E9:34:ED:81,-63,0,0,0,0,0
131377666,NODE_B0CBD8F33218,wormhole_a,4,B4:BF:E9:34:ED:81,-63,0,0,0,0,0
131477663,NODE_B0CBD8F33218,wormhole_a,4,B4:BF:E9:34:ED:81,-62,0,0,0,0,0
131577674,NODE_B0CBD8F33218,wormhole_a,4,B4:BF:E9:34:ED:81,-62,0,0,0,0,0
131677666,NODE_B0CBD8F33218,wormhole_a,4,B4:BF:E9:34:ED:81,-62,0,0,0,0,0
131787662,NODE_B0CBD8F33218,wormhole_a,4,B4:BF:E9:34:ED:81,-72,0,0,0,0,0
131887664,NODE_B0CBD8F33218,wormhole_a,4,B4:BF:E9:34:ED:81,-72,0,0,0,0,0
131987674,NODE_B0CBD8F33218,wormhole_a,4,B4:BF:E9:34:ED:81,-72,0,0,0,0,0
132087662,NODE_B0CBD8F33218,wormhole_a,4,B4:BF:E9:34:ED:81,-62,0,0,0,0,0
132197671,NODE_B0CBD8F33218,wormhole_a,4,B4:BF:E9:34:ED:81,-62,0,0,0,0,0
132297666,NODE_B0CBD8F33218,wormhole_a,4,B4:BF:E9:34:ED:81,-62,0,0,0,0,0
132407662,NODE_B0CBD8F33218,wormhole_a,4,B4:BF:E9:34:ED:81,-63,0,0,0,0,0
132507654,NODE_B0CBD8F33218,wormhole_a,4,B4:BF:E9:34:ED:81,-63,0,0,0,0,0
132607676,NODE_B0CBD8F33218,wormhole_a,4,B4:BF:E9:34:ED:81,-63,0,0,0,0,0
132707662,NODE_B0CBD8F33218,wormhole_a,4,B4:BF:E9:34:ED:81,-62,0,0,0,0,0
132807670,NODE_B0CBD8F33218,wormhole_a,4,B4:BF:E9:34:ED:81,-62,0,0,0,0,0
132907668,NODE_B0CBD8F33218,wormhole_a,4,B4:BF:E9:34:ED:81,-62,0,0,0,0,0
133017662,NODE_B0CBD8F33218,wormhole_a,4,B4:BF:E9:34:ED:81,-63,0,0,0,0,0
133117662,NODE_B0CBD8F33218,wormhole_a,4,B4:BF:E9:34:ED:81,-63,0,0,0,0,0
133217679,NODE_B0CBD8F33218,wormhole_a,4,B4:BF:E9:34:ED:81,-63,0,0,0,0,0
133327664,NODE_B0CBD8F33218,wormhole_a,4,B4:BF:E9:34:ED:81,-62,0,0,0,0,0
133427670,NODE_B0CBD8F33218,wormhole_a,4,B4:BF:E9:34:ED:81,-62,0,0,0,0,0
133527666,NODE_B0CBD8F33218,wormhole_a,4,B4:BF:E9:34:ED:81,-62,0,0,0,0,0
133637667,NODE_B0CBD8F33218,wormhole_a,4,B4:BF:E9:34:ED:81,-63,0,0,0,0,0
133737666,NODE_B0CBD8F33218,wormhole_a,4,B4:BF:E9:34:ED:81,-63,0,0,0,0,0
133837674,NODE_B0CBD8F33218,wormhole_a,4,B4:BF:E9:34:ED:81,-63,0,0,0,0,0
133937663,NODE_B0CBD8F33218,wormhole_a,4,B4:BF:E9:34:ED:81,-63,0,0,0,0,0
134048054,NODE_B0CBD8F33218,wormhole_a,4,B4:BF:E9:34:ED:81,-63,0,0,0,0,0
134147666,NODE_B0CBD8F33218,wormhole_a,4,B4:BF:E9:34:ED:81,-63,0,0,0,0,0
134247654,NODE_B0CBD8F33218,wormhole_a,4,B4:BF:E9:34:ED:81,-63,0,0,0,0,0
134357663,NODE_B0CBD8F33218,wormhole_a,4,B4:BF:E9:34:ED:81,-63,0,0,0,0,0
134457666,NODE_B0CBD8F33218,wormhole_a,4,B4:BF:E9:34:ED:81,-63,0,0,0,0,0
134557666,NODE_B0CBD8F33218,wormhole_a,4,B4:BF:E9:34:ED:81,-63,0,0,0,0,0
134667676,NODE_B0CBD8F33218,wormhole_a,4,B4:BF:E9:34:ED:81,-63,0,0,0,0,0
134767669,NODE_B0CBD8F33218,wormhole_a,4,B4:BF:E9:34:ED:81,-63,0,0,0,0,0
134867664,NODE_B0CBD8F33218,wormhole_a,4,B4:BF:E9:34:ED:81,-63,0,0,0,0,0
134967664,NODE_B0CBD8F33218,wormhole_a,4,B4:BF:E9:34:ED:81,-63,0,0,0,0,0
135077675,NODE_B0CBD8F33218,wormhole_a,4,B4:BF:E9:34:ED:81,-63,0,0,0,0,0
135177666,NODE_B0CBD8F33218,wormhole_a,4,B4:BF:E9:34:ED:81,-63,0,0,0,0,0
135277670,NODE_B0CBD8F33218,wormhole_a,4,B4:BF:E9:34:ED:81,-63,0,0,0,0,0
135387666,NODE_B0CBD8F33218,wormhole_a,4,B4:BF:E9:34:ED:81,-63,0,0,0,0,0
135487664,NODE_B0CBD8F33218,wormhole_a,4,B4:BF:E9:34:ED:81,-63,0,0,0,0,0
135587779,NODE_B0CBD8F33218,wormhole_a,4,B4:BF:E9:34:ED:81,-63,0,0,0,0,0
135697658,NODE_B0CBD8F33218,wormhole_a,4,B4:BF:E9:34:ED:81,-63,0,0,0,0,0
135797663,NODE_B0CBD8F33218,wormhole_a,4,B4:BF:E9:34:ED:81,-63,0,0,0,0,0
135897670,NODE_B0CBD8F33218,wormhole_a,4,B4:BF:E9:34:ED:81,-63,0,0,0,0,0
135997666,NODE_B0CBD8F33218,wormhole_a,4,B4:BF:E9:34:ED:81,-63,0,0,0,0,0
136107662,NODE_B0CBD8F33218,wormhole_a,4,B4:BF:E9:34:ED:81,-63,0,0,0,0,0
136207656,NODE_B0CBD8F33218,wormhole_a,4,B4:BF:E9:34:ED:81,-63,0,0,0,0,0
136307674,NODE_B0CBD8F33218,wormhole_a,4,B4:BF:E9:34:ED:81,-63,0,0,0,0,0
136417662,NODE_B0CBD8F33218,wormhole_a,4,B4:BF:E9:34:ED:81,-58,0,0,0,0,0
136517667,NODE_B0CBD8F33218,wormhole_a,4,B4:BF:E9:34:ED:81,-58,0,0,0,0,0
136617666,NODE_B0CBD8F33218,wormhole_a,4,B4:BF:E9:34:ED:81,-58,0,0,0,0,0
136727674,NODE_B0CBD8F33218,wormhole_a,4,B4:BF:E9:34:ED:81,-63,0,0,0,0,0
136827662,NODE_B0CBD8F33218,wormhole_a,4,B4:BF:E9:34:ED:81,-63,0,0,0,0,0
136927668,NODE_B0CBD8F33218,wormhole_a,4,B4:BF:E9:34:ED:81,-63,0,0,0,0,0
137027670,NODE_B0CBD8F33218,wormhole_a,4,B4:BF:E9:34:ED:81,-72,0,0,0,0,0
137137662,NODE_B0CBD8F33218,wormhole_a,4,B4:BF:E9:34:ED:81,-72,0,0,0,0,0
137237671,NODE_B0CBD8F33218,wormhole_a,4,B4:BF:E9:34:ED:81,-72,0,0,0,0,0
137337670,NODE_B0CBD8F33218,wormhole_a,4,B4:BF:E9:34:ED:81,-63,0,0,0,0,0
137447662,NODE_B0CBD8F33218,wormhole_a,4,B4:BF:E9:34:ED:81,-63,0,0,0,0,0
137547658,NODE_B0CBD8F33218,wormhole_a,4,B4:BF:E9:34:ED:81,-63,0,0,0,0,0
137647676,NODE_B0CBD8F33218,wormhole_a,4,B4:BF:E9:34:ED:81,-62,0,0,0,0,0
137757662,NODE_B0CBD8F33218,wormhole_a,4,B4:BF:E9:34:ED:81,-62,0,0,0,0,0
137857666,NODE_B0CBD8F33218,wormhole_a,4,B4:BF:E9:34:ED:81,-62,0,0,0,0,0
137957671,NODE_B0CBD8F33218,wormhole_a,4,B4:BF:E9:34:ED:81,-63,0,0,0,0,0
138057662,NODE_B0CBD8F33218,wormhole_a,4,B4:BF:E9:34:ED:81,-63,0,0,0,0,0
138157666,NODE_B0CBD8F33218,wormhole_a,4,B4:BF:E9:34:ED:81,-63,0,0,0,0,0
138257671,NODE_B0CBD8F33218,wormhole_a,4,B4:BF:E9:34:ED:81,-62,0,0,0,0,0
138367665,NODE_B0CBD8F33218,wormhole_a,4,B4:BF:E9:34:ED:81,-62,0,0,0,0,0
138467668,NODE_B0CBD8F33218,wormhole_a,4,B4:BF:E9:34:ED:81,-62,0,0,0,0,0
138577674,NODE_B0CBD8F33218,wormhole_a,4,B4:BF:E9:34:ED:81,-63,0,0,0,0,0
138677659,NODE_B0CBD8F33218,wormhole_a,4,B4:BF:E9:34:ED:81,-63,0,0,0,0,0
138787668,NODE_B0CBD8F33218,wormhole_a,4,B4:BF:E9:34:ED:81,-63,0,0,0,0,0
138887670,NODE_B0CBD8F33218,wormhole_a,4,B4:BF:E9:34:ED:81,-63,0,0,0,0,0
138987662,NODE_B0CBD8F33218,wormhole_a,4,B4:BF:E9:34:ED:81,-63,0,0,0,0,0
139087668,NODE_B0CBD8F33218,wormhole_a,4,B4:BF:E9:34:ED:81,-63,0,0,0,0,0
139187674,NODE_B0CBD8F33218,wormhole_a,4,B4:BF:E9:34:ED:81,-63,0,0,0,0,0
139287662,NODE_B0CBD8F33218,wormhole_a,4,B4:BF:E9:34:ED:81,-63,0,0,0,0,0
139397667,NODE_B0CBD8F33218,wormhole_a,4,B4:BF:E9:34:ED:81,-63,0,0,0,0,0
139497670,NODE_B0CBD8F33218,wormhole_a,4,B4:BF:E9:34:ED:81,-63,0,0,0,0,0
139607666,NODE_B0CBD8F33218,wormhole_a,4,B4:BF:E9:34:ED:81,-63,0,0,0,0,0
139707674,NODE_B0CBD8F33218,wormhole_a,4,B4:BF:E9:34:ED:81,-63,0,0,0,0,0
139807672,NODE_B0CBD8F33218,wormhole_a,4,B4:BF:E9:34:ED:81,-63,0,0,0,0,0
139907662,NODE_B0CBD8F33218,wormhole_a,4,B4:BF:E9:34:ED:81,-63,0,0,0,0,0
140017666,NODE_B0CBD8F33218,wormhole_a,4,B4:BF:E9:34:ED:81,-63,0,0,0,0,0
140117671,NODE_B0CBD8F33218,wormhole_a,4,B4:BF:E9:34:ED:81,-63,0,0,0,0,0
140217662,NODE_B0CBD8F33218,wormhole_a,4,B4:BF:E9:34:ED:81,-63,0,0,0,0,0
140317666,NODE_B0CBD8F33218,wormhole_a,4,B4:BF:E9:34:ED:81,-63,0,0,0,0,0
140427670,NODE_B0CBD8F33218,wormhole_a,4,B4:BF:E9:34:ED:81,-63,0,0,0,0,0
140527660,NODE_B0CBD8F33218,wormhole_a,4,B4:BF:E9:34:ED:81,-63,0,0,0,0,0
140637670,NODE_B0CBD8F33218,wormhole_a,4,B4:BF:E9:34:ED:81,-63,0,0,0,0,0
140737666,NODE_B0CBD8F33218,wormhole_a,4,B4:BF:E9:34:ED:81,-63,0,0,0,0,0
140837659,NODE_B0CBD8F33218,wormhole_a,4,B4:BF:E9:34:ED:81,-63,0,0,0,0,0
140937666,NODE_B0CBD8F33218,wormhole_a,4,B4:BF:E9:34:ED:81,-63,0,0,0,0,0
141048064,NODE_B0CBD8F33218,wormhole_a,4,B4:BF:E9:34:ED:81,-62,0,0,0,0,0
141147662,NODE_B0CBD8F33218,wormhole_a,4,B4:BF:E9:34:ED:81,-62,0,0,0,0,0
141247676,NODE_B0CBD8F33218,wormhole_a,4,B4:BF:E9:34:ED:81,-62,0,0,0,0,0
141347666,NODE_B0CBD8F33218,wormhole_a,4,B4:BF:E9:34:ED:81,-63,0,0,0,0,0
141457666,NODE_B0CBD8F33218,wormhole_a,4,B4:BF:E9:34:ED:81,-63,0,0,0,0,0
141557667,NODE_B0CBD8F33218,wormhole_a,4,B4:BF:E9:34:ED:81,-63,0,0,0,0,0
141667673,NODE_B0CBD8F33218,wormhole_a,4,B4:BF:E9:34:ED:81,-63,0,0,0,0,0
141767664,NODE_B0CBD8F33218,wormhole_a,4,B4:BF:E9:34:ED:81,-63,0,0,0,0,0
141867672,NODE_B0CBD8F33218,wormhole_a,4,B4:BF:E9:34:ED:81,-63,0,0,0,0,0
141967669,NODE_B0CBD8F33218,wormhole_a,4,B4:BF:E9:34:ED:81,-63,0,0,0,0,0
142077666,NODE_B0CBD8F33218,wormhole_a,4,B4:BF:E9:34:ED:81,-63,0,0,0,0,0
142177666,NODE_B0CBD8F33218,wormhole_a,4,B4:BF:E9:34:ED:81,-63,0,0,0,0,0
142277667,NODE_B0CBD8F33218,wormhole_a,4,B4:BF:E9:34:ED:81,-63,0,0,0,0,0
142377662,NODE_B0CBD8F33218,wormhole_a,4,B4:BF:E9:34:ED:81,-63,0,0,0,0,0
142487670,NODE_B0CBD8F33218,wormhole_a,4,B4:BF:E9:34:ED:81,-63,0,0,0,0,0
142587670,NODE_B0CBD8F33218,wormhole_a,4,B4:BF:E9:34:ED:81,-63,0,0,0,0,0
142697671,NODE_B0CBD8F33218,wormhole_a,4,B4:BF:E9:34:ED:81,-63,0,0,0,0,0
142797666,NODE_B0CBD8F33218,wormhole_a,4,B4:BF:E9:34:ED:81,-63,0,0,0,0,0
142897666,NODE_B0CBD8F33218,wormhole_a,4,B4:BF:E9:34:ED:81,-62,0,0,0,0,0
142997663,NODE_B0CBD8F33218,wormhole_a,4,B4:BF:E9:34:ED:81,-62,0,0,0,0,0
143097670,NODE_B0CBD8F33218,wormhole_a,4,B4:BF:E9:34:ED:81,-62,0,0,0,0,0
143197670,NODE_B0CBD8F33218,wormhole_a,4,B4:BF:E9:34:ED:81,-62,0,0,0,0,0
143307658,NODE_B0CBD8F33218,wormhole_a,4,B4:BF:E9:34:ED:81,-62,0,0,0,0,0
143407668,NODE_B0CBD8F33218,wormhole_a,4,B4:BF:E9:34:ED:81,-62,0,0,0,0,0
143517670,NODE_B0CBD8F33218,wormhole_a,4,B4:BF:E9:34:ED:81,-64,0,0,0,0,0
143617662,NODE_B0CBD8F33218,wormhole_a,4,B4:BF:E9:34:ED:81,-64,0,0,0,0,0
143727893,NODE_B0CBD8F33218,wormhole_a,4,B4:BF:E9:34:ED:81,-64,0,0,0,0,0
143827664,NODE_B0CBD8F33218,wormhole_a,4,B4:BF:E9:34:ED:81,-63,0,0,0,0,0
143927658,NODE_B0CBD8F33218,wormhole_a,4,B4:BF:E9:34:ED:81,-63,0,0,0,0,0
144027666,NODE_B0CBD8F33218,wormhole_a,4,B4:BF:E9:34:ED:81,-63,0,0,0,0,0
144127667,NODE_B0CBD8F33218,wormhole_a,4,B4:BF:E9:34:ED:81,-60,0,0,0,0,0
144227662,NODE_B0CBD8F33218,wormhole_a,4,B4:BF:E9:34:ED:81,-60,0,0,0,0,0
144337674,NODE_B0CBD8F33218,wormhole_a,4,B4:BF:E9:34:ED:81,-60,0,0,0,0,0
144437663,NODE_B0CBD8F33218,wormhole_a,4,B4:BF:E9:34:ED:81,-61,0,0,0,0,0
144537658,NODE_B0CBD8F33218,wormhole_a,4,B4:BF:E9:34:ED:81,-61,0,0,0,0,0
144647670,NODE_B0CBD8F33218,wormhole_a,4,B4:BF:E9:34:ED:81,-61,0,0,0,0,0
144747666,NODE_B0CBD8F33218,wormhole_a,4,B4:BF:E9:34:ED:81,-62,0,0,0,0,0
144847664,NODE_B0CBD8F33218,wormhole_a,4,B4:BF:E9:34:ED:81,-62,0,0,0,0,0
144957662,NODE_B0CBD8F33218,wormhole_a,4,B4:BF:E9:34:ED:81,-62,0,0,0,0,0
145057662,NODE_B0CBD8F33218,wormhole_a,4,B4:BF:E9:34:ED:81,-61,0,0,0,0,0
145157663,NODE_B0CBD8F33218,wormhole_a,4,B4:BF:E9:34:ED:81,-61,0,0,0,0,0
145257666,NODE_B0CBD8F33218,wormhole_a,4,B4:BF:E9:34:ED:81,-61,0,0,0,0,0
145367664,NODE_B0CBD8F33218,wormhole_a,4,B4:BF:E9:34:ED:81,-62,0,0,0,0,0
145467664,NODE_B0CBD8F33218,wormhole_a,4,B4:BF:E9:34:ED:81,-62,0,0,0,0,0
145567661,NODE_B0CBD8F33218,wormhole_a,4,B4:BF:E9:34:ED:81,-62,0,0,0,0,0
145677662,NODE_B0CBD8F33218,wormhole_a,4,B4:BF:E9:34:ED:81,-64,0,0,0,0,0
145777666,NODE_B0CBD8F33218,wormhole_a,4,B4:BF:E9:34:ED:81,-64,0,0,0,0,0
145877667,NODE_B0CBD8F33218,wormhole_a,4,B4:BF:E9:34:ED:81,-64,0,0,0,0,0
145987668,NODE_B0CBD8F33218,wormhole_a,4,B4:BF:E9:34:ED:81,-62,0,0,0,0,0
146087666,NODE_B0CBD8F33218,wormhole_a,4,B4:BF:E9:34:ED:81,-62,0,0,0,0,0
146187666,NODE_B0CBD8F33218,wormhole_a,4,B4:BF:E9:34:ED:81,-62,0,0,0,0,0
146287664,NODE_B0CBD8F33218,wormhole_a,4,B4:BF:E9:34:ED:81,-62,0,0,0,0,0
146397670,NODE_B0CBD8F33218,wormhole_a,4,B4:BF:E9:34:ED:81,-62,0,0,0,0,0
146498461,NODE_B0CBD8F33218,wormhole_a,4,B4:BF:E9:34:ED:81,-64,0,0,0,0,0
146597671,NODE_B0CBD8F33218,wormhole_a,4,B4:BF:E9:34:ED:81,-64,0,0,0,0,0
146707804,NODE_B0CBD8F33218,wormhole_a,4,B4:BF:E9:34:ED:81,-64,0,0,0,0,0
146807670,NODE_B0CBD8F33218,wormhole_a,4,B4:BF:E9:34:ED:81,-63,0,0,0,0,0
146907662,NODE_B0CBD8F33218,wormhole_a,4,B4:BF:E9:34:ED:81,-63,0,0,0,0,0
147017667,NODE_B0CBD8F33218,wormhole_a,4,B4:BF:E9:34:ED:81,-63,0,0,0,0,0
147117666,NODE_B0CBD8F33218,wormhole_a,4,B4:BF:E9:34:ED:81,-64,0,0,0,0,0
147217662,NODE_B0CBD8F33218,wormhole_a,4,B4:BF:E9:34:ED:81,-64,0,0,0,0,0
147317667,NODE_B0CBD8F33218,wormhole_a,4,B4:BF:E9:34:ED:81,-64,0,0,0,0,0
147427660,NODE_B0CBD8F33218,wormhole_a,4,B4:BF:E9:34:ED:81,-65,0,0,0,0,0
147527658,NODE_B0CBD8F33218,wormhole_a,4,B4:BF:E9:34:ED:81,-65,0,0,0,0,0
147628077,NODE_B0CBD8F33218,wormhole_a,4,B4:BF:E9:34:ED:81,-65,0,0,0,0,0
147737659,NODE_B0CBD8F33218,wormhole_a,4,B4:BF:E9:34:ED:81,-65,0,0,0,0,0
147837666,NODE_B0CBD8F33218,wormhole_a,4,B4:BF:E9:34:ED:81,-65,0,0,0,0,0
147937666,NODE_B0CBD8F33218,wormhole_a,4,B4:BF:E9:34:ED:81,-65,0,0,0,0,0
148048048,NODE_B0CBD8F33218,wormhole_a,4,B4:BF:E9:34:ED:81,-65,0,0,0,0,0
148147664,NODE_B0CBD8F33218,wormhole_a,4,B4:BF:E9:34:ED:81,-65,0,0,0,0,0
148247670,NODE_B0CBD8F33218,wormhole_a,4,B4:BF:E9:34:ED:81,-65,0,0,0,0,0
148347666,NODE_B0CBD8F33218,wormhole_a,4,B4:BF:E9:34:ED:81,-64,0,0,0,0,0
148457667,NODE_B0CBD8F33218,wormhole_a,4,B4:BF:E9:34:ED:81,-64,0,0,0,0,0
148557666,NODE_B0CBD8F33218,wormhole_a,4,B4:BF:E9:34:ED:81,-64,0,0,0,0,0
148657670,NODE_B0CBD8F33218,wormhole_a,4,B4:BF:E9:34:ED:81,-64,0,0,0,0,0
148767672,NODE_B0CBD8F33218,wormhole_a,4,B4:BF:E9:34:ED:81,-64,0,0,0,0,0
148867669,NODE_B0CBD8F33218,wormhole_a,4,B4:BF:E9:34:ED:81,-64,0,0,0,0,0
148967668,NODE_B0CBD8F33218,wormhole_a,4,B4:BF:E9:34:ED:81,-64,0,0,0,0,0
149077666,NODE_B0CBD8F33218,wormhole_a,4,B4:BF:E9:34:ED:81,-64,0,0,0,0,0
149177671,NODE_B0CBD8F33218,wormhole_a,4,B4:BF:E9:34:ED:81,-64,0,0,0,0,0
149277666,NODE_B0CBD8F33218,wormhole_a,4,B4:BF:E9:34:ED:81,-64,0,0,0,0,0
149377662,NODE_B0CBD8F33218,wormhole_a,4,B4:BF:E9:34:ED:81,-64,0,0,0,0,0
149477671,NODE_B0CBD8F33218,wormhole_a,4,B4:BF:E9:34:ED:81,-64,0,0,0,0,0
149577670,NODE_B0CBD8F33218,wormhole_a,4,B4:BF:E9:34:ED:81,-64,0,0,0,0,0
149687666,NODE_B0CBD8F33218,wormhole_a,4,B4:BF:E9:34:ED:81,-64,0,0,0,0,0
149787666,NODE_B0CBD8F33218,wormhole_a,4,B4:BF:E9:34:ED:81,-64,0,0,0,0,0
149897671,NODE_B0CBD8F33218,wormhole_a,4,B4:BF:E9:34:ED:81,-64,0,0,0,0,0
149997662,NODE_B0CBD8F33218,wormhole_a,4,B4:BF:E9:34:ED:81,-64,0,0,0,0,0
150097666,NODE_B0CBD8F33218,wormhole_a,4,B4:BF:E9:34:ED:81,-64,0,0,0,0,0
150197671,NODE_B0CBD8F33218,wormhole_a,4,B4:BF:E9:34:ED:81,-58,0,0,0,0,0
150307664,NODE_B0CBD8F33218,wormhole_a,4,B4:BF:E9:34:ED:81,-58,0,0,0,0,0
150407666,NODE_B0CBD8F33218,wormhole_a,4,B4:BF:E9:34:ED:81,-58,0,0,0,0,0
150507910,NODE_B0CBD8F33218,wormhole_a,4,B4:BF:E9:34:ED:81,-62,0,0,0,0,0
150607668,NODE_B0CBD8F33218,wormhole_a,4,B4:BF:E9:34:ED:81,-62,0,0,0,0,0
150717666,NODE_B0CBD8F33218,wormhole_a,4,B4:BF:E9:34:ED:81,-62,0,0,0,0,0
150817670,NODE_B0CBD8F33218,wormhole_a,4,B4:BF:E9:34:ED:81,-62,0,0,0,0,0
150927662,NODE_B0CBD8F33218,wormhole_a,4,B4:BF:E9:34:ED:81,-62,0,0,0,0,0
151027668,NODE_B0CBD8F33218,wormhole_a,4,B4:BF:E9:34:ED:81,-62,0,0,0,0,0
151127670,NODE_B0CBD8F33218,wormhole_a,4,B4:BF:E9:34:ED:81,-58,0,0,0,0,0
151227666,NODE_B0CBD8F33218,wormhole_a,4,B4:BF:E9:34:ED:81,-58,0,0,0,0,0
151337667,NODE_B0CBD8F33218,wormhole_a,4,B4:BF:E9:34:ED:81,-58,0,0,0,0,0
151437670,NODE_B0CBD8F33218,wormhole_a,4,B4:BF:E9:34:ED:81,-61,0,0,0,0,0
151537666,NODE_B0CBD8F33218,wormhole_a,4,B4:BF:E9:34:ED:81,-61,0,0,0,0,0
151637667,NODE_B0CBD8F33218,wormhole_a,4,B4:BF:E9:34:ED:81,-61,0,0,0,0,0
151747676,NODE_B0CBD8F33218,wormhole_a,4,B4:BF:E9:34:ED:81,-63,0,0,0,0,0
151847662,NODE_B0CBD8F33218,wormhole_a,4,B4:BF:E9:34:ED:81,-63,0,0,0,0,0
151957666,NODE_B0CBD8F33218,wormhole_a,4,B4:BF:E9:34:ED:81,-63,0,0,0,0,0
152057671,NODE_B0CBD8F33218,wormhole_a,4,B4:BF:E9:34:ED:81,-65,0,0,0,0,0
152157662,NODE_B0CBD8F33218,wormhole_a,4,B4:BF:E9:34:ED:81,-65,0,0,0,0,0
152257666,NODE_B0CBD8F33218,wormhole_a,4,B4:BF:E9:34:ED:81,-65,0,0,0,0,0
152367672,NODE_B0CBD8F33218,wormhole_a,4,B4:BF:E9:34:ED:81,-65,0,0,0,0,0
152467665,NODE_B0CBD8F33218,wormhole_a,4,B4:BF:E9:34:ED:81,-65,0,0,0,0,0
152567668,NODE_B0CBD8F33218,wormhole_a,4,B4:BF:E9:34:ED:81,-65,0,0,0,0,0
152667676,NODE_B0CBD8F33218,wormhole_a,4,B4:BF:E9:34:ED:81,-65,0,0,0,0,0
152777663,NODE_B0CBD8F33218,wormhole_a,4,B4:BF:E9:34:ED:81,-65,0,0,0,0,0
152877666,NODE_B0CBD8F33218,wormhole_a,4,B4:BF:E9:34:ED:81,-65,0,0,0,0,0
152987670,NODE_B0CBD8F33218,wormhole_a,4,B4:BF:E9:34:ED:81,-63,0,0,0,0,0
153087662,NODE_B0CBD8F33218,wormhole_a,4,B4:BF:E9:34:ED:81,-63,0,0,0,0,0
153187672,NODE_B0CBD8F33218,wormhole_a,4,B4:BF:E9:34:ED:81,-63,0,0,0,0,0
153287670,NODE_B0CBD8F33218,wormhole_a,4,B4:BF:E9:34:ED:81,-63,0,0,0,0,0
153397662,NODE_B0CBD8F33218,wormhole_a,4,B4:BF:E9:34:ED:81,-63,0,0,0,0,0
153497667,NODE_B0CBD8F33218,wormhole_a,4,B4:BF:E9:34:ED:81,-63,0,0,0,0,0
153597674,NODE_B0CBD8F33218,wormhole_a,4,B4:BF:E9:34:ED:81,-73,0,0,0,0,0
153697654,NODE_B0CBD8F33218,wormhole_a,4,B4:BF:E9:34:ED:81,-73,0,0,0,0,0
153807666,NODE_B0CBD8F33218,wormhole_a,4,B4:BF:E9:34:ED:81,-73,0,0,0,0,0
153907672,NODE_B0CBD8F33218,wormhole_a,4,B4:BF:E9:34:ED:81,-75,0,0,0,0,0
154017662,NODE_B0CBD8F33218,wormhole_a,4,B4:BF:E9:34:ED:81,-75,0,0,0,0,0
154117666,NODE_B0CBD8F33218,wormhole_a,4,B4:BF:E9:34:ED:81,-75,0,0,0,0,0
154217671,NODE_B0CBD8F33218,wormhole_a,4,B4:BF:E9:34:ED:81,-72,0,0,0,0,0
154317662,NODE_B0CBD8F33218,wormhole_a,4,B4:BF:E9:34:ED:81,-72,0,0,0,0,0
154417666,NODE_B0CBD8F33218,wormhole_a,4,B4:BF:E9:34:ED:81,-72,0,0,0,0,0
154517675,NODE_B0CBD8F33218,wormhole_a,4,B4:BF:E9:34:ED:81,-72,0,0,0,0,0
154627668,NODE_B0CBD8F33218,wormhole_a,4,B4:BF:E9:34:ED:81,-72,0,0,0,0,0
154727666,NODE_B0CBD8F33218,wormhole_a,4,B4:BF:E9:34:ED:81,-72,0,0,0,0,0
154837670,NODE_B0CBD8F33218,wormhole_a,4,B4:BF:E9:34:ED:81,-62,0,0,0,0,0
154937663,NODE_B0CBD8F33218,wormhole_a,4,B4:BF:E9:34:ED:81,-62,0,0,0,0,0
155048050,NODE_B0CBD8F33218,wormhole_a,4,B4:BF:E9:34:ED:81,-62,0,0,0,0,0
155147670,NODE_B0CBD8F33218,wormhole_a,4,B4:BF:E9:34:ED:81,-65,0,0,0,0,0
155247666,NODE_B0CBD8F33218,wormhole_a,4,B4:BF:E9:34:ED:81,-65,0,0,0,0,0
155347660,NODE_B0CBD8F33218,wormhole_a,4,B4:BF:E9:34:ED:81,-65,0,0,0,0,0
155447670,NODE_B0CBD8F33218,wormhole_a,4,B4:BF:E9:34:ED:81,-64,0,0,0,0,0
155547666,NODE_B0CBD8F33218,wormhole_a,4,B4:BF:E9:34:ED:81,-64,0,0,0,0,0
155657667,NODE_B0CBD8F33218,wormhole_a,4,B4:BF:E9:34:ED:81,-64,0,0,0,0,0
155757670,NODE_B0CBD8F33218,wormhole_a,4,B4:BF:E9:34:ED:81,-63,0,0,0,0,0
155857654,NODE_B0CBD8F33218,wormhole_a,4,B4:BF:E9:34:ED:81,-63,0,0,0,0,0
155967668,NODE_B0CBD8F33218,wormhole_a,4,B4:BF:E9:34:ED:81,-63,0,0,0,0,0
156067673,NODE_B0CBD8F33218,wormhole_a,4,B4:BF:E9:34:ED:81,-63,0,0,0,0,0
156167664,NODE_B0CBD8F33218,wormhole_a,4,B4:BF:E9:34:ED:81,-63,0,0,0,0,0
156277666,NODE_B0CBD8F33218,wormhole_a,4,B4:BF:E9:34:ED:81,-63,0,0,0,0,0
156377671,NODE_B0CBD8F33218,wormhole_a,4,B4:BF:E9:34:ED:81,-62,0,0,0,0,0
156477662,NODE_B0CBD8F33218,wormhole_a,4,B4:BF:E9:34:ED:81,-62,0,0,0,0,0
156577749,NODE_B0CBD8F33218,wormhole_a,4,B4:BF:E9:34:ED:81,-62,0,0,0,0,0
156687674,NODE_B0CBD8F33218,wormhole_a,4,B4:BF:E9:34:ED:81,-64,0,0,0,0,0
156787664,NODE_B0CBD8F33218,wormhole_a,4,B4:BF:E9:34:ED:81,-64,0,0,0,0,0
156887666,NODE_B0CBD8F33218,wormhole_a,4,B4:BF:E9:34:ED:81,-64,0,0,0,0,0
156997670,NODE_B0CBD8F33218,wormhole_a,4,B4:BF:E9:34:ED:81,-58,0,0,0,0,0
157097663,NODE_B0CBD8F33218,wormhole_a,4,B4:BF:E9:34:ED:81,-58,0,0,0,0,0
157197670,NODE_B0CBD8F33218,wormhole_a,4,B4:BF:E9:34:ED:81,-58,0,0,0,0,0
157307670,NODE_B0CBD8F33218,wormhole_a,4,B4:BF:E9:34:ED:81,-64,0,0,0,0,0
157407654,NODE_B0CBD8F33218,wormhole_a,4,B4:BF:E9:34:ED:81,-64,0,0,0,0,0
157507668,NODE_B0CBD8F33218,wormhole_a,4,B4:BF:E9:34:ED:81,-64,0,0,0,0,0
157607674,NODE_B0CBD8F33218,wormhole_a,4,B4:BF:E9:34:ED:81,-63,0,0,0,0,0
157717666,NODE_B0CBD8F33218,wormhole_a,4,B4:BF:E9:34:ED:81,-63,0,0,0,0,0
157817667,NODE_B0CBD8F33218,wormhole_a,4,B4:BF:E9:34:ED:81,-63,0,0,0,0,0
157917670,NODE_B0CBD8F33218,wormhole_a,4,B4:BF:E9:34:ED:81,-61,0,0,0,0,0
158027662,NODE_B0CBD8F33218,wormhole_a,4,B4:BF:E9:34:ED:81,-61,0,0,0,0,0
158127666,NODE_B0CBD8F33218,wormhole_a,4,B4:BF:E9:34:ED:81,-61,0,0,0,0,0
158227672,NODE_B0CBD8F33218,wormhole_a,4,B4:BF:E9:34:ED:81,-64,0,0,0,0,0
158337662,NODE_B0CBD8F33218,wormhole_a,4,B4:BF:E9:34:ED:81,-64,0,0,0,0,0
158437666,NODE_B0CBD8F33218,wormhole_a,4,B4:BF:E9:34:ED:81,-64,0,0,0,0,0
158537675,NODE_B0CBD8F33218,wormhole_a,4,B4:BF:E9:34:ED:81,-63,0,0,0,0,0
158637666,NODE_B0CBD8F33218,wormhole_a,4,B4:BF:E9:34:ED:81,-63,0,0,0,0,0
158747666,NODE_B0CBD8F33218,wormhole_a,4,B4:BF:E9:34:ED:81,-63,0,0,0,0,0
158847670,NODE_B0CBD8F33218,wormhole_a,4,B4:BF:E9:34:ED:81,-63,0,0,0,0,0
158947664,NODE_B0CBD8F33218,wormhole_a,4,B4:BF:E9:34:ED:81,-63,0,0,0,0,0
159057666,NODE_B0CBD8F33218,wormhole_a,4,B4:BF:E9:34:ED:81,-63,0,0,0,0,0
159157674,NODE_B0CBD8F33218,wormhole_a,4,B4:BF:E9:34:ED:81,-62,0,0,0,0,0
159257663,NODE_B0CBD8F33218,wormhole_a,4,B4:BF:E9:34:ED:81,-62,0,0,0,0,0
159367669,NODE_B0CBD8F33218,wormhole_a,4,B4:BF:E9:34:ED:81,-62,0,0,0,0,0
159467672,NODE_B0CBD8F33218,wormhole_a,4,B4:BF:E9:34:ED:81,-62,0,0,0,0,0
159567660,NODE_B0CBD8F33218,wormhole_a,4,B4:BF:E9:34:ED:81,-62,0,0,0,0,0
159667661,NODE_B0CBD8F33218,wormhole_a,4,B4:BF:E9:34:ED:81,-62,0,0,0,0,0
159777670,NODE_B0CBD8F33218,wormhole_a,4,B4:BF:E9:34:ED:81,-60,0,0,0,0,0
159877848,NODE_B0CBD8F33218,wormhole_a,4,B4:BF:E9:34:ED:81,-60,0,0,0,0,0
159977667,NODE_B0CBD8F33218,wormhole_a,4,B4:BF:E9:34:ED:81,-60,0,0,0,0,0
160087672,NODE_B0CBD8F33218,wormhole_a,4,B4:BF:E9:34:ED:81,-61,0,0,0,0,0
160187662,NODE_B0CBD8F33218,wormhole_a,4,B4:BF:E9:34:ED:81,-61,0,0,0,0,0
160287666,NODE_B0CBD8F33218,wormhole_a,4,B4:BF:E9:34:ED:81,-61,0,0,0,0,0
160397671,NODE_B0CBD8F33218,wormhole_a,4,B4:BF:E9:34:ED:81,-61,0,0,0,0,0
160497662,NODE_B0CBD8F33218,wormhole_a,4,B4:BF:E9:34:ED:81,-61,0,0,0,0,0
160598170,NODE_B0CBD8F33218,wormhole_a,4,B4:BF:E9:34:ED:81,-61,0,0,0,0,0
160697667,NODE_B0CBD8F33218,wormhole_a,4,B4:BF:E9:34:ED:81,-63,0,0,0,0,0
160797662,NODE_B0CBD8F33218,wormhole_a,4,B4:BF:E9:34:ED:81,-63,0,0,0,0,0
160897666,NODE_B0CBD8F33218,wormhole_a,4,B4:BF:E9:34:ED:81,-63,0,0,0,0,0
161007670,NODE_B0CBD8F33218,wormhole_a,4,B4:BF:E9:34:ED:81,-60,0,0,0,0,0
161107664,NODE_B0CBD8F33218,wormhole_a,4,B4:BF:E9:34:ED:81,-60,0,0,0,0,0
161217670,NODE_B0CBD8F33218,wormhole_a,4,B4:BF:E9:34:ED:81,-60,0,0,0,0,0
161317670,NODE_B0CBD8F33218,wormhole_a,4,B4:BF:E9:34:ED:81,-58,0,0,0,0,0
161417656,NODE_B0CBD8F33218,wormhole_a,4,B4:BF:E9:34:ED:81,-58,0,0,0,0,0
161517666,NODE_B0CBD8F33218,wormhole_a,4,B4:BF:E9:34:ED:81,-58,0,0,0,0,0
161627674,NODE_B0CBD8F33218,wormhole_a,4,B4:BF:E9:34:ED:81,-62,0,0,0,0,0
161727654,NODE_B0CBD8F33218,wormhole_a,4,B4:BF:E9:34:ED:81,-62,0,0,0,0,0
161827668,NODE_B0CBD8F33218,wormhole_a,4,B4:BF:E9:34:ED:81,-62,0,0,0,0,0
161927670,NODE_B0CBD8F33218,wormhole_a,4,B4:BF:E9:34:ED:81,-61,0,0,0,0,0
162037654,NODE_B0CBD8F33218,wormhole_a,4,B4:BF:E9:34:ED:81,-61,0,0,0,0,0
162137667,NODE_B0CBD8F33218,wormhole_a,4,B4:BF:E9:34:ED:81,-61,0,0,0,0,0
162247672,NODE_B0CBD8F33218,wormhole_a,4,B4:BF:E9:34:ED:81,-62,0,0,0,0,0
162347654,NODE_B0CBD8F33218,wormhole_a,4,B4:BF:E9:34:ED:81,-62,0,0,0,0,0
162447666,NODE_B0CBD8F33218,wormhole_a,4,B4:BF:E9:34:ED:81,-62,0,0,0,0,0
162547676,NODE_B0CBD8F33218,wormhole_a,4,B4:BF:E9:34:ED:81,-62,0,0,0,0,0
162657658,NODE_B0CBD8F33218,wormhole_a,4,B4:BF:E9:34:ED:81,-62,0,0,0,0,0
162757666,NODE_B0CBD8F33218,wormhole_a,4,B4:BF:E9:34:ED:81,-62,0,0,0,0,0
162857671,NODE_B0CBD8F33218,wormhole_a,4,B4:BF:E9:34:ED:81,-61,0,0,0,0,0
162957662,NODE_B0CBD8F33218,wormhole_a,4,B4:BF:E9:34:ED:81,-61,0,0,0,0,0
163067668,NODE_B0CBD8F33218,wormhole_a,4,B4:BF:E9:34:ED:81,-61,0,0,0,0,0
163167676,NODE_B0CBD8F33218,wormhole_a,4,B4:BF:E9:34:ED:81,-65,0,0,0,0,0
163277663,NODE_B0CBD8F33218,wormhole_a,4,B4:BF:E9:34:ED:81,-65,0,0,0,0,0
163377666,NODE_B0CBD8F33218,wormhole_a,4,B4:BF:E9:34:ED:81,-65,0,0,0,0,0
163477670,NODE_B0CBD8F33218,wormhole_a,4,B4:BF:E9:34:ED:81,-62,0,0,0,0,0
163577667,NODE_B0CBD8F33218,wormhole_a,4,B4:BF:E9:34:ED:81,-62,0,0,0,0,0
163687668,NODE_B0CBD8F33218,wormhole_a,4,B4:BF:E9:34:ED:81,-62,0,0,0,0,0
163787670,NODE_B0CBD8F33218,wormhole_a,4,B4:BF:E9:34:ED:81,-63,0,0,0,0,0
163887662,NODE_B0CBD8F33218,wormhole_a,4,B4:BF:E9:34:ED:81,-63,0,0,0,0,0
163987668,NODE_B0CBD8F33218,wormhole_a,4,B4:BF:E9:34:ED:81,-63,0,0,0,0,0
164097662,NODE_B0CBD8F33218,wormhole_a,4,B4:BF:E9:34:ED:81,-62,0,0,0,0,0
164197662,NODE_B0CBD8F33218,wormhole_a,4,B4:BF:E9:34:ED:81,-62,0,0,0,0,0
164307759,NODE_B0CBD8F33218,wormhole_a,4,B4:BF:E9:34:ED:81,-62,0,0,0,0,0
164407664,NODE_B0CBD8F33218,wormhole_a,4,B4:BF:E9:34:ED:81,-63,0,0,0,0,0
164507662,NODE_B0CBD8F33218,wormhole_a,4,B4:BF:E9:34:ED:81,-63,0,0,0,0,0
164607666,NODE_B0CBD8F33218,wormhole_a,4,B4:BF:E9:34:ED:81,-63,0,0,0,0,0
164717671,NODE_B0CBD8F33218,wormhole_a,4,B4:BF:E9:34:ED:81,-63,0,0,0,0,0
164817654,NODE_B0CBD8F33218,wormhole_a,4,B4:BF:E9:34:ED:81,-63,0,0,0,0,0
164917666,NODE_B0CBD8F33218,wormhole_a,4,B4:BF:E9:34:ED:81,-63,0,0,0,0,0
165017671,NODE_B0CBD8F33218,wormhole_a,4,B4:BF:E9:34:ED:81,-63,0,0,0,0,0
165127664,NODE_B0CBD8F33218,wormhole_a,4,B4:BF:E9:34:ED:81,-63,0,0,0,0,0
165227678,NODE_B0CBD8F33218,wormhole_a,4,B4:BF:E9:34:ED:81,-63,0,0,0,0,0
165337654,NODE_B0CBD8F33218,wormhole_a,4,B4:BF:E9:34:ED:81,-62,0,0,0,0,0
165437667,NODE_B0CBD8F33218,wormhole_a,4,B4:BF:E9:34:ED:81,-62,0,0,0,0,0
165537674,NODE_B0CBD8F33218,wormhole_a,4,B4:BF:E9:34:ED:81,-62,0,0,0,0,0
165637662,NODE_B0CBD8F33218,wormhole_a,4,B4:BF:E9:34:ED:81,-61,0,0,0,0,0
165737659,NODE_B0CBD8F33218,wormhole_a,4,B4:BF:E9:34:ED:81,-61,0,0,0,0,0
165837666,NODE_B0CBD8F33218,wormhole_a,4,B4:BF:E9:34:ED:81,-61,0,0,0,0,0
165947670,NODE_B0CBD8F33218,wormhole_a,4,B4:BF:E9:34:ED:81,-62,0,0,0,0,0
166048458,NODE_B0CBD8F33218,wormhole_a,4,B4:BF:E9:34:ED:81,-62,0,0,0,0,0
166147832,NODE_B0CBD8F33218,wormhole_a,4,B4:BF:E9:34:ED:81,-62,0,0,0,0,0
166257654,NODE_B0CBD8F33218,wormhole_a,4,B4:BF:E9:34:ED:81,-62,0,0,0,0,0
166367668,NODE_B0CBD8F33218,wormhole_a,4,B4:BF:E9:34:ED:81,-62,0,0,0,0,0
166467672,NODE_B0CBD8F33218,wormhole_a,4,B4:BF:E9:34:ED:81,-63,0,0,0,0,0
166567669,NODE_B0CBD8F33218,wormhole_a,4,B4:BF:E9:34:ED:81,-63,0,0,0,0,0
166667832,NODE_B0CBD8F33218,wormhole_a,4,B4:BF:E9:34:ED:81,-63,0,0,0,0,0
166767676,NODE_B0CBD8F33218,wormhole_a,4,B4:BF:E9:34:ED:81,-63,0,0,0,0,0
166867665,NODE_B0CBD8F33218,wormhole_a,4,B4:BF:E9:34:ED:81,-63,0,0,0,0,0
166977666,NODE_B0CBD8F33218,wormhole_a,4,B4:BF:E9:34:ED:81,-63,0,0,0,0,0
167077670,NODE_B0CBD8F33218,wormhole_a,4,B4:BF:E9:34:ED:81,-63,0,0,0,0,0
167177667,NODE_B0CBD8F33218,wormhole_a,4,B4:BF:E9:34:ED:81,-63,0,0,0,0,0
167287660,NODE_B0CBD8F33218,wormhole_a,4,B4:BF:E9:34:ED:81,-63,0,0,0,0,0
167388124,NODE_B0CBD8F33218,wormhole_a,4,B4:BF:E9:34:ED:81,-61,0,0,0,0,0
167487662,NODE_B0CBD8F33218,wormhole_a,4,B4:BF:E9:34:ED:81,-61,0,0,0,0,0
167598170,NODE_B0CBD8F33218,wormhole_a,4,B4:BF:E9:34:ED:81,-61,0,0,0,0,0
167697654,NODE_B0CBD8F33218,wormhole_a,4,B4:BF:E9:34:ED:81,-62,0,0,0,0,0
167797670,NODE_B0CBD8F33218,wormhole_a,4,B4:BF:E9:34:ED:81,-62,0,0,0,0,0
167897659,NODE_B0CBD8F33218,wormhole_a,4,B4:BF:E9:34:ED:81,-62,0,0,0,0,0
168007658,NODE_B0CBD8F33218,wormhole_a,4,B4:BF:E9:34:ED:81,-62,0,0,0,0,0
168107662,NODE_B0CBD8F33218,wormhole_a,4,B4:BF:E9:34:ED:81,-62,0,0,0,0,0
168207674,NODE_B0CBD8F33218,wormhole_a,4,B4:BF:E9:34:ED:81,-62,0,0,0,0,0
168317656,NODE_B0CBD8F33218,wormhole_a,4,B4:BF:E9:34:ED:81,-64,0,0,0,0,0
168417662,NODE_B0CBD8F33218,wormhole_a,4,B4:BF:E9:34:ED:81,-64,0,0,0,0,0
168517666,NODE_B0CBD8F33218,wormhole_a,4,B4:BF:E9:34:ED:81,-64,0,0,0,0,0
168627658,NODE_B0CBD8F33218,wormhole_a,4,B4:BF:E9:34:ED:81,-63,0,0,0,0,0
168727664,NODE_B0CBD8F33218,wormhole_a,4,B4:BF:E9:34:ED:81,-63,0,0,0,0,0
168827674,NODE_B0CBD8F33218,wormhole_a,4,B4:BF:E9:34:ED:81,-63,0,0,0,0,0
168927662,NODE_B0CBD8F33218,wormhole_a,4,B4:BF:E9:34:ED:81,-64,0,0,0,0,0
169037663,NODE_B0CBD8F33218,wormhole_a,4,B4:BF:E9:34:ED:81,-64,0,0,0,0,0
169137666,NODE_B0CBD8F33218,wormhole_a,4,B4:BF:E9:34:ED:81,-64,0,0,0,0,0
169237666,NODE_B0CBD8F33218,wormhole_a,4,B4:BF:E9:34:ED:81,-63,0,0,0,0,0
169347662,NODE_B0CBD8F33218,wormhole_a,4,B4:BF:E9:34:ED:81,-63,0,0,0,0,0
169447668,NODE_B0CBD8F33218,wormhole_a,4,B4:BF:E9:34:ED:81,-63,0,0,0,0,0
169547666,NODE_B0CBD8F33218,wormhole_a,4,B4:BF:E9:34:ED:81,-63,0,0,0,0,0
169657666,NODE_B0CBD8F33218,wormhole_a,4,B4:BF:E9:34:ED:81,-63,0,0,0,0,0
169757667,NODE_B0CBD8F33218,wormhole_a,4,B4:BF:E9:34:ED:81,-63,0,0,0,0,0
169857662,NODE_B0CBD8F33218,wormhole_a,4,B4:BF:E9:34:ED:81,-63,0,0,0,0,0
169957654,NODE_B0CBD8F33218,wormhole_a,4,B4:BF:E9:34:ED:81,-63,0,0,0,0,0
170067676,NODE_B0CBD8F33218,wormhole_a,4,B4:BF:E9:34:ED:81,-63,0,0,0,0,0
170167665,NODE_B0CBD8F33218,wormhole_a,4,B4:BF:E9:34:ED:81,-63,0,0,0,0,0
170267664,NODE_B0CBD8F33218,wormhole_a,4,B4:BF:E9:34:ED:81,-63,0,0,0,0,0
170377666,NODE_B0CBD8F33218,wormhole_a,4,B4:BF:E9:34:ED:81,-63,0,0,0,0,0
170477663,NODE_B0CBD8F33218,wormhole_a,4,B4:BF:E9:34:ED:81,-63,0,0,0,0,0
170577658,NODE_B0CBD8F33218,wormhole_a,4,B4:BF:E9:34:ED:81,-63,0,0,0,0,0
170687674,NODE_B0CBD8F33218,wormhole_a,4,B4:BF:E9:34:ED:81,-63,0,0,0,0,0
170787662,NODE_B0CBD8F33218,wormhole_a,4,B4:BF:E9:34:ED:81,-62,0,0,0,0,0
170887664,NODE_B0CBD8F33218,wormhole_a,4,B4:BF:E9:34:ED:81,-62,0,0,0,0,0
170987666,NODE_B0CBD8F33218,wormhole_a,4,B4:BF:E9:34:ED:81,-62,0,0,0,0,0
171097662,NODE_B0CBD8F33218,wormhole_a,4,B4:BF:E9:34:ED:81,-62,0,0,0,0,0
171197659,NODE_B0CBD8F33218,wormhole_a,4,B4:BF:E9:34:ED:81,-62,0,0,0,0,0
171297674,NODE_B0CBD8F33218,wormhole_a,4,B4:BF:E9:34:ED:81,-62,0,0,0,0,0
171407662,NODE_B0CBD8F33218,wormhole_a,4,B4:BF:E9:34:ED:81,-63,0,0,0,0,0
171507670,NODE_B0CBD8F33218,wormhole_a,4,B4:BF:E9:34:ED:81,-63,0,0,0,0,0
171607668,NODE_B0CBD8F33218,wormhole_a,4,B4:BF:E9:34:ED:81,-63,0,0,0,0,0
171717666,NODE_B0CBD8F33218,wormhole_a,4,B4:BF:E9:34:ED:81,-62,0,0,0,0,0
171817662,NODE_B0CBD8F33218,wormhole_a,4,B4:BF:E9:34:ED:81,-62,0,0,0,0,0
171917675,NODE_B0CBD8F33218,wormhole_a,4,B4:BF:E9:34:ED:81,-62,0,0,0,0,0
172017662,NODE_B0CBD8F33218,wormhole_a,4,B4:BF:E9:34:ED:81,-63,0,0,0,0,0
172117670,NODE_B0CBD8F33218,wormhole_a,4,B4:BF:E9:34:ED:81,-63,0,0,0,0,0
172217667,NODE_B0CBD8F33218,wormhole_a,4,B4:BF:E9:34:ED:81,-63,0,0,0,0,0
172327664,NODE_B0CBD8F33218,wormhole_a,4,B4:BF:E9:34:ED:81,-58,0,0,0,0,0
172427670,NODE_B0CBD8F33218,wormhole_a,4,B4:BF:E9:34:ED:81,-58,0,0,0,0,0
172537666,NODE_B0CBD8F33218,wormhole_a,4,B4:BF:E9:34:ED:81,-58,0,0,0,0,0
172637663,NODE_B0CBD8F33218,wormhole_a,4,B4:BF:E9:34:ED:81,-63,0,0,0,0,0
172737674,NODE_B0CBD8F33218,wormhole_a,4,B4:BF:E9:34:ED:81,-63,0,0,0,0,0
172837666,NODE_B0CBD8F33218,wormhole_a,4,B4:BF:E9:34:ED:81,-63,0,0,0,0,0
172947674,NODE_B0CBD8F33218,wormhole_a,4,B4:BF:E9:34:ED:81,-57,0,0,0,0,0
173048102,NODE_B0CBD8F33218,wormhole_a,4,B4:BF:E9:34:ED:81,-57,0,0,0,0,0
173147666,NODE_B0CBD8F33218,wormhole_a,4,B4:BF:E9:34:ED:81,-57,0,0,0,0,0
173247678,NODE_B0CBD8F33218,wormhole_a,4,B4:BF:E9:34:ED:81,-59,0,0,0,0,0
173357663,NODE_B0CBD8F33218,wormhole_a,4,B4:BF:E9:34:ED:81,-59,0,0,0,0,0
173457666,NODE_B0CBD8F33218,wormhole_a,4,B4:BF:E9:34:ED:81,-59,0,0,0,0,0
173567676,NODE_B0CBD8F33218,wormhole_a,4,B4:BF:E9:34:ED:81,-63,0,0,0,0,0
173667668,NODE_B0CBD8F33218,wormhole_a,4,B4:BF:E9:34:ED:81,-63,0,0,0,0,0
173767669,NODE_B0CBD8F33218,wormhole_a,4,B4:BF:E9:34:ED:81,-63,0,0,0,0,0
173867672,NODE_B0CBD8F33218,wormhole_a,4,B4:BF:E9:34:ED:81,-69,0,0,0,0,0
173977662,NODE_B0CBD8F33218,wormhole_a,4,B4:BF:E9:34:ED:81,-69,0,0,0,0,0
174077667,NODE_B0CBD8F33218,wormhole_a,4,B4:BF:E9:34:ED:81,-69,0,0,0,0,0
174177670,NODE_B0CBD8F33218,wormhole_a,4,B4:BF:E9:34:ED:81,-63,0,0,0,0,0
174277662,NODE_B0CBD8F33218,wormhole_a,4,B4:BF:E9:34:ED:81,-63,0,0,0,0,0
174387666,NODE_B0CBD8F33218,wormhole_a,4,B4:BF:E9:34:ED:81,-63,0,0,0,0,0
174487672,NODE_B0CBD8F33218,wormhole_a,4,B4:BF:E9:34:ED:81,-62,0,0,0,0,0
174597666,NODE_B0CBD8F33218,wormhole_a,4,B4:BF:E9:34:ED:81,-62,0,0,0,0,0
174697666,NODE_B0CBD8F33218,wormhole_a,4,B4:BF:E9:34:ED:81,-62,0,0,0,0,0
174797671,NODE_B0CBD8F33218,wormhole_a,4,B4:BF:E9:34:ED:81,-63,0,0,0,0,0
174897662,NODE_B0CBD8F33218,wormhole_a,4,B4:BF:E9:34:ED:81,-63,0,0,0,0,0
175007666,NODE_B0CBD8F33218,wormhole_a,4,B4:BF:E9:34:ED:81,-63,0,0,0,0,0
175107670,NODE_B0CBD8F33218,wormhole_a,4,B4:BF:E9:34:ED:81,-63,0,0,0,0,0
175207668,NODE_B0CBD8F33218,wormhole_a,4,B4:BF:E9:34:ED:81,-63,0,0,0,0,0
175307666,NODE_B0CBD8F33218,wormhole_a,4,B4:BF:E9:34:ED:81,-63,0,0,0,0,0
175417670,NODE_B0CBD8F33218,wormhole_a,4,B4:BF:E9:34:ED:81,-63,0,0,0,0,0
175518046,NODE_B0CBD8F33218,wormhole_a,4,B4:BF:E9:34:ED:81,-63,0,0,0,0,0
175627660,NODE_B0CBD8F33218,wormhole_a,4,B4:BF:E9:34:ED:81,-63,0,0,0,0,0
175727670,NODE_B0CBD8F33218,wormhole_a,4,B4:BF:E9:34:ED:81,-63,0,0,0,0,0
175827666,NODE_B0CBD8F33218,wormhole_a,4,B4:BF:E9:34:ED:81,-63,0,0,0,0,0
175927668,NODE_B0CBD8F33218,wormhole_a,4,B4:BF:E9:34:ED:81,-63,0,0,0,0,0
176037670,NODE_B0CBD8F33218,wormhole_a,4,B4:BF:E9:34:ED:81,-62,0,0,0,0,0
176137662,NODE_B0CBD8F33218,wormhole_a,4,B4:BF:E9:34:ED:81,-62,0,0,0,0,0
176237667,NODE_B0CBD8F33218,wormhole_a,4,B4:BF:E9:34:ED:81,-62,0,0,0,0,0
176337670,NODE_B0CBD8F33218,wormhole_a,4,B4:BF:E9:34:ED:81,-63,0,0,0,0,0
176447662,NODE_B0CBD8F33218,wormhole_a,4,B4:BF:E9:34:ED:81,-63,0,0,0,0,0
176547666,NODE_B0CBD8F33218,wormhole_a,4,B4:BF:E9:34:ED:81,-63,0,0,0,0,0
176657675,NODE_B0CBD8F33218,wormhole_a,4,B4:BF:E9:34:ED:81,-63,0,0,0,0,0
176757662,NODE_B0CBD8F33218,wormhole_a,4,B4:BF:E9:34:ED:81,-63,0,0,0,0,0
176857666,NODE_B0CBD8F33218,wormhole_a,4,B4:BF:E9:34:ED:81,-63,0,0,0,0,0
176957671,NODE_B0CBD8F33218,wormhole_a,4,B4:BF:E9:34:ED:81,-63,0,0,0,0,0
177057662,NODE_B0CBD8F33218,wormhole_a,4,B4:BF:E9:34:ED:81,-63,0,0,0,0,0
177157670,NODE_B0CBD8F33218,wormhole_a,4,B4:BF:E9:34:ED:81,-63,0,0,0,0,0
177267672,NODE_B0CBD8F33218,wormhole_a,4,B4:BF:E9:34:ED:81,-63,0,0,0,0,0
177367665,NODE_B0CBD8F33218,wormhole_a,4,B4:BF:E9:34:ED:81,-63,0,0,0,0,0
177467712,NODE_B0CBD8F33218,wormhole_a,4,B4:BF:E9:34:ED:81,-63,0,0,0,0,0
177577674,NODE_B0CBD8F33218,wormhole_a,4,B4:BF:E9:34:ED:81,-63,0,0,0,0,0
177687666,NODE_B0CBD8F33218,wormhole_a,4,B4:BF:E9:34:ED:81,-63,0,0,0,0,0
177787668,NODE_B0CBD8F33218,wormhole_a,4,B4:BF:E9:34:ED:81,-63,0,0,0,0,0
177887670,NODE_B0CBD8F33218,wormhole_a,4,B4:BF:E9:34:ED:81,-63,0,0,0,0,0
177987662,NODE_B0CBD8F33218,wormhole_a,4,B4:BF:E9:34:ED:81,-63,0,0,0,0,0
178087668,NODE_B0CBD8F33218,wormhole_a,4,B4:BF:E9:34:ED:81,-63,0,0,0,0,0
178187670,NODE_B0CBD8F33218,wormhole_a,4,B4:BF:E9:34:ED:81,-62,0,0,0,0,0
178297662,NODE_B0CBD8F33218,wormhole_a,4,B4:BF:E9:34:ED:81,-62,0,0,0,0,0
178397667,NODE_B0CBD8F33218,wormhole_a,4,B4:BF:E9:34:ED:81,-62,0,0,0,0,0
178497670,NODE_B0CBD8F33218,wormhole_a,4,B4:BF:E9:34:ED:81,-63,0,0,0,0,0
178607666,NODE_B0CBD8F33218,wormhole_a,4,B4:BF:E9:34:ED:81,-63,0,0,0,0,0
178707666,NODE_B0CBD8F33218,wormhole_a,4,B4:BF:E9:34:ED:81,-63,0,0,0,0,0
178807672,NODE_B0CBD8F33218,wormhole_a,4,B4:BF:E9:34:ED:81,-63,0,0,0,0,0
178917662,NODE_B0CBD8F33218,wormhole_a,4,B4:BF:E9:34:ED:81,-63,0,0,0,0,0
179017666,NODE_B0CBD8F33218,wormhole_a,4,B4:BF:E9:34:ED:81,-63,0,0,0,0,0
179117671,NODE_B0CBD8F33218,wormhole_a,4,B4:BF:E9:34:ED:81,-63,0,0,0,0,0
179217666,NODE_B0CBD8F33218,wormhole_a,4,B4:BF:E9:34:ED:81,-63,0,0,0,0,0
179327666,NODE_B0CBD8F33218,wormhole_a,4,B4:BF:E9:34:ED:81,-63,0,0,0,0,0
179427670,NODE_B0CBD8F33218,wormhole_a,4,B4:BF:E9:34:ED:81,-63,0,0,0,0,0
179527668,NODE_B0CBD8F33218,wormhole_a,4,B4:BF:E9:34:ED:81,-63,0,0,0,0,0
179637670,NODE_B0CBD8F33218,wormhole_a,4,B4:BF:E9:34:ED:81,-63,0,0,0,0,0
179737670,NODE_B0CBD8F33218,wormhole_a,4,B4:BF:E9:34:ED:81,-63,0,0,0,0,0
179837663,NODE_B0CBD8F33218,wormhole_a,4,B4:BF:E9:34:ED:81,-63,0,0,0,0,0
179947668,NODE_B0CBD8F33218,wormhole_a,4,B4:BF:E9:34:ED:81,-63,0,0,0,0,0
180048060,NODE_B0CBD8F33218,wormhole_a,4,B4:BF:E9:34:ED:81,-63,0,0,0,0,0
180147662,NODE_B0CBD8F33218,wormhole_a,4,B4:BF:E9:34:ED:81,-63,0,0,0,0,0
180247668,NODE_B0CBD8F33218,wormhole_a,4,B4:BF:E9:34:ED:81,-63,0,0,0,0,0
180357670,NODE_B0CBD8F33218,wormhole_a,4,B4:BF:E9:34:ED:81,-62,0,0,0,0,0
180457662,NODE_B0CBD8F33218,wormhole_a,4,B4:BF:E9:34:ED:81,-62,0,0,0,0,0
180557659,NODE_B0CBD8F33218,wormhole_a,4,B4:BF:E9:34:ED:81,-62,0,0,0,0,0
180667677,NODE_B0CBD8F33218,wormhole_a,4,B4:BF:E9:34:ED:81,-63,0,0,0,0,0
180767898,NODE_B0CBD8F33218,wormhole_a,4,B4:BF:E9:34:ED:81,-63,0,0,0,0,0
180867668,NODE_B0CBD8F33218,wormhole_a,4,B4:BF:E9:34:ED:81,-63,0,0,0,0,0
180977671,NODE_B0CBD8F33218,wormhole_a,4,B4:BF:E9:34:ED:81,-63,0,0,0,0,0
181077662,NODE_B0CBD8F33218,wormhole_a,4,B4:BF:E9:34:ED:81,-63,0,0,0,0,0
181177662,NODE_B0CBD8F33218,wormhole_a,4,B4:BF:E9:34:ED:81,-63,0,0,0,0,0
181277671,NODE_B0CBD8F33218,wormhole_a,4,B4:BF:E9:34:ED:81,-63,0,0,0,0,0
181387664,NODE_B0CBD8F33218,wormhole_a,4,B4:BF:E9:34:ED:81,-63,0,0,0,0,0
181487666,NODE_B0CBD8F33218,wormhole_a,4,B4:BF:E9:34:ED:81,-63,0,0,0,0,0
181587674,NODE_B0CBD8F33218,wormhole_a,4,B4:BF:E9:34:ED:81,-63,0,0,0,0,0
181697667,NODE_B0CBD8F33218,wormhole_a,4,B4:BF:E9:34:ED:81,-63,0,0,0,0,0
181797666,NODE_B0CBD8F33218,wormhole_a,4,B4:BF:E9:34:ED:81,-63,0,0,0,0,0
181897670,NODE_B0CBD8F33218,wormhole_a,4,B4:BF:E9:34:ED:81,-62,0,0,0,0,0
182007662,NODE_B0CBD8F33218,wormhole_a,4,B4:BF:E9:34:ED:81,-62,0,0,0,0,0
182107668,NODE_B0CBD8F33218,wormhole_a,4,B4:BF:E9:34:ED:81,-62,0,0,0,0,0
182207670,NODE_B0CBD8F33218,wormhole_a,4,B4:BF:E9:34:ED:81,-63,0,0,0,0,0
182307662,NODE_B0CBD8F33218,wormhole_a,4,B4:BF:E9:34:ED:81,-63,0,0,0,0,0
182417667,NODE_B0CBD8F33218,wormhole_a,4,B4:BF:E9:34:ED:81,-63,0,0,0,0,0
182517674,NODE_B0CBD8F33218,wormhole_a,4,B4:BF:E9:34:ED:81,-63,0,0,0,0,0
182617666,NODE_B0CBD8F33218,wormhole_a,4,B4:BF:E9:34:ED:81,-63,0,0,0,0,0
182727666,NODE_B0CBD8F33218,wormhole_a,4,B4:BF:E9:34:ED:81,-63,0,0,0,0,0
182827672,NODE_B0CBD8F33218,wormhole_a,4,B4:BF:E9:34:ED:81,-64,0,0,0,0,0
182927662,NODE_B0CBD8F33218,wormhole_a,4,B4:BF:E9:34:ED:81,-64,0,0,0,0,0
183037666,NODE_B0CBD8F33218,wormhole_a,4,B4:BF:E9:34:ED:81,-64,0,0,0,0,0
183137671,NODE_B0CBD8F33218,wormhole_a,4,B4:BF:E9:34:ED:81,-63,0,0,0,0,0
183237666,NODE_B0CBD8F33218,wormhole_a,4,B4:BF:E9:34:ED:81,-63,0,0,0,0,0
183337666,NODE_B0CBD8F33218,wormhole_a,4,B4:BF:E9:34:ED:81,-63,0,0,0,0,0
183437671,NODE_B0CBD8F33218,wormhole_a,4,B4:BF:E9:34:ED:81,-64,0,0,0,0,0
183537666,NODE_B0CBD8F33218,wormhole_a,4,B4:BF:E9:34:ED:81,-64,0,0,0,0,0
183647666,NODE_B0CBD8F33218,wormhole_a,4,B4:BF:E9:34:ED:81,-64,0,0,0,0,0
183747670,NODE_B0CBD8F33218,wormhole_a,4,B4:BF:E9:34:ED:81,-63,0,0,0,0,0
183857663,NODE_B0CBD8F33218,wormhole_a,4,B4:BF:E9:34:ED:81,-63,0,0,0,0,0
183957666,NODE_B0CBD8F33218,wormhole_a,4,B4:BF:E9:34:ED:81,-63,0,0,0,0,0
184057670,NODE_B0CBD8F33218,wormhole_a,4,B4:BF:E9:34:ED:81,-63,0,0,0,0,0
184157663,NODE_B0CBD8F33218,wormhole_a,4,B4:BF:E9:34:ED:81,-63,0,0,0,0,0
184267661,NODE_B0CBD8F33218,wormhole_a,4,B4:BF:E9:34:ED:81,-63,0,0,0,0,0
184367672,NODE_B0CBD8F33218,wormhole_a,4,B4:BF:E9:34:ED:81,-63,0,0,0,0,0
184467664,NODE_B0CBD8F33218,wormhole_a,4,B4:BF:E9:34:ED:81,-63,0,0,0,0,0
184567669,NODE_B0CBD8F33218,wormhole_a,4,B4:BF:E9:34:ED:81,-63,0,0,0,0,0
184677666,NODE_B0CBD8F33218,wormhole_a,4,B4:BF:E9:34:ED:81,-58,0,0,0,0,0
184777674,NODE_B0CBD8F33218,wormhole_a,4,B4:BF:E9:34:ED:81,-58,0,0,0,0,0
184887666,NODE_B0CBD8F33218,wormhole_a,4,B4:BF:E9:34:ED:81,-58,0,0,0,0,0
184987664,NODE_B0CBD8F33218,wormhole_a,4,B4:BF:E9:34:ED:81,-64,0,0,0,0,0
185087662,NODE_B0CBD8F33218,wormhole_a,4,B4:BF:E9:34:ED:81,-64,0,0,0,0,0
185187670,NODE_B0CBD8F33218,wormhole_a,4,B4:BF:E9:34:ED:81,-64,0,0,0,0,0
185297663,NODE_B0CBD8F33218,wormhole_a,4,B4:BF:E9:34:ED:81,-63,0,0,0,0,0
185397662,NODE_B0CBD8F33218,wormhole_a,4,B4:BF:E9:34:ED:81,-63,0,0,0,0,0
185497666,NODE_B0CBD8F33218,wormhole_a,4,B4:BF:E9:34:ED:81,-63,0,0,0,0,0
185597675,NODE_B0CBD8F33218,wormhole_a,4,B4:BF:E9:34:ED:81,-64,0,0,0,0,0
185707660,NODE_B0CBD8F33218,wormhole_a,4,B4:BF:E9:34:ED:81,-64,0,0,0,0,0
185807666,NODE_B0CBD8F33218,wormhole_a,4,B4:BF:E9:34:ED:81,-64,0,0,0,0,0
185917662,NODE_B0CBD8F33218,wormhole_a,4,B4:BF:E9:34:ED:81,-63,0,0,0,0,0
186017663,NODE_B0CBD8F33218,wormhole_a,4,B4:BF:E9:34:ED:81,-63,0,0,0,0,0
186117658,NODE_B0CBD8F33218,wormhole_a,4,B4:BF:E9:34:ED:81,-63,0,0,0,0,0
186217662,NODE_B0CBD8F33218,wormhole_a,4,B4:BF:E9:34:ED:81,-62,0,0,0,0,0
186327658,NODE_B0CBD8F33218,wormhole_a,4,B4:BF:E9:34:ED:81,-62,0,0,0,0,0
186427737,NODE_B0CBD8F33218,wormhole_a,4,B4:BF:E9:34:ED:81,-62,0,0,0,0,0
186528160,NODE_B0CBD8F33218,wormhole_a,4,B4:BF:E9:34:ED:81,-62,0,0,0,0,0
186627658,NODE_B0CBD8F33218,wormhole_a,4,B4:BF:E9:34:ED:81,-62,0,0,0,0,0
186737667,NODE_B0CBD8F33218,wormhole_a,4,B4:BF:E9:34:ED:81,-62,0,0,0,0,0
186837654,NODE_B0CBD8F33218,wormhole_a,4,B4:BF:E9:34:ED:81,-63,0,0,0,0,0
186947666,NODE_B0CBD8F33218,wormhole_a,4,B4:BF:E9:34:ED:81,-63,0,0,0,0,0
187048068,NODE_B0CBD8F33218,wormhole_a,4,B4:BF:E9:34:ED:81,-62,0,0,0,0,0
187147664,NODE_B0CBD8F33218,wormhole_a,4,B4:BF:E9:34:ED:81,-62,0,0,0,0,0
187247788,NODE_B0CBD8F33218,wormhole_a,4,B4:BF:E9:34:ED:81,-62,0,0,0,0,0
187357674,NODE_B0CBD8F33218,wormhole_a,4,B4:BF:E9:34:ED:81,-62,0,0,0,0,0
187457663,NODE_B0CBD8F33218,wormhole_a,4,B4:BF:E9:34:ED:81,-62,0,0,0,0,0
187557666,NODE_B0CBD8F33218,wormhole_a,4,B4:BF:E9:34:ED:81,-62,0,0,0,0,0
187657674,NODE_B0CBD8F33218,wormhole_a,4,B4:BF:E9:34:ED:81,-62,0,0,0,0,0
187767668,NODE_B0CBD8F33218,wormhole_a,4,B4:BF:E9:34:ED:81,-63,0,0,0,0,0
187867669,NODE_B0CBD8F33218,wormhole_a,4,B4:BF:E9:34:ED:81,-63,0,0,0,0,0
187977662,NODE_B0CBD8F33218,wormhole_a,4,B4:BF:E9:34:ED:81,-63,0,0,0,0,0
188077662,NODE_B0CBD8F33218,wormhole_a,4,B4:BF:E9:34:ED:81,-63,0,0,0,0,0
188177667,NODE_B0CBD8F33218,wormhole_a,4,B4:BF:E9:34:ED:81,-63,0,0,0,0,0
188277670,NODE_B0CBD8F33218,wormhole_a,4,B4:BF:E9:34:ED:81,-63,0,0,0,0,0
188377662,NODE_B0CBD8F33218,wormhole_a,4,B4:BF:E9:34:ED:81,-63,0,0,0,0,0
188477667,NODE_B0CBD8F33218,wormhole_a,4,B4:BF:E9:34:ED:81,-63,0,0,0,0,0
188587668,NODE_B0CBD8F33218,wormhole_a,4,B4:BF:E9:34:ED:81,-63,0,0,0,0,0
188687666,NODE_B0CBD8F33218,wormhole_a,4,B4:BF:E9:34:ED:81,-63,0,0,0,0,0
188787674,NODE_B0CBD8F33218,wormhole_a,4,B4:BF:E9:34:ED:81,-63,0,0,0,0,0
188897656,NODE_B0CBD8F33218,wormhole_a,4,B4:BF:E9:34:ED:81,-63,0,0,0,0,0
189007672,NODE_B0CBD8F33218,wormhole_a,4,B4:BF:E9:34:ED:81,-63,0,0,0,0,0
189107666,NODE_B0CBD8F33218,wormhole_a,4,B4:BF:E9:34:ED:81,-63,0,0,0,0,0
189207666,NODE_B0CBD8F33218,wormhole_a,4,B4:BF:E9:34:ED:81,-63,0,0,0,0,0
189307664,NODE_B0CBD8F33218,wormhole_a,4,B4:BF:E9:34:ED:81,-63,0,0,0,0,0
189407674,NODE_B0CBD8F33218,wormhole_a,4,B4:BF:E9:34:ED:81,-63,0,0,0,0,0
189507662,NODE_B0CBD8F33218,wormhole_a,4,B4:BF:E9:34:ED:81,-63,0,0,0,0,0
189617667,NODE_B0CBD8F33218,wormhole_a,4,B4:BF:E9:34:ED:81,-63,0,0,0,0,0
189717658,NODE_B0CBD8F33218,wormhole_a,4,B4:BF:E9:34:ED:81,-63,0,0,0,0,0
189817662,NODE_B0CBD8F33218,wormhole_a,4,B4:BF:E9:34:ED:81,-58,0,0,0,0,0
189927662,NODE_B0CBD8F33218,wormhole_a,4,B4:BF:E9:34:ED:81,-58,0,0,0,0,0
190027668,NODE_B0CBD8F33218,wormhole_a,4,B4:BF:E9:34:ED:81,-58,0,0,0,0,0
190127662,NODE_B0CBD8F33218,wormhole_a,4,B4:BF:E9:34:ED:81,-63,0,0,0,0,0
190237670,NODE_B0CBD8F33218,wormhole_a,4,B4:BF:E9:34:ED:81,-63,0,0,0,0,0
190337667,NODE_B0CBD8F33218,wormhole_a,4,B4:BF:E9:34:ED:81,-63,0,0,0,0,0
190437662,NODE_B0CBD8F33218,wormhole_a,4,B4:BF:E9:34:ED:81,-63,0,0,0,0,0
190537666,NODE_B0CBD8F33218,wormhole_a,4,B4:BF:E9:34:ED:81,-63,0,0,0,0,0
190647674,NODE_B0CBD8F33218,wormhole_a,4,B4:BF:E9:34:ED:81,-63,0,0,0,0,0
190747668,NODE_B0CBD8F33218,wormhole_a,4,B4:BF:E9:34:ED:81,-63,0,0,0,0,0
190847670,NODE_B0CBD8F33218,wormhole_a,4,B4:BF:E9:34:ED:81,-63,0,0,0,0,0
190957666,NODE_B0CBD8F33218,wormhole_a,4,B4:BF:E9:34:ED:81,-63,0,0,0,0,0
191057663,NODE_B0CBD8F33218,wormhole_a,4,B4:BF:E9:34:ED:81,-63,0,0,0,0,0
191157666,NODE_B0CBD8F33218,wormhole_a,4,B4:BF:E9:34:ED:81,-63,0,0,0,0,0
191267676,NODE_B0CBD8F33218,wormhole_a,4,B4:BF:E9:34:ED:81,-63,0,0,0,0,0
191367664,NODE_B0CBD8F33218,wormhole_a,4,B4:BF:E9:34:ED:81,-64,0,0,0,0,0
191467673,NODE_B0CBD8F33218,wormhole_a,4,B4:BF:E9:34:ED:81,-64,0,0,0,0,0
191567668,NODE_B0CBD8F33218,wormhole_a,4,B4:BF:E9:34:ED:81,-64,0,0,0,0,0
191677978,NODE_B0CBD8F33218,wormhole_a,4,B4:BF:E9:34:ED:81,-63,0,0,0,0,0
191777667,NODE_B0CBD8F33218,wormhole_a,4,B4:BF:E9:34:ED:81,-63,0,0,0,0,0
191877674,NODE_B0CBD8F33218,wormhole_a,4,B4:BF:E9:34:ED:81,-63,0,0,0,0,0
191987654,NODE_B0CBD8F33218,wormhole_a,4,B4:BF:E9:34:ED:81,-63,0,0,0,0,0
192087670,NODE_B0CBD8F33218,wormhole_a,4,B4:BF:E9:34:ED:81,-63,0,0,0,0,0
192187668,NODE_B0CBD8F33218,wormhole_a,4,B4:BF:E9:34:ED:81,-63,0,0,0,0,0
192297662,NODE_B0CBD8F33218,wormhole_a,4,B4:BF:E9:34:ED:81,-63,0,0,0,0,0
192397662,NODE_B0CBD8F33218,wormhole_a,4,B4:BF:E9:34:ED:81,-63,0,0,0,0,0
192497675,NODE_B0CBD8F33218,wormhole_a,4,B4:BF:E9:34:ED:81,-63,0,0,0,0,0
192597666,NODE_B0CBD8F33218,wormhole_a,4,B4:BF:E9:34:ED:81,-63,0,0,0,0,0
192707674,NODE_B0CBD8F33218,wormhole_a,4,B4:BF:E9:34:ED:81,-63,0,0,0,0,0
192807666,NODE_B0CBD8F33218,wormhole_a,4,B4:BF:E9:34:ED:81,-63,0,0,0,0,0
192907664,NODE_B0CBD8F33218,wormhole_a,4,B4:BF:E9:34:ED:81,-64,0,0,0,0,0
193017670,NODE_B0CBD8F33218,wormhole_a,4,B4:BF:E9:34:ED:81,-64,0,0,0,0,0
193117666,NODE_B0CBD8F33218,wormhole_a,4,B4:BF:E9:34:ED:81,-64,0,0,0,0,0
193217667,NODE_B0CBD8F33218,wormhole_a,4,B4:BF:E9:34:ED:81,-63,0,0,0,0,0
193327672,NODE_B0CBD8F33218,wormhole_a,4,B4:BF:E9:34:ED:81,-63,0,0,0,0,0
193427666,NODE_B0CBD8F33218,wormhole_a,4,B4:BF:E9:34:ED:81,-63,0,0,0,0,0
193527666,NODE_B0CBD8F33218,wormhole_a,4,B4:BF:E9:34:ED:81,-63,0,0,0,0,0
193627664,NODE_B0CBD8F33218,wormhole_a,4,B4:BF:E9:34:ED:81,-63,0,0,0,0,0
193737674,NODE_B0CBD8F33218,wormhole_a,4,B4:BF:E9:34:ED:81,-63,0,0,0,0,0
193837662,NODE_B0CBD8F33218,wormhole_a,4,B4:BF:E9:34:ED:81,-63,0,0,0,0,0
193937663,NODE_B0CBD8F33218,wormhole_a,4,B4:BF:E9:34:ED:81,-63,0,0,0,0,0
194048050,NODE_B0CBD8F33218,wormhole_a,4,B4:BF:E9:34:ED:81,-63,0,0,0,0,0
194147662,NODE_B0CBD8F33218,wormhole_a,4,B4:BF:E9:34:ED:81,-63,0,0,0,0,0
194247662,NODE_B0CBD8F33218,wormhole_a,4,B4:BF:E9:34:ED:81,-63,0,0,0,0,0
194357675,NODE_B0CBD8F33218,wormhole_a,4,B4:BF:E9:34:ED:81,-63,0,0,0,0,0
194457662,NODE_B0CBD8F33218,wormhole_a,4,B4:BF:E9:34:ED:81,-63,0,0,0,0,0
194557674,NODE_B0CBD8F33218,wormhole_a,4,B4:BF:E9:34:ED:81,-63,0,0,0,0,0
194657667,NODE_B0CBD8F33218,wormhole_a,4,B4:BF:E9:34:ED:81,-63,0,0,0,0,0
194757674,NODE_B0CBD8F33218,wormhole_a,4,B4:BF:E9:34:ED:81,-64,0,0,0,0,0
194857662,NODE_B0CBD8F33218,wormhole_a,4,B4:BF:E9:34:ED:81,-64,0,0,0,0,0
194967668,NODE_B0CBD8F33218,wormhole_a,4,B4:BF:E9:34:ED:81,-64,0,0,0,0,0
195067673,NODE_B0CBD8F33218,wormhole_a,4,B4:BF:E9:34:ED:81,-64,0,0,0,0,0
195177666,NODE_B0CBD8F33218,wormhole_a,4,B4:BF:E9:34:ED:81,-64,0,0,0,0,0
195277666,NODE_B0CBD8F33218,wormhole_a,4,B4:BF:E9:34:ED:81,-64,0,0,0,0,0
195377671,NODE_B0CBD8F33218,wormhole_a,4,B4:BF:E9:34:ED:81,-64,0,0,0,0,0
195477662,NODE_B0CBD8F33218,wormhole_a,4,B4:BF:E9:34:ED:81,-64,0,0,0,0,0
195587666,NODE_B0CBD8F33218,wormhole_a,4,B4:BF:E9:34:ED:81,-64,0,0,0,0,0
195687674,NODE_B0CBD8F33218,wormhole_a,4,B4:BF:E9:34:ED:81,-63,0,0,0,0,0
195787664,NODE_B0CBD8F33218,wormhole_a,4,B4:BF:E9:34:ED:81,-63,0,0,0,0,0
195887666,NODE_B0CBD8F33218,wormhole_a,4,B4:BF:E9:34:ED:81,-63,0,0,0,0,0
195997670,NODE_B0CBD8F33218,wormhole_a,4,B4:BF:E9:34:ED:81,-64,0,0,0,0,0
196097663,NODE_B0CBD8F33218,wormhole_a,4,B4:BF:E9:34:ED:81,-64,0,0,0,0,0
196207668,NODE_B0CBD8F33218,wormhole_a,4,B4:BF:E9:34:ED:81,-64,0,0,0,0,0
196307670,NODE_B0CBD8F33218,wormhole_a,4,B4:BF:E9:34:ED:81,-64,0,0,0,0,0
196407662,NODE_B0CBD8F33218,wormhole_a,4,B4:BF:E9:34:ED:81,-64,0,0,0,0,0
196507668,NODE_B0CBD8F33218,wormhole_a,4,B4:BF:E9:34:ED:81,-64,0,0,0,0,0
196617674,NODE_B0CBD8F33218,wormhole_a,4,B4:BF:E9:34:ED:81,-63,0,0,0,0,0
196717658,NODE_B0CBD8F33218,wormhole_a,4,B4:BF:E9:34:ED:81,-63,0,0,0,0,0
196817667,NODE_B0CBD8F33218,wormhole_a,4,B4:BF:E9:34:ED:81,-63,0,0,0,0,0
196917670,NODE_B0CBD8F33218,wormhole_a,4,B4:BF:E9:34:ED:81,-63,0,0,0,0,0
197027654,NODE_B0CBD8F33218,wormhole_a,4,B4:BF:E9:34:ED:81,-63,0,0,0,0,0
197127666,NODE_B0CBD8F33218,wormhole_a,4,B4:BF:E9:34:ED:81,-63,0,0,0,0,0
197237675,NODE_B0CBD8F33218,wormhole_a,4,B4:BF:E9:34:ED:81,-63,0,0,0,0,0
197337662,NODE_B0CBD8F33218,wormhole_a,4,B4:BF:E9:34:ED:81,-63,0,0,0,0,0
197437666,NODE_B0CBD8F33218,wormhole_a,4,B4:BF:E9:34:ED:81,-63,0,0,0,0,0
197537675,NODE_B0CBD8F33218,wormhole_a,4,B4:BF:E9:34:ED:81,-63,0,0,0,0,0
197647668,NODE_B0CBD8F33218,wormhole_a,4,B4:BF:E9:34:ED:81,-63,0,0,0,0,0
197747666,NODE_B0CBD8F33218,wormhole_a,4,B4:BF:E9:34:ED:81,-63,0,0,0,0,0
197847670,NODE_B0CBD8F33218,wormhole_a,4,B4:BF:E9:34:ED:81,-63,0,0,0,0,0
197947656,NODE_B0CBD8F33218,wormhole_a,4,B4:BF:E9:34:ED:81,-63,0,0,0,0,0
198057666,NODE_B0CBD8F33218,wormhole_a,4,B4:BF:E9:34:ED:81,-63,0,0,0,0,0
198157670,NODE_B0CBD8F33218,wormhole_a,4,B4:BF:E9:34:ED:81,-63,0,0,0,0,0
198267664,NODE_B0CBD8F33218,wormhole_a,4,B4:BF:E9:34:ED:81,-63,0,0,0,0,0
198367669,NODE_B0CBD8F33218,wormhole_a,4,B4:BF:E9:34:ED:81,-63,0,0,0,0,0
198467672,NODE_B0CBD8F33218,wormhole_a,4,B4:BF:E9:34:ED:81,-62,0,0,0,0,0
198567668,NODE_B0CBD8F33218,wormhole_a,4,B4:BF:E9:34:ED:81,-62,0,0,0,0,0
198677667,NODE_B0CBD8F33218,wormhole_a,4,B4:BF:E9:34:ED:81,-62,0,0,0,0,0
198777670,NODE_B0CBD8F33218,wormhole_a,4,B4:BF:E9:34:ED:81,-63,0,0,0,0,0
198877662,NODE_B0CBD8F33218,wormhole_a,4,B4:BF:E9:34:ED:81,-63,0,0,0,0,0
198977667,NODE_B0CBD8F33218,wormhole_a,4,B4:BF:E9:34:ED:81,-63,0,0,0,0,0
199087672,NODE_B0CBD8F33218,wormhole_a,4,B4:BF:E9:34:ED:81,-62,0,0,0,0,0
199187666,NODE_B0CBD8F33218,wormhole_a,4,B4:BF:E9:34:ED:81,-62,0,0,0,0,0
199297666,NODE_B0CBD8F33218,wormhole_a,4,B4:BF:E9:34:ED:81,-62,0,0,0,0,0
199397671,NODE_B0CBD8F33218,wormhole_a,4,B4:BF:E9:34:ED:81,-63,0,0,0,0,0
199497662,NODE_B0CBD8F33218,wormhole_a,4,B4:BF:E9:34:ED:81,-63,0,0,0,0,0
199597666,NODE_B0CBD8F33218,wormhole_a,4,B4:BF:E9:34:ED:81,-63,0,0,0,0,0
199697675,NODE_B0CBD8F33218,wormhole_a,4,B4:BF:E9:34:ED:81,-62,0,0,0,0,0
199797662,NODE_B0CBD8F33218,wormhole_a,4,B4:BF:E9:34:ED:81,-62,0,0,0,0,0
199907666,NODE_B0CBD8F33218,wormhole_a,4,B4:BF:E9:34:ED:81,-62,0,0,0,0,0
200007670,NODE_B0CBD8F33218,wormhole_a,4,B4:BF:E9:34:ED:81,-62,0,0,0,0,0
200107656,NODE_B0CBD8F33218,wormhole_a,4,B4:BF:E9:34:ED:81,-62,0,0,0,0,0
200217666,NODE_B0CBD8F33218,wormhole_a,4,B4:BF:E9:34:ED:81,-62,0,0,0,0,0
200317670,NODE_B0CBD8F33218,wormhole_a,4,B4:BF:E9:34:ED:81,-62,0,0,0,0,0
200417663,NODE_B0CBD8F33218,wormhole_a,4,B4:BF:E9:34:ED:81,-62,0,0,0,0,0
200527668,NODE_B0CBD8F33218,wormhole_a,4,B4:BF:E9:34:ED:81,-62,0,0,0,0,0
200627670,NODE_B0CBD8F33218,wormhole_a,4,B4:BF:E9:34:ED:81,-62,0,0,0,0,0
200727666,NODE_B0CBD8F33218,wormhole_a,4,B4:BF:E9:34:ED:81,-62,0,0,0,0,0
200827668,NODE_B0CBD8F33218,wormhole_a,4,B4:BF:E9:34:ED:81,-62,0,0,0,0,0
200937670,NODE_B0CBD8F33218,wormhole_a,4,B4:BF:E9:34:ED:81,-62,0,0,0,0,0
201037662,NODE_B0CBD8F33218,wormhole_a,4,B4:BF:E9:34:ED:81,-62,0,0,0,0,0
201137667,NODE_B0CBD8F33218,wormhole_a,4,B4:BF:E9:34:ED:81,-62,0,0,0,0,0
201247676,NODE_B0CBD8F33218,wormhole_a,4,B4:BF:E9:34:ED:81,-63,0,0,0,0,0
201347662,NODE_B0CBD8F33218,wormhole_a,4,B4:BF:E9:34:ED:81,-63,0,0,0,0,0
201447666,NODE_B0CBD8F33218,wormhole_a,4,B4:BF:E9:34:ED:81,-63,0,0,0,0,0
201557675,NODE_B0CBD8F33218,wormhole_a,4,B4:BF:E9:34:ED:81,-63,0,0,0,0,0
201657662,NODE_B0CBD8F33218,wormhole_a,4,B4:BF:E9:34:ED:81,-63,0,0,0,0,0
201757658,NODE_B0CBD8F33218,wormhole_a,4,B4:BF:E9:34:ED:81,-63,0,0,0,0,0
201857663,NODE_B0CBD8F33218,wormhole_a,4,B4:BF:E9:34:ED:81,-63,0,0,0,0,0
201967665,NODE_B0CBD8F33218,wormhole_a,4,B4:BF:E9:34:ED:81,-63,0,0,0,0,0
202067668,NODE_B0CBD8F33218,wormhole_a,4,B4:BF:E9:34:ED:81,-63,0,0,0,0,0
202167672,NODE_B0CBD8F33218,wormhole_a,4,B4:BF:E9:34:ED:81,-63,0,0,0,0,0
202277663,NODE_B0CBD8F33218,wormhole_a,4,B4:BF:E9:34:ED:81,-63,0,0,0,0,0
202377666,NODE_B0CBD8F33218,wormhole_a,4,B4:BF:E9:34:ED:81,-63,0,0,0,0,0
202477670,NODE_B0CBD8F33218,wormhole_a,4,B4:BF:E9:34:ED:81,-63,0,0,0,0,0
202587666,NODE_B0CBD8F33218,wormhole_a,4,B4:BF:E9:34:ED:81,-63,0,0,0,0,0
202687668,NODE_B0CBD8F33218,wormhole_a,4,B4:BF:E9:34:ED:81,-63,0,0,0,0,0
202787674,NODE_B0CBD8F33218,wormhole_a,4,B4:BF:E9:34:ED:81,-62,0,0,0,0,0
202887662,NODE_B0CBD8F33218,wormhole_a,4,B4:BF:E9:34:ED:81,-62,0,0,0,0,0
202997667,NODE_B0CBD8F33218,wormhole_a,4,B4:BF:E9:34:ED:81,-62,0,0,0,0,0
203097670,NODE_B0CBD8F33218,wormhole_a,4,B4:BF:E9:34:ED:81,-62,0,0,0,0,0
203197666,NODE_B0CBD8F33218,wormhole_a,4,B4:BF:E9:34:ED:81,-62,0,0,0,0,0
203307666,NODE_B0CBD8F33218,wormhole_a,4,B4:BF:E9:34:ED:81,-62,0,0,0,0,0
203407672,NODE_B0CBD8F33218,wormhole_a,4,B4:BF:E9:34:ED:81,-63,0,0,0,0,0
203507662,NODE_B0CBD8F33218,wormhole_a,4,B4:BF:E9:34:ED:81,-63,0,0,0,0,0
203618496,NODE_B0CBD8F33218,wormhole_a,4,B4:BF:E9:34:ED:81,-63,0,0,0,0,0
203717675,NODE_B0CBD8F33218,wormhole_a,4,B4:BF:E9:34:ED:81,-63,0,0,0,0,0
203817662,NODE_B0CBD8F33218,wormhole_a,4,B4:BF:E9:34:ED:81,-63,0,0,0,0,0
203917666,NODE_B0CBD8F33218,wormhole_a,4,B4:BF:E9:34:ED:81,-63,0,0,0,0,0
204027670,NODE_B0CBD8F33218,wormhole_a,4,B4:BF:E9:34:ED:81,-63,0,0,0,0,0
204127664,NODE_B0CBD8F33218,wormhole_a,4,B4:BF:E9:34:ED:81,-63,0,0,0,0,0
204227666,NODE_B0CBD8F33218,wormhole_a,4,B4:BF:E9:34:ED:81,-63,0,0,0,0,0
204337670,NODE_B0CBD8F33218,wormhole_a,4,B4:BF:E9:34:ED:81,-63,0,0,0,0,0
204437663,NODE_B0CBD8F33218,wormhole_a,4,B4:BF:E9:34:ED:81,-63,0,0,0,0,0
204537666,NODE_B0CBD8F33218,wormhole_a,4,B4:BF:E9:34:ED:81,-63,0,0,0,0,0
204647670,NODE_B0CBD8F33218,wormhole_a,4,B4:BF:E9:34:ED:81,-63,0,0,0,0,0
204747666,NODE_B0CBD8F33218,wormhole_a,4,B4:BF:E9:34:ED:81,-63,0,0,0,0,0
204847668,NODE_B0CBD8F33218,wormhole_a,4,B4:BF:E9:34:ED:81,-63,0,0,0,0,0
204947670,NODE_B0CBD8F33218,wormhole_a,4,B4:BF:E9:34:ED:81,-63,0,0,0,0,0
205057654,NODE_B0CBD8F33218,wormhole_a,4,B4:BF:E9:34:ED:81,-63,0,0,0,0,0
205157663,NODE_B0CBD8F33218,wormhole_a,4,B4:BF:E9:34:ED:81,-63,0,0,0,0,0
205257662,NODE_B0CBD8F33218,wormhole_a,4,B4:BF:E9:34:ED:81,-63,0,0,0,0,0
205367664,NODE_B0CBD8F33218,wormhole_a,4,B4:BF:E9:34:ED:81,-63,0,0,0,0,0
205467660,NODE_B0CBD8F33218,wormhole_a,4,B4:BF:E9:34:ED:81,-63,0,0,0,0,0
205567669,NODE_B0CBD8F33218,wormhole_a,4,B4:BF:E9:34:ED:81,-63,0,0,0,0,0
205677654,NODE_B0CBD8F33218,wormhole_a,4,B4:BF:E9:34:ED:81,-63,0,0,0,0,0
205777666,NODE_B0CBD8F33218,wormhole_a,4,B4:BF:E9:34:ED:81,-63,0,0,0,0,0
205877663,NODE_B0CBD8F33218,wormhole_a,4,B4:BF:E9:34:ED:81,-62,0,0,0,0,0
205977654,NODE_B0CBD8F33218,wormhole_a,4,B4:BF:E9:34:ED:81,-62,0,0,0,0,0
206077658,NODE_B0CBD8F33218,wormhole_a,4,B4:BF:E9:34:ED:81,-62,0,0,0,0,0
206177663,NODE_B0CBD8F33218,wormhole_a,4,B4:BF:E9:34:ED:81,-63,0,0,0,0,0
206287656,NODE_B0CBD8F33218,wormhole_a,4,B4:BF:E9:34:ED:81,-63,0,0,0,0,0
206387666,NODE_B0CBD8F33218,wormhole_a,4,B4:BF:E9:34:ED:81,-63,0,0,0,0,0
206497662,NODE_B0CBD8F33218,wormhole_a,4,B4:BF:E9:34:ED:81,-71,0,0,0,0,0
206598108,NODE_B0CBD8F33218,wormhole_a,4,B4:BF:E9:34:ED:81,-71,0,0,0,0,0
206698181,NODE_B0CBD8F33218,wormhole_a,4,B4:BF:E9:34:ED:81,-71,0,0,0,0,0
206797658,NODE_B0CBD8F33218,wormhole_a,4,B4:BF:E9:34:ED:81,-63,0,0,0,0,0
206908147,NODE_B0CBD8F33218,wormhole_a,4,B4:BF:E9:34:ED:81,-63,0,0,0,0,0
207007741,NODE_B0CBD8F33218,wormhole_a,4,B4:BF:E9:34:ED:81,-63,0,0,0,0,0
207107662,NODE_B0CBD8F33218,wormhole_a,4,B4:BF:E9:34:ED:81,-63,0,0,0,0,0
207207666,NODE_B0CBD8F33218,wormhole_a,4,B4:BF:E9:34:ED:81,-63,0,0,0,0,0
207317672,NODE_B0CBD8F33218,wormhole_a,4,B4:BF:E9:34:ED:81,-63,0,0,0,0,0
207417662,NODE_B0CBD8F33218,wormhole_a,4,B4:BF:E9:34:ED:81,-63,0,0,0,0,0
207527666,NODE_B0CBD8F33218,wormhole_a,4,B4:BF:E9:34:ED:81,-63,0,0,0,0,0
207627670,NODE_B0CBD8F33218,wormhole_a,4,B4:BF:E9:34:ED:81,-63,0,0,0,0,0
207727668,NODE_B0CBD8F33218,wormhole_a,4,B4:BF:E9:34:ED:81,-63,0,0,0,0,0
207827662,NODE_B0CBD8F33218,wormhole_a,4,B4:BF:E9:34:ED:81,-63,0,0,0,0,0
207938341,NODE_B0CBD8F33218,wormhole_a,4,B4:BF:E9:34:ED:81,-63,0,0,0,0,0
208037663,NODE_B0CBD8F33218,wormhole_a,4,B4:BF:E9:34:ED:81,-63,0,0,0,0,0
208137666,NODE_B0CBD8F33218,wormhole_a,4,B4:BF:E9:34:ED:81,-63,0,0,0,0,0
208237685,NODE_B0CBD8F33218,wormhole_a,4,B4:BF:E9:34:ED:81,-63,0,0,0,0,0
208347662,NODE_B0CBD8F33218,wormhole_a,4,B4:BF:E9:34:ED:81,-63,0,0,0,0,0
208447668,NODE_B0CBD8F33218,wormhole_a,4,B4:BF:E9:34:ED:81,-63,0,0,0,0,0
208557666,NODE_B0CBD8F33218,wormhole_a,4,B4:BF:E9:34:ED:81,-63,0,0,0,0,0
208657654,NODE_B0CBD8F33218,wormhole_a,4,B4:BF:E9:34:ED:81,-63,0,0,0,0,0
208757667,NODE_B0CBD8F33218,wormhole_a,4,B4:BF:E9:34:ED:81,-63,0,0,0,0,0
208857670,NODE_B0CBD8F33218,wormhole_a,4,B4:BF:E9:34:ED:81,-63,0,0,0,0,0
208967656,NODE_B0CBD8F33218,wormhole_a,4,B4:BF:E9:34:ED:81,-63,0,0,0,0,0
209067668,NODE_B0CBD8F33218,wormhole_a,4,B4:BF:E9:34:ED:81,-63,0,0,0,0,0
209167677,NODE_B0CBD8F33218,wormhole_a,4,B4:BF:E9:34:ED:81,-62,0,0,0,0,0
209267664,NODE_B0CBD8F33218,wormhole_a,4,B4:BF:E9:34:ED:81,-62,0,0,0,0,0
209377666,NODE_B0CBD8F33218,wormhole_a,4,B4:BF:E9:34:ED:81,-62,0,0,0,0,0
209477671,NODE_B0CBD8F33218,wormhole_a,4,B4:BF:E9:34:ED:81,-58,0,0,0,0,0
209587660,NODE_B0CBD8F33218,wormhole_a,4,B4:BF:E9:34:ED:81,-58,0,0,0,0,0
209687666,NODE_B0CBD8F33218,wormhole_a,4,B4:BF:E9:34:ED:81,-58,0,0,0,0,0
209787674,NODE_B0CBD8F33218,wormhole_a,4,B4:BF:E9:34:ED:81,-63,0,0,0,0,0
209887664,NODE_B0CBD8F33218,wormhole_a,4,B4:BF:E9:34:ED:81,-63,0,0,0,0,0
209997666,NODE_B0CBD8F33218,wormhole_a,4,B4:BF:E9:34:ED:81,-63,0,0,0,0,0
210097670,NODE_B0CBD8F33218,wormhole_a,4,B4:BF:E9:34:ED:81,-63,0,0,0,0,0
210197663,NODE_B0CBD8F33218,wormhole_a,4,B4:BF:E9:34:ED:81,-63,0,0,0,0,0
210297666,NODE_B0CBD8F33218,wormhole_a,4,B4:BF:E9:34:ED:81,-63,0,0,0,0,0
210407670,NODE_B0CBD8F33218,wormhole_a,4,B4:BF:E9:34:ED:81,-59,0,0,0,0,0
210507662,NODE_B0CBD8F33218,wormhole_a,4,B4:BF:E9:34:ED:81,-59,0,0,0,0,0
210617667,NODE_B0CBD8F33218,wormhole_a,4,B4:BF:E9:34:ED:81,-59,0,0,0,0,0
210717674,NODE_B0CBD8F33218,wormhole_a,4,B4:BF:E9:34:ED:81,-63,0,0,0,0,0
210817662,NODE_B0CBD8F33218,wormhole_a,4,B4:BF:E9:34:ED:81,-63,0,0,0,0,0
210917667,NODE_B0CBD8F33218,wormhole_a,4,B4:BF:E9:34:ED:81,-63,0,0,0,0,0
211017670,NODE_B0CBD8F33218,wormhole_a,4,B4:BF:E9:34:ED:81,-63,0,0,0,0,0
211117662,NODE_B0CBD8F33218,wormhole_a,4,B4:BF:E9:34:ED:81,-63,0,0,0,0,0
211227670,NODE_B0CBD8F33218,wormhole_a,4,B4:BF:E9:34:ED:81,-63,0,0,0,0,0
211327672,NODE_B0CBD8F33218,wormhole_a,4,B4:BF:E9:34:ED:81,-63,0,0,0,0,0
211427662,NODE_B0CBD8F33218,wormhole_a,4,B4:BF:E9:34:ED:81,-63,0,0,0,0,0
211537666,NODE_B0CBD8F33218,wormhole_a,4,B4:BF:E9:34:ED:81,-63,0,0,0,0,0
211637671,NODE_B0CBD8F33218,wormhole_a,4,B4:BF:E9:34:ED:81,-62,0,0,0,0,0
211737666,NODE_B0CBD8F33218,wormhole_a,4,B4:BF:E9:34:ED:81,-62,0,0,0,0,0
211847674,NODE_B0CBD8F33218,wormhole_a,4,B4:BF:E9:34:ED:81,-62,0,0,0,0,0
211947662,NODE_B0CBD8F33218,wormhole_a,4,B4:BF:E9:34:ED:81,-63,0,0,0,0,0
212048070,NODE_B0CBD8F33218,wormhole_a,4,B4:BF:E9:34:ED:81,-63,0,0,0,0,0
212147666,NODE_B0CBD8F33218,wormhole_a,4,B4:BF:E9:34:ED:81,-63,0,0,0,0,0
212257662,NODE_B0CBD8F33218,wormhole_a,4,B4:BF:E9:34:ED:81,-63,0,0,0,0,0
212357663,NODE_B0CBD8F33218,wormhole_a,4,B4:BF:E9:34:ED:81,-63,0,0,0,0,0
212457666,NODE_B0CBD8F33218,wormhole_a,4,B4:BF:E9:34:ED:81,-63,0,0,0,0,0
212567668,NODE_B0CBD8F33218,wormhole_a,4,B4:BF:E9:34:ED:81,-63,0,0,0,0,0
212667676,NODE_B0CBD8F33218,wormhole_a,4,B4:BF:E9:34:ED:81,-63,0,0,0,0,0
212767669,NODE_B0CBD8F33218,wormhole_a,4,B4:BF:E9:34:ED:81,-63,0,0,0,0,0
212877662,NODE_B0CBD8F33218,wormhole_a,4,B4:BF:E9:34:ED:81,-63,0,0,0,0,0
212977662,NODE_B0CBD8F33218,wormhole_a,4,B4:BF:E9:34:ED:81,-63,0,0,0,0,0
213077675,NODE_B0CBD8F33218,wormhole_a,4,B4:BF:E9:34:ED:81,-63,0,0,0,0,0
213177666,NODE_B0CBD8F33218,wormhole_a,4,B4:BF:E9:34:ED:81,-62,0,0,0,0,0
213287662,NODE_B0CBD8F33218,wormhole_a,4,B4:BF:E9:34:ED:81,-62,0,0,0,0,0
213387666,NODE_B0CBD8F33218,wormhole_a,4,B4:BF:E9:34:ED:81,-62,0,0,0,0,0
213487664,NODE_B0CBD8F33218,wormhole_a,4,B4:BF:E9:34:ED:81,-63,0,0,0,0,0
213597666,NODE_B0CBD8F33218,wormhole_a,4,B4:BF:E9:34:ED:81,-63,0,0,0,0,0
213697666,NODE_B0CBD8F33218,wormhole_a,4,B4:BF:E9:34:ED:81,-63,0,0,0,0,0
213797667,NODE_B0CBD8F33218,wormhole_a,4,B4:BF:E9:34:ED:81,-63,0,0,0,0,0
213907664,NODE_B0CBD8F33218,wormhole_a,4,B4:BF:E9:34:ED:81,-63,0,0,0,0,0
214007666,NODE_B0CBD8F33218,wormhole_a,4,B4:BF:E9:34:ED:81,-63,0,0,0,0,0
214107662,NODE_B0CBD8F33218,wormhole_a,4,B4:BF:E9:34:ED:81,-62,0,0,0,0,0
214207656,NODE_B0CBD8F33218,wormhole_a,4,B4:BF:E9:34:ED:81,-62,0,0,0,0,0
214317674,NODE_B0CBD8F33218,wormhole_a,4,B4:BF:E9:34:ED:81,-62,0,0,0,0,0
214417662,NODE_B0CBD8F33218,wormhole_a,4,B4:BF:E9:34:ED:81,-63,0,0,0,0,0
214517667,NODE_B0CBD8F33218,wormhole_a,4,B4:BF:E9:34:ED:81,-63,0,0,0,0,0
214627668,NODE_B0CBD8F33218,wormhole_a,4,B4:BF:E9:34:ED:81,-63,0,0,0,0,0
214727666,NODE_B0CBD8F33218,wormhole_a,4,B4:BF:E9:34:ED:81,-63,0,0,0,0,0
214827654,NODE_B0CBD8F33218,wormhole_a,4,B4:BF:E9:34:ED:81,-63,0,0,0,0,0
214937675,NODE_B0CBD8F33218,wormhole_a,4,B4:BF:E9:34:ED:81,-63,0,0,0,0,0
215037662,NODE_B0CBD8F33218,wormhole_a,4,B4:BF:E9:34:ED:81,-63,0,0,0,0,0
215137670,NODE_B0CBD8F33218,wormhole_a,4,B4:BF:E9:34:ED:81,-63,0,0,0,0,0
215237671,NODE_B0CBD8F33218,wormhole_a,4,B4:BF:E9:34:ED:81,-63,0,0,0,0,0
215347664,NODE_B0CBD8F33218,wormhole_a,4,B4:BF:E9:34:ED:81,-63,0,0,0,0,0
215447654,NODE_B0CBD8F33218,wormhole_a,4,B4:BF:E9:34:ED:81,-63,0,0,0,0,0
215547674,NODE_B0CBD8F33218,wormhole_a,4,B4:BF:E9:34:ED:81,-63,0,0,0,0,0
215657675,NODE_B0CBD8F33218,wormhole_a,4,B4:BF:E9:34:ED:81,-63,0,0,0,0,0
215757658,NODE_B0CBD8F33218,wormhole_a,4,B4:BF:E9:34:ED:81,-63,0,0,0,0,0
215857666,NODE_B0CBD8F33218,wormhole_a,4,B4:BF:E9:34:ED:81,-63,0,0,0,0,0
215967672,NODE_B0CBD8F33218,wormhole_a,4,B4:BF:E9:34:ED:81,-62,0,0,0,0,0
216067665,NODE_B0CBD8F33218,wormhole_a,4,B4:BF:E9:34:ED:81,-64,0,0,0,0,0
216167668,NODE_B0CBD8F33218,wormhole_a,4,B4:BF:E9:34:ED:81,-64,0,0,0,0,0
216267664,NODE_B0CBD8F33218,wormhole_a,4,B4:BF:E9:34:ED:81,-64,0,0,0,0,0
216367673,NODE_B0CBD8F33218,wormhole_a,4,B4:BF:E9:34:ED:81,-63,0,0,0,0,0
216467668,NODE_B0CBD8F33218,wormhole_a,4,B4:BF:E9:34:ED:81,-63,0,0,0,0,0
216577666,NODE_B0CBD8F33218,wormhole_a,4,B4:BF:E9:34:ED:81,-63,0,0,0,0,0
216687908,NODE_B0CBD8F33218,wormhole_a,4,B4:BF:E9:34:ED:81,-63,0,0,0,0,0
216787668,NODE_B0CBD8F33218,wormhole_a,4,B4:BF:E9:34:ED:81,-63,0,0,0,0,0
216887670,NODE_B0CBD8F33218,wormhole_a,4,B4:BF:E9:34:ED:81,-63,0,0,0,0,0
216997666,NODE_B0CBD8F33218,wormhole_a,4,B4:BF:E9:34:ED:81,-63,0,0,0,0,0
217097663,NODE_B0CBD8F33218,wormhole_a,4,B4:BF:E9:34:ED:81,-63,0,0,0,0,0
217197678,NODE_B0CBD8F33218,wormhole_a,4,B4:BF:E9:34:ED:81,-63,0,0,0,0,0
217297662,NODE_B0CBD8F33218,wormhole_a,4,B4:BF:E9:34:ED:81,-63,0,0,0,0,0
217397663,NODE_B0CBD8F33218,wormhole_a,4,B4:BF:E9:34:ED:81,-63,0,0,0,0,0
217497674,NODE_B0CBD8F33218,wormhole_a,4,B4:BF:E9:34:ED:81,-63,0,0,0,0,0
217607674,NODE_B0CBD8F33218,wormhole_a,4,B4:BF:E9:34:ED:81,-63,0,0,0,0,0
217707666,NODE_B0CBD8F33218,wormhole_a,4,B4:BF:E9:34:ED:81,-63,0,0,0,0,0
217817667,NODE_B0CBD8F33218,wormhole_a,4,B4:BF:E9:34:ED:81,-63,0,0,0,0,0
217917674,NODE_B0CBD8F33218,wormhole_a,4,B4:BF:E9:34:ED:81,-63,0,0,0,0,0
218017666,NODE_B0CBD8F33218,wormhole_a,4,B4:BF:E9:34:ED:81,-63,0,0,0,0,0
218117659,NODE_B0CBD8F33218,wormhole_a,4,B4:BF:E9:34:ED:81,-63,0,0,0,0,0
218227668,NODE_B0CBD8F33218,wormhole_a,4,B4:BF:E9:34:ED:81,-63,0,0,0,0,0
218327666,NODE_B0CBD8F33218,wormhole_a,4,B4:BF:E9:34:ED:81,-63,0,0,0,0,0
218427658,NODE_B0CBD8F33218,wormhole_a,4,B4:BF:E9:34:ED:81,-63,0,0,0,0,0
218527668,NODE_B0CBD8F33218,wormhole_a,4,B4:BF:E9:34:ED:81,-63,0,0,0,0,0
218637674,NODE_B0CBD8F33218,wormhole_a,4,B4:BF:E9:34:ED:81,-63,0,0,0,0,0
218737658,NODE_B0CBD8F33218,wormhole_a,4,B4:BF:E9:34:ED:81,-63,0,0,0,0,0
218847662,NODE_B0CBD8F33218,wormhole_a,4,B4:BF:E9:34:ED:81,-63,0,0,0,0,0
218947672,NODE_B0CBD8F33218,wormhole_a,4,B4:BF:E9:34:ED:81,-63,0,0,0,0,0
219048040,NODE_B0CBD8F33218,wormhole_a,4,B4:BF:E9:34:ED:81,-63,0,0,0,0,0
219147666,NODE_B0CBD8F33218,wormhole_a,4,B4:BF:E9:34:ED:81,-63,0,0,0,0,0
219257663,NODE_B0CBD8F33218,wormhole_a,4,B4:BF:E9:34:ED:81,-63,0,0,0,0,0
219357654,NODE_B0CBD8F33218,wormhole_a,4,B4:BF:E9:34:ED:81,-63,0,0,0,0,0
219457662,NODE_B0CBD8F33218,wormhole_a,4,B4:BF:E9:34:ED:81,-63,0,0,0,0,0
219557659,NODE_B0CBD8F33218,wormhole_a,4,B4:BF:E9:34:ED:81,-63,0,0,0,0,0
219667669,NODE_B0CBD8F33218,wormhole_a,4,B4:BF:E9:34:ED:81,-63,0,0,0,0,0
219767664,NODE_B0CBD8F33218,wormhole_a,4,B4:BF:E9:34:ED:81,-63,0,0,0,0,0
219877666,NODE_B0CBD8F33218,wormhole_a,4,B4:BF:E9:34:ED:81,-63,0,0,0,0,0
219977671,NODE_B0CBD8F33218,wormhole_a,4,B4:BF:E9:34:ED:81,-63,0,0,0,0,0
220077662,NODE_B0CBD8F33218,wormhole_a,4,B4:BF:E9:34:ED:81,-63,0,0,0,0,0
220177662,NODE_B0CBD8F33218,wormhole_a,4,B4:BF:E9:34:ED:81,-63,0,0,0,0,0
220287662,NODE_B0CBD8F33218,wormhole_a,4,B4:BF:E9:34:ED:81,-63,0,0,0,0,0
220387664,NODE_B0CBD8F33218,wormhole_a,4,B4:BF:E9:34:ED:81,-63,0,0,0,0,0
220487662,NODE_B0CBD8F33218,wormhole_a,4,B4:BF:E9:34:ED:81,-63,0,0,0,0,0
220587666,NODE_B0CBD8F33218,wormhole_a,4,B4:BF:E9:34:ED:81,-63,0,0,0,0,0
220697667,NODE_B0CBD8F33218,wormhole_a,4,B4:BF:E9:34:ED:81,-63,0,0,0,0,0
220797658,NODE_B0CBD8F33218,wormhole_a,4,B4:BF:E9:34:ED:81,-63,0,0,0,0,0
220907662,NODE_B0CBD8F33218,wormhole_a,4,B4:BF:E9:34:ED:81,-63,0,0,0,0,0
221007670,NODE_B0CBD8F33218,wormhole_a,4,B4:BF:E9:34:ED:81,-63,0,0,0,0,0
221107668,NODE_B0CBD8F33218,wormhole_a,4,B4:BF:E9:34:ED:81,-63,0,0,0,0,0
221207662,NODE_B0CBD8F33218,wormhole_a,4,B4:BF:E9:34:ED:81,-63,0,0,0,0,0
221317662,NODE_B0CBD8F33218,wormhole_a,4,B4:BF:E9:34:ED:81,-63,0,0,0,0,0
221417663,NODE_B0CBD8F33218,wormhole_a,4,B4:BF:E9:34:ED:81,-63,0,0,0,0,0
221518026,NODE_B0CBD8F33218,wormhole_a,4,B4:BF:E9:34:ED:81,-63,0,0,0,0,0
221617666,NODE_B0CBD8F33218,wormhole_a,4,B4:BF:E9:34:ED:81,-63,0,0,0,0,0
221727658,NODE_B0CBD8F33218,wormhole_a,4,B4:BF:E9:34:ED:81,-63,0,0,0,0,0
221827660,NODE_B0CBD8F33218,wormhole_a,4,B4:BF:E9:34:ED:81,-63,0,0,0,0,0
221937654,NODE_B0CBD8F33218,wormhole_a,4,B4:BF:E9:34:ED:81,-63,0,0,0,0,0
222037662,NODE_B0CBD8F33218,wormhole_a,4,B4:BF:E9:34:ED:81,-63,0,0,0,0,0
222137656,NODE_B0CBD8F33218,wormhole_a,4,B4:BF:E9:34:ED:81,-63,0,0,0,0,0
222237654,NODE_B0CBD8F33218,wormhole_a,4,B4:BF:E9:34:ED:81,-63,0,0,0,0,0
222337654,NODE_B0CBD8F33218,wormhole_a,4,B4:BF:E9:34:ED:81,-63,0,0,0,0,0
222437656,NODE_B0CBD8F33218,wormhole_a,4,B4:BF:E9:34:ED:81,-63,0,0,0,0,0
222547660,NODE_B0CBD8F33218,wormhole_a,4,B4:BF:E9:34:ED:81,-63,0,0,0,0,0
222647654,NODE_B0CBD8F33218,wormhole_a,4,B4:BF:E9:34:ED:81,-63,0,0,0,0,0
222747666,NODE_B0CBD8F33218,wormhole_a,4,B4:BF:E9:34:ED:81,-63,0,0,0,0,0
222857659,NODE_B0CBD8F33218,wormhole_a,4,B4:BF:E9:34:ED:81,-63,0,0,0,0,0
222957654,NODE_B0CBD8F33218,wormhole_a,4,B4:BF:E9:34:ED:81,-63,0,0,0,0,0
223057674,NODE_B0CBD8F33218,wormhole_a,4,B4:BF:E9:34:ED:81,-63,0,0,0,0,0
223167656,NODE_B0CBD8F33218,wormhole_a,4,B4:BF:E9:34:ED:81,-63,0,0,0,0,0
223267657,NODE_B0CBD8F33218,wormhole_a,4,B4:BF:E9:34:ED:81,-63,0,0,0,0,0
223367656,NODE_B0CBD8F33218,wormhole_a,4,B4:BF:E9:34:ED:81,-63,0,0,0,0,0
223467656,NODE_B0CBD8F33218,wormhole_a,4,B4:BF:E9:34:ED:81,-63,0,0,0,0,0
223577659,NODE_B0CBD8F33218,wormhole_a,4,B4:BF:E9:34:ED:81,-63,0,0,0,0,0
223677654,NODE_B0CBD8F33218,wormhole_a,4,B4:BF:E9:34:ED:81,-63,0,0,0,0,0
223777666,NODE_B0CBD8F33218,wormhole_a,4,B4:BF:E9:34:ED:81,-63,0,0,0,0,0
223887654,NODE_B0CBD8F33218,wormhole_a,4,B4:BF:E9:34:ED:81,-63,0,0,0,0,0
223987656,NODE_B0CBD8F33218,wormhole_a,4,B4:BF:E9:34:ED:81,-63,0,0,0,0,0
224087662,NODE_B0CBD8F33218,wormhole_a,4,B4:BF:E9:34:ED:81,-63,0,0,0,0,0
224197654,NODE_B0CBD8F33218,wormhole_a,4,B4:BF:E9:34:ED:81,-63,0,0,0,0,0
224297656,NODE_B0CBD8F33218,wormhole_a,4,B4:BF:E9:34:ED:81,-63,0,0,0,0,0
224397654,NODE_B0CBD8F33218,wormhole_a,4,B4:BF:E9:34:ED:81,-63,0,0,0,0,0
224497654,NODE_B0CBD8F33218,wormhole_a,4,B4:BF:E9:34:ED:81,-63,0,0,0,0,0
224607658,NODE_B0CBD8F33218,wormhole_a,4,B4:BF:E9:34:ED:81,-63,0,0,0,0,0
224707668,NODE_B0CBD8F33218,wormhole_a,4,B4:BF:E9:34:ED:81,-63,0,0,0,0,0
224807666,NODE_B0CBD8F33218,wormhole_a,4,B4:BF:E9:34:ED:81,-63,0,0,0,0,0
224917654,NODE_B0CBD8F33218,wormhole_a,4,B4:BF:E9:34:ED:81,-63,0,0,0,0,0
225017656,NODE_B0CBD8F33218,wormhole_a,4,B4:BF:E9:34:ED:81,-63,0,0,0,0,0
225117674,NODE_B0CBD8F33218,wormhole_a,4,B4:BF:E9:34:ED:81,-63,0,0,0,0,0
225227654,NODE_B0CBD8F33218,wormhole_a,4,B4:BF:E9:34:ED:81,-63,0,0,0,0,0
225327654,NODE_B0CBD8F33218,wormhole_a,4,B4:BF:E9:34:ED:81,-63,0,0,0,0,0
225427656,NODE_B0CBD8F33218,wormhole_a,4,B4:BF:E9:34:ED:81,-63,0,0,0,0,0
225527658,NODE_B0CBD8F33218,wormhole_a,4,B4:BF:E9:34:ED:81,-63,0,0,0,0,0
225637654,NODE_B0CBD8F33218,wormhole_a,4,B4:BF:E9:34:ED:81,-63,0,0,0,0,0
225737659,NODE_B0CBD8F33218,wormhole_a,4,B4:BF:E9:34:ED:81,-63,0,0,0,0,0
225837666,NODE_B0CBD8F33218,wormhole_a,4,B4:BF:E9:34:ED:81,-63,0,0,0,0,0
225947654,NODE_B0CBD8F33218,wormhole_a,4,B4:BF:E9:34:ED:81,-63,0,0,0,0,0
226048036,NODE_B0CBD8F33218,wormhole_a,4,B4:BF:E9:34:ED:81,-63,0,0,0,0,0
226147664,NODE_B0CBD8F33218,wormhole_a,4,B4:BF:E9:34:ED:81,-63,0,0,0,0,0
226257654,NODE_B0CBD8F33218,wormhole_a,4,B4:BF:E9:34:ED:81,-63,0,0,0,0,0
226357654,NODE_B0CBD8F33218,wormhole_a,4,B4:BF:E9:34:ED:81,-63,0,0,0,0,0
226457656,NODE_B0CBD8F33218,wormhole_a,4,B4:BF:E9:34:ED:81,-63,0,0,0,0,0
226557658,NODE_B0CBD8F33218,wormhole_a,4,B4:BF:E9:34:ED:81,-63,0,0,0,0,0
226667656,NODE_B0CBD8F33218,wormhole_a,4,B4:BF:E9:34:ED:81,-63,0,0,0,0,0
226767660,NODE_B0CBD8F33218,wormhole_a,4,B4:BF:E9:34:ED:81,-63,0,0,0,0,0
226867669,NODE_B0CBD8F33218,wormhole_a,4,B4:BF:E9:34:ED:81,-62,0,0,0,0,0
226977654,NODE_B0CBD8F33218,wormhole_a,4,B4:BF:E9:34:ED:81,-62,0,0,0,0,0
227077666,NODE_B0CBD8F33218,wormhole_a,4,B4:BF:E9:34:ED:81,-62,0,0,0,0,0
227177663,NODE_B0CBD8F33218,wormhole_a,4,B4:BF:E9:34:ED:81,-62,0,0,0,0,0
227287656,NODE_B0CBD8F33218,wormhole_a,4,B4:BF:E9:34:ED:81,-62,0,0,0,0,0
227387654,NODE_B0CBD8F33218,wormhole_a,4,B4:BF:E9:34:ED:81,-62,0,0,0,0,0
227487654,NODE_B0CBD8F33218,wormhole_a,4,B4:BF:E9:34:ED:81,-62,0,0,0,0,0
227587660,NODE_B0CBD8F33218,wormhole_a,4,B4:BF:E9:34:ED:81,-62,0,0,0,0,0
227687658,NODE_B0CBD8F33218,wormhole_a,4,B4:BF:E9:34:ED:81,-62,0,0,0,0,0
227787658,NODE_B0CBD8F33218,wormhole_a,4,B4:BF:E9:34:ED:81,-62,0,0,0,0,0
227897667,NODE_B0CBD8F33218,wormhole_a,4,B4:BF:E9:34:ED:81,-63,0,0,0,0,0
228007656,NODE_B0CBD8F33218,wormhole_a,4,B4:BF:E9:34:ED:81,-63,0,0,0,0,0
228107654,NODE_B0CBD8F33218,wormhole_a,4,B4:BF:E9:34:ED:81,-63,0,0,0,0,0
228207662,NODE_B0CBD8F33218,wormhole_a,4,B4:BF:E9:34:ED:81,-63,0,0,0,0,0
228317656,NODE_B0CBD8F33218,wormhole_a,4,B4:BF:E9:34:ED:81,-63,0,0,0,0,0
228417654,NODE_B0CBD8F33218,wormhole_a,4,B4:BF:E9:34:ED:81,-63,0,0,0,0,0
228518108,NODE_B0CBD8F33218,wormhole_a,4,B4:BF:E9:34:ED:81,-63,0,0,0,0,0
228617655,NODE_B0CBD8F33218,wormhole_a,4,B4:BF:E9:34:ED:81,-63,0,0,0,0,0
228717658,NODE_B0CBD8F33218,wormhole_a,4,B4:BF:E9:34:ED:81,-63,0,0,0,0,0
228817658,NODE_B0CBD8F33218,wormhole_a,4,B4:BF:E9:34:ED:81,-63,0,0,0,0,0
228927666,NODE_B0CBD8F33218,wormhole_a,4,B4:BF:E9:34:ED:81,-63,0,0,0,0,0
229027656,NODE_B0CBD8F33218,wormhole_a,4,B4:BF:E9:34:ED:81,-63,0,0,0,0,0
229137674,NODE_B0CBD8F33218,wormhole_a,4,B4:BF:E9:34:ED:81,-63,0,0,0,0,0
229237654,NODE_B0CBD8F33218,wormhole_a,4,B4:BF:E9:34:ED:81,-63,0,0,0,0,0
229337656,NODE_B0CBD8F33218,wormhole_a,4,B4:BF:E9:34:ED:81,-63,0,0,0,0,0
229437654,NODE_B0CBD8F33218,wormhole_a,4,B4:BF:E9:34:ED:81,-63,0,0,0,0,0
229547658,NODE_B0CBD8F33218,wormhole_a,4,B4:BF:E9:34:ED:81,-63,0,0,0,0,0
229647654,NODE_B0CBD8F33218,wormhole_a,4,B4:BF:E9:34:ED:81,-63,0,0,0,0,0
229747660,NODE_B0CBD8F33218,wormhole_a,4,B4:BF:E9:34:ED:81,-63,0,0,0,0,0
229847666,NODE_B0CBD8F33218,wormhole_a,4,B4:BF:E9:34:ED:81,-63,0,0,0,0,0
229957666,NODE_B0CBD8F33218,wormhole_a,4,B4:BF:E9:34:ED:81,-64,0,0,0,0,0
230057656,NODE_B0CBD8F33218,wormhole_a,4,B4:BF:E9:34:ED:81,-64,0,0,0,0,0
230167665,NODE_B0CBD8F33218,wormhole_a,4,B4:BF:E9:34:ED:81,-64,0,0,0,0,0
230267656,NODE_B0CBD8F33218,wormhole_a,4,B4:BF:E9:34:ED:81,-64,0,0,0,0,0
230367656,NODE_B0CBD8F33218,wormhole_a,4,B4:BF:E9:34:ED:81,-64,0,0,0,0,0
230467657,NODE_B0CBD8F33218,wormhole_a,4,B4:BF:E9:34:ED:81,-64,0,0,0,0,0
230577658,NODE_B0CBD8F33218,wormhole_a,4,B4:BF:E9:34:ED:81,-64,0,0,0,0,0
230677658,NODE_B0CBD8F33218,wormhole_a,4,B4:BF:E9:34:ED:81,-64,0,0,0,0,0
230777656,NODE_B0CBD8F33218,wormhole_a,4,B4:BF:E9:34:ED:81,-64,0,0,0,0,0
230878461,NODE_B0CBD8F33218,wormhole_a,4,B4:BF:E9:34:ED:81,-63,0,0,0,0,0
230987658,NODE_B0CBD8F33218,wormhole_a,4,B4:BF:E9:34:ED:81,-63,0,0,0,0,0
231087666,NODE_B0CBD8F33218,wormhole_a,4,B4:BF:E9:34:ED:81,-63,0,0,0,0,0
231197663,NODE_B0CBD8F33218,wormhole_a,4,B4:BF:E9:34:ED:81,-63,0,0,0,0,0
231297654,NODE_B0CBD8F33218,wormhole_a,4,B4:BF:E9:34:ED:81,-63,0,0,0,0,0
231397654,NODE_B0CBD8F33218,wormhole_a,4,B4:BF:E9:34:ED:81,-63,0,0,0,0,0
231497656,NODE_B0CBD8F33218,wormhole_a,4,B4:BF:E9:34:ED:81,-63,0,0,0,0,0
231607660,NODE_B0CBD8F33218,wormhole_a,4,B4:BF:E9:34:ED:81,-63,0,0,0,0,0
231707654,NODE_B0CBD8F33218,wormhole_a,4,B4:BF:E9:34:ED:81,-63,0,0,0,0,0
231807658,NODE_B0CBD8F33218,wormhole_a,4,B4:BF:E9:34:ED:81,-63,0,0,0,0,0
231907668,NODE_B0CBD8F33218,wormhole_a,4,B4:BF:E9:34:ED:81,-63,0,0,0,0,0
232017654,NODE_B0CBD8F33218,wormhole_a,4,B4:BF:E9:34:ED:81,-63,0,0,0,0,0
232117654,NODE_B0CBD8F33218,wormhole_a,4,B4:BF:E9:34:ED:81,-63,0,0,0,0,0
232227662,NODE_B0CBD8F33218,wormhole_a,4,B4:BF:E9:34:ED:81,-63,0,0,0,0,0
232327656,NODE_B0CBD8F33218,wormhole_a,4,B4:BF:E9:34:ED:81,-63,0,0,0,0,0
232427654,NODE_B0CBD8F33218,wormhole_a,4,B4:BF:E9:34:ED:81,-63,0,0,0,0,0
232527658,NODE_B0CBD8F33218,wormhole_a,4,B4:BF:E9:34:ED:81,-63,0,0,0,0,0
232637656,NODE_B0CBD8F33218,wormhole_a,4,B4:BF:E9:34:ED:81,-63,0,0,0,0,0
232737658,NODE_B0CBD8F33218,wormhole_a,4,B4:BF:E9:34:ED:81,-63,0,0,0,0,0
232837658,NODE_B0CBD8F33218,wormhole_a,4,B4:BF:E9:34:ED:81,-63,0,0,0,0,0
232937667,NODE_B0CBD8F33218,wormhole_a,4,B4:BF:E9:34:ED:81,-63,0,0,0,0,0
233048038,NODE_B0CBD8F33218,wormhole_a,4,B4:BF:E9:34:ED:81,-63,0,0,0,0,0
233147666,NODE_B0CBD8F33218,wormhole_a,4,B4:BF:E9:34:ED:81,-63,0,0,0,0,0
233257662,NODE_B0CBD8F33218,wormhole_a,4,B4:BF:E9:34:ED:81,-63,0,0,0,0,0
233357656,NODE_B0CBD8F33218,wormhole_a,4,B4:BF:E9:34:ED:81,-63,0,0,0,0,0
233457654,NODE_B0CBD8F33218,wormhole_a,4,B4:BF:E9:34:ED:81,-63,0,0,0,0,0
233557658,NODE_B0CBD8F33218,wormhole_a,4,B4:BF:E9:34:ED:81,-63,0,0,0,0,0
233657667,NODE_B0CBD8F33218,wormhole_a,4,B4:BF:E9:34:ED:81,-63,0,0,0,0,0
233757654,NODE_B0CBD8F33218,wormhole_a,4,B4:BF:E9:34:ED:81,-63,0,0,0,0,0
233867660,NODE_B0CBD8F33218,wormhole_a,4,B4:BF:E9:34:ED:81,-63,0,0,0,0,0
233967668,NODE_B0CBD8F33218,wormhole_a,4,B4:BF:E9:34:ED:81,-64,0,0,0,0,0
234067657,NODE_B0CBD8F33218,wormhole_a,4,B4:BF:E9:34:ED:81,-64,0,0,0,0,0
234177654,NODE_B0CBD8F33218,wormhole_a,4,B4:BF:E9:34:ED:81,-64,0,0,0,0,0
234277662,NODE_B0CBD8F33218,wormhole_a,4,B4:BF:E9:34:ED:81,-64,0,0,0,0,0
234377656,NODE_B0CBD8F33218,wormhole_a,4,B4:BF:E9:34:ED:81,-64,0,0,0,0,0
234487656,NODE_B0CBD8F33218,wormhole_a,4,B4:BF:E9:34:ED:81,-64,0,0,0,0,0
234587658,NODE_B0CBD8F33218,wormhole_a,4,B4:BF:E9:34:ED:81,-64,0,0,0,0,0
234687658,NODE_B0CBD8F33218,wormhole_a,4,B4:BF:E9:34:ED:81,-64,0,0,0,0,0
234787660,NODE_B0CBD8F33218,wormhole_a,4,B4:BF:E9:34:ED:81,-64,0,0,0,0,0
234897654,NODE_B0CBD8F33218,wormhole_a,4,B4:BF:E9:34:ED:81,-64,0,0,0,0,0
234997666,NODE_B0CBD8F33218,wormhole_a,4,B4:BF:E9:34:ED:81,-63,0,0,0,0,0
235097667,NODE_B0CBD8F33218,wormhole_a,4,B4:BF:E9:34:ED:81,-63,0,0,0,0,0
235207656,NODE_B0CBD8F33218,wormhole_a,4,B4:BF:E9:34:ED:81,-63,0,0,0,0,0
235307662,NODE_B0CBD8F33218,wormhole_a,4,B4:BF:E9:34:ED:81,-63,0,0,0,0,0
235407654,NODE_B0CBD8F33218,wormhole_a,4,B4:BF:E9:34:ED:81,-63,0,0,0,0,0
235517659,NODE_B0CBD8F33218,wormhole_a,4,B4:BF:E9:34:ED:81,-63,0,0,0,0,0
235617654,NODE_B0CBD8F33218,wormhole_a,4,B4:BF:E9:34:ED:81,-63,0,0,0,0,0
235717658,NODE_B0CBD8F33218,wormhole_a,4,B4:BF:E9:34:ED:81,-63,0,0,0,0,0
235817659,NODE_B0CBD8F33218,wormhole_a,4,B4:BF:E9:34:ED:81,-63,0,0,0,0,0
235927656,NODE_B0CBD8F33218,wormhole_a,4,B4:BF:E9:34:ED:81,-63,0,0,0,0,0
236027666,NODE_B0CBD8F33218,wormhole_a,4,B4:BF:E9:34:ED:81,-63,0,0,0,0,0
236127654,NODE_B0CBD8F33218,wormhole_a,4,B4:BF:E9:34:ED:81,-63,0,0,0,0,0
236237656,NODE_B0CBD8F33218,wormhole_a,4,B4:BF:E9:34:ED:81,-63,0,0,0,0,0
236337662,NODE_B0CBD8F33218,wormhole_a,4,B4:BF:E9:34:ED:81,-63,0,0,0,0,0
236437654,NODE_B0CBD8F33218,wormhole_a,4,B4:BF:E9:34:ED:81,-63,0,0,0,0,0
236547658,NODE_B0CBD8F33218,wormhole_a,4,B4:BF:E9:34:ED:81,-63,0,0,0,0,0
236647668,NODE_B0CBD8F33218,wormhole_a,4,B4:BF:E9:34:ED:81,-63,0,0,0,0,0
236747654,NODE_B0CBD8F33218,wormhole_a,4,B4:BF:E9:34:ED:81,-63,0,0,0,0,0
236847658,NODE_B0CBD8F33218,wormhole_a,4,B4:BF:E9:34:ED:81,-63,0,0,0,0,0
236957660,NODE_B0CBD8F33218,wormhole_a,4,B4:BF:E9:34:ED:81,-63,0,0,0,0,0
237057670,NODE_B0CBD8F33218,wormhole_a,4,B4:BF:E9:34:ED:81,-63,0,0,0,0,0
237157654,NODE_B0CBD8F33218,wormhole_a,4,B4:BF:E9:34:ED:81,-63,0,0,0,0,0
237267656,NODE_B0CBD8F33218,wormhole_a,4,B4:BF:E9:34:ED:81,-63,0,0,0,0,0
237367665,NODE_B0CBD8F33218,wormhole_a,4,B4:BF:E9:34:ED:81,-63,0,0,0,0,0
237467656,NODE_B0CBD8F33218,wormhole_a,4,B4:BF:E9:34:ED:81,-63,0,0,0,0,0
237577658,NODE_B0CBD8F33218,wormhole_a,4,B4:BF:E9:34:ED:81,-63,0,0,0,0,0
237677656,NODE_B0CBD8F33218,wormhole_a,4,B4:BF:E9:34:ED:81,-63,0,0,0,0,0
237777654,NODE_B0CBD8F33218,wormhole_a,4,B4:BF:E9:34:ED:81,-63,0,0,0,0,0
237877658,NODE_B0CBD8F33218,wormhole_a,4,B4:BF:E9:34:ED:81,-63,0,0,0,0,0
237987654,NODE_B0CBD8F33218,wormhole_a,4,B4:BF:E9:34:ED:81,-63,0,0,0,0,0
238087668,NODE_B0CBD8F33218,wormhole_a,4,B4:BF:E9:34:ED:81,-63,0,0,0,0,0
238187654,NODE_B0CBD8F33218,wormhole_a,4,B4:BF:E9:34:ED:81,-63,0,0,0,0,0
238297654,NODE_B0CBD8F33218,wormhole_a,4,B4:BF:E9:34:ED:81,-63,0,0,0,0,0
238397663,NODE_B0CBD8F33218,wormhole_a,4,B4:BF:E9:34:ED:81,-63,0,0,0,0,0
238497654,NODE_B0CBD8F33218,wormhole_a,4,B4:BF:E9:34:ED:81,-63,0,0,0,0,0
238607658,NODE_B0CBD8F33218,wormhole_a,4,B4:BF:E9:34:ED:81,-63,0,0,0,0,0
238707654,NODE_B0CBD8F33218,wormhole_a,4,B4:BF:E9:34:ED:81,-63,0,0,0,0,0
238807660,NODE_B0CBD8F33218,wormhole_a,4,B4:BF:E9:34:ED:81,-63,0,0,0,0,0
238907654,NODE_B0CBD8F33218,wormhole_a,4,B4:BF:E9:34:ED:81,-63,0,0,0,0,0
239007654,NODE_B0CBD8F33218,wormhole_a,4,B4:BF:E9:34:ED:81,-63,0,0,0,0,0
239107672,NODE_B0CBD8F33218,wormhole_a,4,B4:BF:E9:34:ED:81,-63,0,0,0,0,0
239217654,NODE_B0CBD8F33218,wormhole_a,4,B4:BF:E9:34:ED:81,-63,0,0,0,0,0
239327654,NODE_B0CBD8F33218,wormhole_a,4,B4:BF:E9:34:ED:81,-63,0,0,0,0,0
239427662,NODE_B0CBD8F33218,wormhole_a,4,B4:BF:E9:34:ED:81,-63,0,0,0,0,0
239527660,NODE_B0CBD8F33218,wormhole_a,4,B4:BF:E9:34:ED:81,-63,0,0,0,0,0
239637658,NODE_B0CBD8F33218,wormhole_a,4,B4:BF:E9:34:ED:81,-63,0,0,0,0,0
239737654,NODE_B0CBD8F33218,wormhole_a,4,B4:BF:E9:34:ED:81,-63,0,0,0,0,0
239837659,NODE_B0CBD8F33218,wormhole_a,4,B4:BF:E9:34:ED:81,-63,0,0,0,0,0
239937654,NODE_B0CBD8F33218,wormhole_a,4,B4:BF:E9:34:ED:81,-63,0,0,0,0,0
240037654,NODE_B0CBD8F33218,wormhole_a,4,B4:BF:E9:34:ED:81,-63,0,0,0,0,0
240137667,NODE_B0CBD8F33218,wormhole_a,4,B4:BF:E9:34:ED:81,-63,0,0,0,0,0
240247656,NODE_B0CBD8F33218,wormhole_a,4,B4:BF:E9:34:ED:81,-63,0,0,0,0,0
240347654,NODE_B0CBD8F33218,wormhole_a,4,B4:BF:E9:34:ED:81,-63,0,0,0,0,0
240457662,NODE_B0CBD8F33218,wormhole_a,4,B4:BF:E9:34:ED:81,-63,0,0,0,0,0
240557659,NODE_B0CBD8F33218,wormhole_a,4,B4:BF:E9:34:ED:81,-63,0,0,0,0,0
240657654,NODE_B0CBD8F33218,wormhole_a,4,B4:BF:E9:34:ED:81,-63,0,0,0,0,0
240757658,NODE_B0CBD8F33218,wormhole_a,4,B4:BF:E9:34:ED:81,-63,0,0,0,0,0
240867660,NODE_B0CBD8F33218,wormhole_a,4,B4:BF:E9:34:ED:81,-63,0,0,0,0,0
240967657,NODE_B0CBD8F33218,wormhole_a,4,B4:BF:E9:34:ED:81,-63,0,0,0,0,0
241067668,NODE_B0CBD8F33218,wormhole_a,4,B4:BF:E9:34:ED:81,-63,0,0,0,0,0
241167668,NODE_B0CBD8F33218,wormhole_a,4,B4:BF:E9:34:ED:81,-63,0,0,0,0,0
241277656,NODE_B0CBD8F33218,wormhole_a,4,B4:BF:E9:34:ED:81,-63,0,0,0,0,0
241377654,NODE_B0CBD8F33218,wormhole_a,4,B4:BF:E9:34:ED:81,-63,0,0,0,0,0
241487662,NODE_B0CBD8F33218,wormhole_a,4,B4:BF:E9:34:ED:81,-63,0,0,0,0,0
241587658,NODE_B0CBD8F33218,wormhole_a,4,B4:BF:E9:34:ED:81,-63,0,0,0,0,0
241687656,NODE_B0CBD8F33218,wormhole_a,4,B4:BF:E9:34:ED:81,-63,0,0,0,0,0
241787658,NODE_B0CBD8F33218,wormhole_a,4,B4:BF:E9:34:ED:81,-63,0,0,0,0,0
241897654,NODE_B0CBD8F33218,wormhole_a,4,B4:BF:E9:34:ED:81,-63,0,0,0,0,0
241997656,NODE_B0CBD8F33218,wormhole_a,4,B4:BF:E9:34:ED:81,-63,0,0,0,0,0
242097654,NODE_B0CBD8F33218,wormhole_a,4,B4:BF:E9:34:ED:81,-63,0,0,0,0,0
242197666,NODE_B0CBD8F33218,wormhole_a,4,B4:BF:E9:34:ED:81,-64,0,0,0,0,0
242307654,NODE_B0CBD8F33218,wormhole_a,4,B4:BF:E9:34:ED:81,-64,0,0,0,0,0
242407656,NODE_B0CBD8F33218,wormhole_a,4,B4:BF:E9:34:ED:81,-64,0,0,0,0,0
242517666,NODE_B0CBD8F33218,wormhole_a,4,B4:BF:E9:34:ED:81,-64,0,0,0,0,0
242617654,NODE_B0CBD8F33218,wormhole_a,4,B4:BF:E9:34:ED:81,-64,0,0,0,0,0
242717659,NODE_B0CBD8F33218,wormhole_a,4,B4:BF:E9:34:ED:81,-64,0,0,0,0,0
242817658,NODE_B0CBD8F33218,wormhole_a,4,B4:BF:E9:34:ED:81,-64,0,0,0,0,0
242927654,NODE_B0CBD8F33218,wormhole_a,4,B4:BF:E9:34:ED:81,-64,0,0,0,0,0
243027654,NODE_B0CBD8F33218,wormhole_a,4,B4:BF:E9:34:ED:81,-64,0,0,0,0,0
243127667,NODE_B0CBD8F33218,wormhole_a,4,B4:BF:E9:34:ED:81,-64,0,0,0,0,0
243227666,NODE_B0CBD8F33218,wormhole_a,4,B4:BF:E9:34:ED:81,-63,0,0,0,0,0
243337654,NODE_B0CBD8F33218,wormhole_a,4,B4:BF:E9:34:ED:81,-63,0,0,0,0,0
243437656,NODE_B0CBD8F33218,wormhole_a,4,B4:BF:E9:34:ED:81,-63,0,0,0,0,0
243547668,NODE_B0CBD8F33218,wormhole_a,4,B4:BF:E9:34:ED:81,-63,0,0,0,0,0
243647654,NODE_B0CBD8F33218,wormhole_a,4,B4:BF:E9:34:ED:81,-63,0,0,0,0,0
243747658,NODE_B0CBD8F33218,wormhole_a,4,B4:BF:E9:34:ED:81,-63,0,0,0,0,0
243847731,NODE_B0CBD8F33218,wormhole_a,4,B4:BF:E9:34:ED:81,-63,0,0,0,0,0
243957654,NODE_B0CBD8F33218,wormhole_a,4,B4:BF:E9:34:ED:81,-63,0,0,0,0,0
244057654,NODE_B0CBD8F33218,wormhole_a,4,B4:BF:E9:34:ED:81,-63,0,0,0,0,0
244157656,NODE_B0CBD8F33218,wormhole_a,4,B4:BF:E9:34:ED:81,-63,0,0,0,0,0
244257666,NODE_B0CBD8F33218,wormhole_a,4,B4:BF:E9:34:ED:81,-63,0,0,0,0,0
244367656,NODE_B0CBD8F33218,wormhole_a,4,B4:BF:E9:34:ED:81,-63,0,0,0,0,0
244467656,NODE_B0CBD8F33218,wormhole_a,4,B4:BF:E9:34:ED:81,-63,0,0,0,0,0
244577667,NODE_B0CBD8F33218,wormhole_a,4,B4:BF:E9:34:ED:81,-63,0,0,0,0,0
244677654,NODE_B0CBD8F33218,wormhole_a,4,B4:BF:E9:34:ED:81,-63,0,0,0,0,0
244777658,NODE_B0CBD8F33218,wormhole_a,4,B4:BF:E9:34:ED:81,-63,0,0,0,0,0
244877659,NODE_B0CBD8F33218,wormhole_a,4,B4:BF:E9:34:ED:81,-63,0,0,0,0,0
244977654,NODE_B0CBD8F33218,wormhole_a,4,B4:BF:E9:34:ED:81,-63,0,0,0,0,0
245077666,NODE_B0CBD8F33218,wormhole_a,4,B4:BF:E9:34:ED:81,-63,0,0,0,0,0
245187654,NODE_B0CBD8F33218,wormhole_a,4,B4:BF:E9:34:ED:81,-63,0,0,0,0,0
245287668,NODE_B0CBD8F33218,wormhole_a,4,B4:BF:E9:34:ED:81,-63,0,0,0,0,0
245387654,NODE_B0CBD8F33218,wormhole_a,4,B4:BF:E9:34:ED:81,-63,0,0,0,0,0
245497654,NODE_B0CBD8F33218,wormhole_a,4,B4:BF:E9:34:ED:81,-63,0,0,0,0,0
245597667,NODE_B0CBD8F33218,wormhole_a,4,B4:BF:E9:34:ED:81,-63,0,0,0,0,0
245697658,NODE_B0CBD8F33218,wormhole_a,4,B4:BF:E9:34:ED:81,-63,0,0,0,0,0
245807666,NODE_B0CBD8F33218,wormhole_a,4,B4:BF:E9:34:ED:81,-63,0,0,0,0,0
245907654,NODE_B0CBD8F33218,wormhole_a,4,B4:BF:E9:34:ED:81,-63,0,0,0,0,0
246007656,NODE_B0CBD8F33218,wormhole_a,4,B4:BF:E9:34:ED:81,-63,0,0,0,0,0
246107654,NODE_B0CBD8F33218,wormhole_a,4,B4:BF:E9:34:ED:81,-63,0,0,0,0,0
246217654,NODE_B0CBD8F33218,wormhole_a,4,B4:BF:E9:34:ED:81,-63,0,0,0,0,0
246317667,NODE_B0CBD8F33218,wormhole_a,4,B4:BF:E9:34:ED:81,-64,0,0,0,0,0
246417654,NODE_B0CBD8F33218,wormhole_a,4,B4:BF:E9:34:ED:81,-64,0,0,0,0,0
246527658,NODE_B0CBD8F33218,wormhole_a,4,B4:BF:E9:34:ED:81,-64,0,0,0,0,0
246627654,NODE_B0CBD8F33218,wormhole_a,4,B4:BF:E9:34:ED:81,-64,0,0,0,0,0
246727660,NODE_B0CBD8F33218,wormhole_a,4,B4:BF:E9:34:ED:81,-64,0,0,0,0,0
246837666,NODE_B0CBD8F33218,wormhole_a,4,B4:BF:E9:34:ED:81,-64,0,0,0,0,0
246937654,NODE_B0CBD8F33218,wormhole_a,4,B4:BF:E9:34:ED:81,-64,0,0,0,0,0
247037656,NODE_B0CBD8F33218,wormhole_a,4,B4:BF:E9:34:ED:81,-64,0,0,0,0,0
247137666,NODE_B0CBD8F33218,wormhole_a,4,B4:BF:E9:34:ED:81,-64,0,0,0,0,0
247247654,NODE_B0CBD8F33218,wormhole_a,4,B4:BF:E9:34:ED:81,-64,0,0,0,0,0
247347666,NODE_B0CBD8F33218,wormhole_a,4,B4:BF:E9:34:ED:81,-63,0,0,0,0,0
247447656,NODE_B0CBD8F33218,wormhole_a,4,B4:BF:E9:34:ED:81,-63,0,0,0,0,0
247557658,NODE_B0CBD8F33218,wormhole_a,4,B4:BF:E9:34:ED:81,-63,0,0,0,0,0
247657654,NODE_B0CBD8F33218,wormhole_a,4,B4:BF:E9:34:ED:81,-63,0,0,0,0,0
247757667,NODE_B0CBD8F33218,wormhole_a,4,B4:BF:E9:34:ED:81,-63,0,0,0,0,0
247867661,NODE_B0CBD8F33218,wormhole_a,4,B4:BF:E9:34:ED:81,-63,0,0,0,0,0
247967656,NODE_B0CBD8F33218,wormhole_a,4,B4:BF:E9:34:ED:81,-63,0,0,0,0,0
248067656,NODE_B0CBD8F33218,wormhole_a,4,B4:BF:E9:34:ED:81,-63,0,0,0,0,0
248167657,NODE_B0CBD8F33218,wormhole_a,4,B4:BF:E9:34:ED:81,-63,0,0,0,0,0
248277662,NODE_B0CBD8F33218,wormhole_a,4,B4:BF:E9:34:ED:81,-63,0,0,0,0,0
248377666,NODE_B0CBD8F33218,wormhole_a,4,B4:BF:E9:34:ED:81,-63,0,0,0,0,0
248477656,NODE_B0CBD8F33218,wormhole_a,4,B4:BF:E9:34:ED:81,-63,0,0,0,0,0
248587660,NODE_B0CBD8F33218,wormhole_a,4,B4:BF:E9:34:ED:81,-63,0,0,0,0,0
248687666,NODE_B0CBD8F33218,wormhole_a,4,B4:BF:E9:34:ED:81,-63,0,0,0,0,0
248787654,NODE_B0CBD8F33218,wormhole_a,4,B4:BF:E9:34:ED:81,-63,0,0,0,0,0
248897659,NODE_B0CBD8F33218,wormhole_a,4,B4:BF:E9:34:ED:81,-63,0,0,0,0,0
248997654,NODE_B0CBD8F33218,wormhole_a,4,B4:BF:E9:34:ED:81,-63,0,0,0,0,0
249097666,NODE_B0CBD8F33218,wormhole_a,4,B4:BF:E9:34:ED:81,-63,0,0,0,0,0
249197656,NODE_B0CBD8F33218,wormhole_a,4,B4:BF:E9:34:ED:81,-63,0,0,0,0,0
249307668,NODE_B0CBD8F33218,wormhole_a,4,B4:BF:E9:34:ED:81,-63,0,0,0,0,0
249407662,NODE_B0CBD8F33218,wormhole_a,4,B4:BF:E9:34:ED:81,-63,0,0,0,0,0
249507654,NODE_B0CBD8F33218,wormhole_a,4,B4:BF:E9:34:ED:81,-63,0,0,0,0,0
249617667,NODE_B0CBD8F33218,wormhole_a,4,B4:BF:E9:34:ED:81,-63,0,0,0,0,0
249717658,NODE_B0CBD8F33218,wormhole_a,4,B4:BF:E9:34:ED:81,-63,0,0,0,0,0
249817658,NODE_B0CBD8F33218,wormhole_a,4,B4:BF:E9:34:ED:81,-63,0,0,0,0,0
249927654,NODE_B0CBD8F33218,wormhole_a,4,B4:BF:E9:34:ED:81,-63,0,0,0,0,0
250027656,NODE_B0CBD8F33218,wormhole_a,4,B4:BF:E9:34:ED:81,-63,0,0,0,0,0
250127654,NODE_B0CBD8F33218,wormhole_a,4,B4:BF:E9:34:ED:81,-63,0,0,0,0,0
250227654,NODE_B0CBD8F33218,wormhole_a,4,B4:BF:E9:34:ED:81,-63,0,0,0,0,0
250327664,NODE_B0CBD8F33218,wormhole_a,4,B4:BF:E9:34:ED:81,-63,0,0,0,0,0
250427666,NODE_B0CBD8F33218,wormhole_a,4,B4:BF:E9:34:ED:81,-64,0,0,0,0,0
250537658,NODE_B0CBD8F33218,wormhole_a,4,B4:BF:E9:34:ED:81,-64,0,0,0,0,0
250638165,NODE_B0CBD8F33218,wormhole_a,4,B4:BF:E9:34:ED:81,-64,0,0,0,0,0
250747660,NODE_B0CBD8F33218,wormhole_a,4,B4:BF:E9:34:ED:81,-64,0,0,0,0,0
250847658,NODE_B0CBD8F33218,wormhole_a,4,B4:BF:E9:34:ED:81,-64,0,0,0,0,0
250957654,NODE_B0CBD8F33218,wormhole_a,4,B4:BF:E9:34:ED:81,-64,0,0,0,0,0
251057667,NODE_B0CBD8F33218,wormhole_a,4,B4:BF:E9:34:ED:81,-64,0,0,0,0,0
251157654,NODE_B0CBD8F33218,wormhole_a,4,B4:BF:E9:34:ED:81,-64,0,0,0,0,0
251257654,NODE_B0CBD8F33218,wormhole_a,4,B4:BF:E9:34:ED:81,-64,0,0,0,0,0
251358047,NODE_B0CBD8F33218,wormhole_a,4,B4:BF:E9:34:ED:81,-63,0,0,0,0,0
251457662,NODE_B0CBD8F33218,wormhole_a,4,B4:BF:E9:34:ED:81,-63,0,0,0,0,0
251567660,NODE_B0CBD8F33218,wormhole_a,4,B4:BF:E9:34:ED:81,-63,0,0,0,0,0
251667668,NODE_B0CBD8F33218,wormhole_a,4,B4:BF:E9:34:ED:81,-63,0,0,0,0,0
251777656,NODE_B0CBD8F33218,wormhole_a,4,B4:BF:E9:34:ED:81,-63,0,0,0,0,0
251877658,NODE_B0CBD8F33218,wormhole_a,4,B4:BF:E9:34:ED:81,-63,0,0,0,0,0
251977654,NODE_B0CBD8F33218,wormhole_a,4,B4:BF:E9:34:ED:81,-63,0,0,0,0,0
252077656,NODE_B0CBD8F33218,wormhole_a,4,B4:BF:E9:34:ED:81,-63,0,0,0,0,0
252187656,NODE_B0CBD8F33218,wormhole_a,4,B4:BF:E9:34:ED:81,-63,0,0,0,0,0
252287654,NODE_B0CBD8F33218,wormhole_a,4,B4:BF:E9:34:ED:81,-63,0,0,0,0,0
252387666,NODE_B0CBD8F33218,wormhole_a,4,B4:BF:E9:34:ED:81,-63,0,0,0,0,0
252487664,NODE_B0CBD8F33218,wormhole_a,4,B4:BF:E9:34:ED:81,-63,0,0,0,0,0
252597658,NODE_B0CBD8F33218,wormhole_a,4,B4:BF:E9:34:ED:81,-63,0,0,0,0,0
252697666,NODE_B0CBD8F33218,wormhole_a,4,B4:BF:E9:34:ED:81,-63,0,0,0,0,0
252808072,NODE_B0CBD8F33218,wormhole_a,4,B4:BF:E9:34:ED:81,-63,0,0,0,0,0
252907656,NODE_B0CBD8F33218,wormhole_a,4,B4:BF:E9:34:ED:81,-63,0,0,0,0,0
253007654,NODE_B0CBD8F33218,wormhole_a,4,B4:BF:E9:34:ED:81,-63,0,0,0,0,0
253107666,NODE_B0CBD8F33218,wormhole_a,4,B4:BF:E9:34:ED:81,-63,0,0,0,0,0
253217656,NODE_B0CBD8F33218,wormhole_a,4,B4:BF:E9:34:ED:81,-63,0,0,0,0,0
253317654,NODE_B0CBD8F33218,wormhole_a,4,B4:BF:E9:34:ED:81,-63,0,0,0,0,0
253417843,NODE_B0CBD8F33218,wormhole_a,4,B4:BF:E9:34:ED:81,-63,0,0,0,0,0
253517659,NODE_B0CBD8F33218,wormhole_a,4,B4:BF:E9:34:ED:81,-63,0,0,0,0,0
253627656,NODE_B0CBD8F33218,wormhole_a,4,B4:BF:E9:34:ED:81,-63,0,0,0,0,0
253727666,NODE_B0CBD8F33218,wormhole_a,4,B4:BF:E9:34:ED:81,-63,0,0,0,0,0
253837658,NODE_B0CBD8F33218,wormhole_a,4,B4:BF:E9:34:ED:81,-63,0,0,0,0,0
253937656,NODE_B0CBD8F33218,wormhole_a,4,B4:BF:E9:34:ED:81,-63,0,0,0,0,0
254037654,NODE_B0CBD8F33218,wormhole_a,4,B4:BF:E9:34:ED:81,-63,0,0,0,0,0
254137654,NODE_B0CBD8F33218,wormhole_a,4,B4:BF:E9:34:ED:81,-63,0,0,0,0,0
254247654,NODE_B0CBD8F33218,wormhole_a,4,B4:BF:E9:34:ED:81,-63,0,0,0,0,0
254347656,NODE_B0CBD8F33218,wormhole_a,4,B4:BF:E9:34:ED:81,-63,0,0,0,0,0
254447666,NODE_B0CBD8F33218,wormhole_a,4,B4:BF:E9:34:ED:81,-63,0,0,0,0,0
254547658,NODE_B0CBD8F33218,wormhole_a,4,B4:BF:E9:34:ED:81,-63,0,0,0,0,0
254657663,NODE_B0CBD8F33218,wormhole_a,4,B4:BF:E9:34:ED:81,-63,0,0,0,0,0
254757662,NODE_B0CBD8F33218,wormhole_a,4,B4:BF:E9:34:ED:81,-63,0,0,0,0,0
254867660,NODE_B0CBD8F33218,wormhole_a,4,B4:BF:E9:34:ED:81,-63,0,0,0,0,0
254967656,NODE_B0CBD8F33218,wormhole_a,4,B4:BF:E9:34:ED:81,-63,0,0,0,0,0
255067669,NODE_B0CBD8F33218,wormhole_a,4,B4:BF:E9:34:ED:81,-63,0,0,0,0,0
255167656,NODE_B0CBD8F33218,wormhole_a,4,B4:BF:E9:34:ED:81,-63,0,0,0,0,0
255277654,NODE_B0CBD8F33218,wormhole_a,4,B4:BF:E9:34:ED:81,-63,0,0,0,0,0
255377656,NODE_B0CBD8F33218,wormhole_a,4,B4:BF:E9:34:ED:81,-63,0,0,0,0,0
255477666,NODE_B0CBD8F33218,wormhole_a,4,B4:BF:E9:34:ED:81,-63,0,0,0,0,0
255577658,NODE_B0CBD8F33218,wormhole_a,4,B4:BF:E9:34:ED:81,-63,0,0,0,0,0
255687658,NODE_B0CBD8F33218,wormhole_a,4,B4:BF:E9:34:ED:81,-63,0,0,0,0,0
255787664,NODE_B0CBD8F33218,wormhole_a,4,B4:BF:E9:34:ED:81,-63,0,0,0,0,0
255897658,NODE_B0CBD8F33218,wormhole_a,4,B4:BF:E9:34:ED:81,-63,0,0,0,0,0
255997654,NODE_B0CBD8F33218,wormhole_a,4,B4:BF:E9:34:ED:81,-63,0,0,0,0,0
256097656,NODE_B0CBD8F33218,wormhole_a,4,B4:BF:E9:34:ED:81,-63,0,0,0,0,0
256197654,NODE_B0CBD8F33218,wormhole_a,4,B4:BF:E9:34:ED:81,-63,0,0,0,0,0
256297654,NODE_B0CBD8F33218,wormhole_a,4,B4:BF:E9:34:ED:81,-63,0,0,0,0,0
256397656,NODE_B0CBD8F33218,wormhole_a,4,B4:BF:E9:34:ED:81,-63,0,0,0,0,0
256507668,NODE_B0CBD8F33218,wormhole_a,4,B4:BF:E9:34:ED:81,-63,0,0,0,0,0
256607658,NODE_B0CBD8F33218,wormhole_a,4,B4:BF:E9:34:ED:81,-63,0,0,0,0,0
256707654,NODE_B0CBD8F33218,wormhole_a,4,B4:BF:E9:34:ED:81,-63,0,0,0,0,0
256817667,NODE_B0CBD8F33218,wormhole_a,4,B4:BF:E9:34:ED:81,-63,0,0,0,0,0
256917654,NODE_B0CBD8F33218,wormhole_a,4,B4:BF:E9:34:ED:81,-63,0,0,0,0,0
257017654,NODE_B0CBD8F33218,wormhole_a,4,B4:BF:E9:34:ED:81,-63,0,0,0,0,0
257127666,NODE_B0CBD8F33218,wormhole_a,4,B4:BF:E9:34:ED:81,-63,0,0,0,0,0
257227656,NODE_B0CBD8F33218,wormhole_a,4,B4:BF:E9:34:ED:81,-63,0,0,0,0,0
257327654,NODE_B0CBD8F33218,wormhole_a,4,B4:BF:E9:34:ED:81,-63,0,0,0,0,0
257427654,NODE_B0CBD8F33218,wormhole_a,4,B4:BF:E9:34:ED:81,-63,0,0,0,0,0
257537667,NODE_B0CBD8F33218,wormhole_a,4,B4:BF:E9:34:ED:81,-63,0,0,0,0,0
257637654,NODE_B0CBD8F33218,wormhole_a,4,B4:BF:E9:34:ED:81,-63,0,0,0,0,0
257737658,NODE_B0CBD8F33218,wormhole_a,4,B4:BF:E9:34:ED:81,-63,0,0,0,0,0
257847666,NODE_B0CBD8F33218,wormhole_a,4,B4:BF:E9:34:ED:81,-63,0,0,0,0,0
257947656,NODE_B0CBD8F33218,wormhole_a,4,B4:BF:E9:34:ED:81,-63,0,0,0,0,0
258048036,NODE_B0CBD8F33218,wormhole_a,4,B4:BF:E9:34:ED:81,-63,0,0,0,0,0
258157654,NODE_B0CBD8F33218,wormhole_a,4,B4:BF:E9:34:ED:81,-63,0,0,0,0,0
258257656,NODE_B0CBD8F33218,wormhole_a,4,B4:BF:E9:34:ED:81,-63,0,0,0,0,0
258357654,NODE_B0CBD8F33218,wormhole_a,4,B4:BF:E9:34:ED:81,-63,0,0,0,0,0
258457654,NODE_B0CBD8F33218,wormhole_a,4,B4:BF:E9:34:ED:81,-63,0,0,0,0,0
258567668,NODE_B0CBD8F33218,wormhole_a,4,B4:BF:E9:34:ED:81,-64,0,0,0,0,0
258667657,NODE_B0CBD8F33218,wormhole_a,4,B4:BF:E9:34:ED:81,-64,0,0,0,0,0
258767660,NODE_B0CBD8F33218,wormhole_a,4,B4:BF:E9:34:ED:81,-64,0,0,0,0,0
258877666,NODE_B0CBD8F33218,wormhole_a,4,B4:BF:E9:34:ED:81,-64,0,0,0,0,0
258977656,NODE_B0CBD8F33218,wormhole_a,4,B4:BF:E9:34:ED:81,-64,0,0,0,0,0
259077666,NODE_B0CBD8F33218,wormhole_a,4,B4:BF:E9:34:ED:81,-64,0,0,0,0,0
259187654,NODE_B0CBD8F33218,wormhole_a,4,B4:BF:E9:34:ED:81,-64,0,0,0,0,0
259287654,NODE_B0CBD8F33218,wormhole_a,4,B4:BF:E9:34:ED:81,-64,0,0,0,0,0
259387656,NODE_B0CBD8F33218,wormhole_a,4,B4:BF:E9:34:ED:81,-64,0,0,0,0,0
259487654,NODE_B0CBD8F33218,wormhole_a,4,B4:BF:E9:34:ED:81,-64,0,0,0,0,0
259597666,NODE_B0CBD8F33218,wormhole_a,4,B4:BF:E9:34:ED:81,-63,0,0,0,0,0
259697656,NODE_B0CBD8F33218,wormhole_a,4,B4:BF:E9:34:ED:81,-63,0,0,0,0,0
259797666,NODE_B0CBD8F33218,wormhole_a,4,B4:BF:E9:34:ED:81,-63,0,0,0,0,0
259907666,NODE_B0CBD8F33218,wormhole_a,4,B4:BF:E9:34:ED:81,-63,0,0,0,0,0
260007654,NODE_B0CBD8F33218,wormhole_a,4,B4:BF:E9:34:ED:81,-63,0,0,0,0,0
260107656,NODE_B0CBD8F33218,wormhole_a,4,B4:BF:E9:34:ED:81,-63,0,0,0,0,0
260217654,NODE_B0CBD8F33218,wormhole_a,4,B4:BF:E9:34:ED:81,-63,0,0,0,0,0
260317654,NODE_B0CBD8F33218,wormhole_a,4,B4:BF:E9:34:ED:81,-63,0,0,0,0,0
260417656,NODE_B0CBD8F33218,wormhole_a,4,B4:BF:E9:34:ED:81,-63,0,0,0,0,0
260517658,NODE_B0CBD8F33218,wormhole_a,4,B4:BF:E9:34:ED:81,-63,0,0,0,0,0
260627666,NODE_B0CBD8F33218,wormhole_a,4,B4:BF:E9:34:ED:81,-64,0,0,0,0,0
260727666,NODE_B0CBD8F33218,wormhole_a,4,B4:BF:E9:34:ED:81,-64,0,0,0,0,0
260827660,NODE_B0CBD8F33218,wormhole_a,4,B4:BF:E9:34:ED:81,-64,0,0,0,0,0
260937662,NODE_B0CBD8F33218,wormhole_a,4,B4:BF:E9:34:ED:81,-64,0,0,0,0,0
261037654,NODE_B0CBD8F33218,wormhole_a,4,B4:BF:E9:34:ED:81,-64,0,0,0,0,0
261137667,NODE_B0CBD8F33218,wormhole_a,4,B4:BF:E9:34:ED:81,-64,0,0,0,0,0
261247656,NODE_B0CBD8F33218,wormhole_a,4,B4:BF:E9:34:ED:81,-64,0,0,0,0,0
261347654,NODE_B0CBD8F33218,wormhole_a,4,B4:BF:E9:34:ED:81,-64,0,0,0,0,0
261447654,NODE_B0CBD8F33218,wormhole_a,4,B4:BF:E9:34:ED:81,-64,0,0,0,0,0
261547660,NODE_B0CBD8F33218,wormhole_a,4,B4:BF:E9:34:ED:81,-64,0,0,0,0,0
261647666,NODE_B0CBD8F33218,wormhole_a,4,B4:BF:E9:34:ED:81,-63,0,0,0,0,0
261747654,NODE_B0CBD8F33218,wormhole_a,4,B4:BF:E9:34:ED:81,-63,0,0,0,0,0
261857659,NODE_B0CBD8F33218,wormhole_a,4,B4:BF:E9:34:ED:81,-63,0,0,0,0,0
261957662,NODE_B0CBD8F33218,wormhole_a,4,B4:BF:E9:34:ED:81,-63,0,0,0,0,0
262067656,NODE_B0CBD8F33218,wormhole_a,4,B4:BF:E9:34:ED:81,-63,0,0,0,0,0
262167656,NODE_B0CBD8F33218,wormhole_a,4,B4:BF:E9:34:ED:81,-63,0,0,0,0,0
262277656,NODE_B0CBD8F33218,wormhole_a,4,B4:BF:E9:34:ED:81,-63,0,0,0,0,0
262377654,NODE_B0CBD8F33218,wormhole_a,4,B4:BF:E9:34:ED:81,-63,0,0,0,0,0
262477654,NODE_B0CBD8F33218,wormhole_a,4,B4:BF:E9:34:ED:81,-63,0,0,0,0,0
262577659,NODE_B0CBD8F33218,wormhole_a,4,B4:BF:E9:34:ED:81,-63,0,0,0,0,0
262677666,NODE_B0CBD8F33218,wormhole_a,4,B4:BF:E9:34:ED:81,-63,0,0,0,0,0
262777658,NODE_B0CBD8F33218,wormhole_a,4,B4:BF:E9:34:ED:81,-63,0,0,0,0,0
262887658,NODE_B0CBD8F33218,wormhole_a,4,B4:BF:E9:34:ED:81,-63,0,0,0,0,0
262987664,NODE_B0CBD8F33218,wormhole_a,4,B4:BF:E9:34:ED:81,-63,0,0,0,0,0
263097666,NODE_B0CBD8F33218,wormhole_a,4,B4:BF:E9:34:ED:81,-63,0,0,0,0,0
263197654,NODE_B0CBD8F33218,wormhole_a,4,B4:BF:E9:34:ED:81,-63,0,0,0,0,0
263297656,NODE_B0CBD8F33218,wormhole_a,4,B4:BF:E9:34:ED:81,-63,0,0,0,0,0
263397654,NODE_B0CBD8F33218,wormhole_a,4,B4:BF:E9:34:ED:81,-63,0,0,0,0,0
263507654,NODE_B0CBD8F33218,wormhole_a,4,B4:BF:E9:34:ED:81,-63,0,0,0,0,0
263607658,NODE_B0CBD8F33218,wormhole_a,4,B4:BF:E9:34:ED:81,-63,0,0,0,0,0
263707668,NODE_B0CBD8F33218,wormhole_a,4,B4:BF:E9:34:ED:81,-63,0,0,0,0,0
263807654,NODE_B0CBD8F33218,wormhole_a,4,B4:BF:E9:34:ED:81,-63,0,0,0,0,0
263917658,NODE_B0CBD8F33218,wormhole_a,4,B4:BF:E9:34:ED:81,-63,0,0,0,0,0
264017663,NODE_B0CBD8F33218,wormhole_a,4,B4:BF:E9:34:ED:81,-63,0,0,0,0,0
264127656,NODE_B0CBD8F33218,wormhole_a,4,B4:BF:E9:34:ED:81,-63,0,0,0,0,0
264227654,NODE_B0CBD8F33218,wormhole_a,4,B4:BF:E9:34:ED:81,-63,0,0,0,0,0
264327654,NODE_B0CBD8F33218,wormhole_a,4,B4:BF:E9:34:ED:81,-63,0,0,0,0,0
264427656,NODE_B0CBD8F33218,wormhole_a,4,B4:BF:E9:34:ED:81,-63,0,0,0,0,0
264537658,NODE_B0CBD8F33218,wormhole_a,4,B4:BF:E9:34:ED:81,-63,0,0,0,0,0
264637654,NODE_B0CBD8F33218,wormhole_a,4,B4:BF:E9:34:ED:81,-63,0,0,0,0,0
264737812,NODE_B0CBD8F33218,wormhole_a,4,B4:BF:E9:34:ED:81,-63,0,0,0,0,0
264837658,NODE_B0CBD8F33218,wormhole_a,4,B4:BF:E9:34:ED:81,-63,0,0,0,0,0
264947654,NODE_B0CBD8F33218,wormhole_a,4,B4:BF:E9:34:ED:81,-63,0,0,0,0,0
265048048,NODE_B0CBD8F33218,wormhole_a,4,B4:BF:E9:34:ED:81,-63,0,0,0,0,0
265157659,NODE_B0CBD8F33218,wormhole_a,4,B4:BF:E9:34:ED:81,-63,0,0,0,0,0
265257654,NODE_B0CBD8F33218,wormhole_a,4,B4:BF:E9:34:ED:81,-63,0,0,0,0,0
265357654,NODE_B0CBD8F33218,wormhole_a,4,B4:BF:E9:34:ED:81,-63,0,0,0,0,0
265457656,NODE_B0CBD8F33218,wormhole_a,4,B4:BF:E9:34:ED:81,-63,0,0,0,0,0
265567661,NODE_B0CBD8F33218,wormhole_a,4,B4:BF:E9:34:ED:81,-63,0,0,0,0,0
265667656,NODE_B0CBD8F33218,wormhole_a,4,B4:BF:E9:34:ED:81,-63,0,0,0,0,0
265767676,NODE_B0CBD8F33218,wormhole_a,4,B4:BF:E9:34:ED:81,-64,0,0,0,0,0
265867661,NODE_B0CBD8F33218,wormhole_a,4,B4:BF:E9:34:ED:81,-64,0,0,0,0,0
265977654,NODE_B0CBD8F33218,wormhole_a,4,B4:BF:E9:34:ED:81,-64,0,0,0,0,0
266077662,NODE_B0CBD8F33218,wormhole_a,4,B4:BF:E9:34:ED:81,-64,0,0,0,0,0
266187654,NODE_B0CBD8F33218,wormhole_a,4,B4:BF:E9:34:ED:81,-64,0,0,0,0,0
266287656,NODE_B0CBD8F33218,wormhole_a,4,B4:BF:E9:34:ED:81,-64,0,0,0,0,0
266387654,NODE_B0CBD8F33218,wormhole_a,4,B4:BF:E9:34:ED:81,-64,0,0,0,0,0
266487654,NODE_B0CBD8F33218,wormhole_a,4,B4:BF:E9:34:ED:81,-64,0,0,0,0,0
266587660,NODE_B0CBD8F33218,wormhole_a,4,B4:BF:E9:34:ED:81,-64,0,0,0,0,0
266687658,NODE_B0CBD8F33218,wormhole_a,4,B4:BF:E9:34:ED:81,-64,0,0,0,0,0
266797666,NODE_B0CBD8F33218,wormhole_a,4,B4:BF:E9:34:ED:81,-63,0,0,0,0,0
266897659,NODE_B0CBD8F33218,wormhole_a,4,B4:BF:E9:34:ED:81,-63,0,0,0,0,0
267007656,NODE_B0CBD8F33218,wormhole_a,4,B4:BF:E9:34:ED:81,-63,0,0,0,0,0
267107674,NODE_B0CBD8F33218,wormhole_a,4,B4:BF:E9:34:ED:81,-63,0,0,0,0,0
267217654,NODE_B0CBD8F33218,wormhole_a,4,B4:BF:E9:34:ED:81,-63,0,0,0,0,0
267317656,NODE_B0CBD8F33218,wormhole_a,4,B4:BF:E9:34:ED:81,-63,0,0,0,0,0
267417654,NODE_B0CBD8F33218,wormhole_a,4,B4:BF:E9:34:ED:81,-63,0,0,0,0,0
267517658,NODE_B0CBD8F33218,wormhole_a,4,B4:BF:E9:34:ED:81,-63,0,0,0,0,0
267617656,NODE_B0CBD8F33218,wormhole_a,4,B4:BF:E9:34:ED:81,-63,0,0,0,0,0
267717658,NODE_B0CBD8F33218,wormhole_a,4,B4:BF:E9:34:ED:81,-63,0,0,0,0,0
267827666,NODE_B0CBD8F33218,wormhole_a,4,B4:BF:E9:34:ED:81,-63,0,0,0,0,0
267927654,NODE_B0CBD8F33218,wormhole_a,4,B4:BF:E9:34:ED:81,-63,0,0,0,0,0
268027656,NODE_B0CBD8F33218,wormhole_a,4,B4:BF:E9:34:ED:81,-63,0,0,0,0,0
268137662,NODE_B0CBD8F33218,wormhole_a,4,B4:BF:E9:34:ED:81,-63,0,0,0,0,0
268237654,NODE_B0CBD8F33218,wormhole_a,4,B4:BF:E9:34:ED:81,-63,0,0,0,0,0
268337656,NODE_B0CBD8F33218,wormhole_a,4,B4:BF:E9:34:ED:81,-63,0,0,0,0,0
268447656,NODE_B0CBD8F33218,wormhole_a,4,B4:BF:E9:34:ED:81,-63,0,0,0,0,0
268547658,NODE_B0CBD8F33218,wormhole_a,4,B4:BF:E9:34:ED:81,-63,0,0,0,0,0
268647654,NODE_B0CBD8F33218,wormhole_a,4,B4:BF:E9:34:ED:81,-63,0,0,0,0,0
268747660,NODE_B0CBD8F33218,wormhole_a,4,B4:BF:E9:34:ED:81,-63,0,0,0,0,0
268857658,NODE_B0CBD8F33218,wormhole_a,4,B4:BF:E9:34:ED:81,-63,0,0,0,0,0
268957654,NODE_B0CBD8F33218,wormhole_a,4,B4:BF:E9:34:ED:81,-63,0,0,0,0,0
269057667,NODE_B0CBD8F33218,wormhole_a,4,B4:BF:E9:34:ED:81,-63,0,0,0,0,0
269167665,NODE_B0CBD8F33218,wormhole_a,4,B4:BF:E9:34:ED:81,-63,0,0,0,0,0
269267656,NODE_B0CBD8F33218,wormhole_a,4,B4:BF:E9:34:ED:81,-63,0,0,0,0,0
269367656,NODE_B0CBD8F33218,wormhole_a,4,B4:BF:E9:34:ED:81,-63,0,0,0,0,0
269477656,NODE_B0CBD8F33218,wormhole_a,4,B4:BF:E9:34:ED:81,-63,0,0,0,0,0
269577658,NODE_B0CBD8F33218,wormhole_a,4,B4:BF:E9:34:ED:81,-63,0,0,0,0,0
269677658,NODE_B0CBD8F33218,wormhole_a,4,B4:BF:E9:34:ED:81,-63,0,0,0,0,0
269777656,NODE_B0CBD8F33218,wormhole_a,4,B4:BF:E9:34:ED:81,-63,0,0,0,0,0
269887668,NODE_B0CBD8F33218,wormhole_a,4,B4:BF:E9:34:ED:81,-63,0,0,0,0,0
269987680,NODE_B0CBD8F33218,wormhole_a,4,B4:BF:E9:34:ED:81,-63,0,0,0,0,0
270087654,NODE_B0CBD8F33218,wormhole_a,4,B4:BF:E9:34:ED:81,-63,0,0,0,0,0
270197663,NODE_B0CBD8F33218,wormhole_a,4,B4:BF:E9:34:ED:81,-63,0,0,0,0,0
270297654,NODE_B0CBD8F33218,wormhole_a,4,B4:BF:E9:34:ED:81,-63,0,0,0,0,0
270397654,NODE_B0CBD8F33218,wormhole_a,4,B4:BF:E9:34:ED:81,-63,0,0,0,0,0
270507654,NODE_B0CBD8F33218,wormhole_a,4,B4:BF:E9:34:ED:81,-63,0,0,0,0,0
270607660,NODE_B0CBD8F33218,wormhole_a,4,B4:BF:E9:34:ED:81,-63,0,0,0,0,0
270707658,NODE_B0CBD8F33218,wormhole_a,4,B4:BF:E9:34:ED:81,-63,0,0,0,0,0
270807662,NODE_B0CBD8F33218,wormhole_a,4,B4:BF:E9:34:ED:81,-63,0,0,0,0,0
270917667,NODE_B0CBD8F33218,wormhole_a,4,B4:BF:E9:34:ED:81,-63,0,0,0,0,0
271017654,NODE_B0CBD8F33218,wormhole_a,4,B4:BF:E9:34:ED:81,-63,0,0,0,0,0
271118020,NODE_B0CBD8F33218,wormhole_a,4,B4:BF:E9:34:ED:81,-63,0,0,0,0,0
271227654,NODE_B0CBD8F33218,wormhole_a,4,B4:BF:E9:34:ED:81,-63,0,0,0,0,0
271327656,NODE_B0CBD8F33218,wormhole_a,4,B4:BF:E9:34:ED:81,-63,0,0,0,0,0
271427654,NODE_B0CBD8F33218,wormhole_a,4,B4:BF:E9:34:ED:81,-63,0,0,0,0,0
271537658,NODE_B0CBD8F33218,wormhole_a,4,B4:BF:E9:34:ED:81,-63,0,0,0,0,0
271637656,NODE_B0CBD8F33218,wormhole_a,4,B4:BF:E9:34:ED:81,-63,0,0,0,0,0
271737658,NODE_B0CBD8F33218,wormhole_a,4,B4:BF:E9:34:ED:81,-63,0,0,0,0,0
271838464,NODE_B0CBD8F33218,wormhole_a,4,B4:BF:E9:34:ED:81,-63,0,0,0,0,0
271947666,NODE_B0CBD8F33218,wormhole_a,4,B4:BF:E9:34:ED:81,-63,0,0,0,0,0
272048046,NODE_B0CBD8F33218,wormhole_a,4,B4:BF:E9:34:ED:81,-63,0,0,0,0,0
272147662,NODE_B0CBD8F33218,wormhole_a,4,B4:BF:E9:34:ED:81,-63,0,0,0,0,0
272257654,NODE_B0CBD8F33218,wormhole_a,4,B4:BF:E9:34:ED:81,-63,0,0,0,0,0
272357656,NODE_B0CBD8F33218,wormhole_a,4,B4:BF:E9:34:ED:81,-63,0,0,0,0,0
272457654,NODE_B0CBD8F33218,wormhole_a,4,B4:BF:E9:34:ED:81,-63,0,0,0,0,0
272567660,NODE_B0CBD8F33218,wormhole_a,4,B4:BF:E9:34:ED:81,-63,0,0,0,0,0
272667660,NODE_B0CBD8F33218,wormhole_a,4,B4:BF:E9:34:ED:81,-63,0,0,0,0,0
272767657,NODE_B0CBD8F33218,wormhole_a,4,B4:BF:E9:34:ED:81,-63,0,0,0,0,0
272867668,NODE_B0CBD8F33218,wormhole_a,4,B4:BF:E9:34:ED:81,-64,0,0,0,0,0
272967664,NODE_B0CBD8F33218,wormhole_a,4,B4:BF:E9:34:ED:81,-64,0,0,0,0,0
273067669,NODE_B0CBD8F33218,wormhole_a,4,B4:BF:E9:34:ED:81,-64,0,0,0,0,0
273177662,NODE_B0CBD8F33218,wormhole_a,4,B4:BF:E9:34:ED:81,-64,0,0,0,0,0
273277654,NODE_B0CBD8F33218,wormhole_a,4,B4:BF:E9:34:ED:81,-64,0,0,0,0,0
273387654,NODE_B0CBD8F33218,wormhole_a,4,B4:BF:E9:34:ED:81,-64,0,0,0,0,0
273487656,NODE_B0CBD8F33218,wormhole_a,4,B4:BF:E9:34:ED:81,-64,0,0,0,0,0
273587658,NODE_B0CBD8F33218,wormhole_a,4,B4:BF:E9:34:ED:81,-64,0,0,0,0,0
273687781,NODE_B0CBD8F33218,wormhole_a,4,B4:BF:E9:34:ED:81,-64,0,0,0,0,0
273797656,NODE_B0CBD8F33218,wormhole_a,4,B4:BF:E9:34:ED:81,-64,0,0,0,0,0
273897956,NODE_B0CBD8F33218,wormhole_a,4,B4:BF:E9:34:ED:81,-63,0,0,0,0,0
273997654,NODE_B0CBD8F33218,wormhole_a,4,B4:BF:E9:34:ED:81,-63,0,0,0,0,0
274097656,NODE_B0CBD8F33218,wormhole_a,4,B4:BF:E9:34:ED:81,-63,0,0,0,0,0
274207664,NODE_B0CBD8F33218,wormhole_a,4,B4:BF:E9:34:ED:81,-63,0,0,0,0,0
274307654,NODE_B0CBD8F33218,wormhole_a,4,B4:BF:E9:34:ED:81,-63,0,0,0,0,0
274417654,NODE_B0CBD8F33218,wormhole_a,4,B4:BF:E9:34:ED:81,-63,0,0,0,0,0
274517747,NODE_B0CBD8F33218,wormhole_a,4,B4:BF:E9:34:ED:81,-63,0,0,0,0,0
274617658,NODE_B0CBD8F33218,wormhole_a,4,B4:BF:E9:34:ED:81,-63,0,0,0,0,0
274717654,NODE_B0CBD8F33218,wormhole_a,4,B4:BF:E9:34:ED:81,-63,0,0,0,0,0
274827658,NODE_B0CBD8F33218,wormhole_a,4,B4:BF:E9:34:ED:81,-63,0,0,0,0,0
274927668,NODE_B0CBD8F33218,wormhole_a,4,B4:BF:E9:34:ED:81,-63,0,0,0,0,0
275027654,NODE_B0CBD8F33218,wormhole_a,4,B4:BF:E9:34:ED:81,-63,0,0,0,0,0
275127666,NODE_B0CBD8F33218,wormhole_a,4,B4:BF:E9:34:ED:81,-63,0,0,0,0,0
275237663,NODE_B0CBD8F33218,wormhole_a,4,B4:BF:E9:34:ED:81,-63,0,0,0,0,0
275337654,NODE_B0CBD8F33218,wormhole_a,4,B4:BF:E9:34:ED:81,-63,0,0,0,0,0
275447654,NODE_B0CBD8F33218,wormhole_a,4,B4:BF:E9:34:ED:81,-63,0,0,0,0,0
275547658,NODE_B0CBD8F33218,wormhole_a,4,B4:BF:E9:34:ED:81,-63,0,0,0,0,0
275647656,NODE_B0CBD8F33218,wormhole_a,4,B4:BF:E9:34:ED:81,-63,0,0,0,0,0
275747658,NODE_B0CBD8F33218,wormhole_a,4,B4:BF:E9:34:ED:81,-63,0,0,0,0,0
275857658,NODE_B0CBD8F33218,wormhole_a,4,B4:BF:E9:34:ED:81,-63,0,0,0,0,0
275957668,NODE_B0CBD8F33218,wormhole_a,4,B4:BF:E9:34:ED:81,-64,0,0,0,0,0
276057654,NODE_B0CBD8F33218,wormhole_a,4,B4:BF:E9:34:ED:81,-64,0,0,0,0,0
276157654,NODE_B0CBD8F33218,wormhole_a,4,B4:BF:E9:34:ED:81,-64,0,0,0,0,0
276267664,NODE_B0CBD8F33218,wormhole_a,4,B4:BF:E9:34:ED:81,-64,0,0,0,0,0
276367657,NODE_B0CBD8F33218,wormhole_a,4,B4:BF:E9:34:ED:81,-64,0,0,0,0,0
276477654,NODE_B0CBD8F33218,wormhole_a,4,B4:BF:E9:34:ED:81,-64,0,0,0,0,0
276577658,NODE_B0CBD8F33218,wormhole_a,4,B4:BF:E9:34:ED:81,-64,0,0,0,0,0
276677655,NODE_B0CBD8F33218,wormhole_a,4,B4:BF:E9:34:ED:81,-64,0,0,0,0,0
276777654,NODE_B0CBD8F33218,wormhole_a,4,B4:BF:E9:34:ED:81,-64,0,0,0,0,0
276887658,NODE_B0CBD8F33218,wormhole_a,4,B4:BF:E9:34:ED:81,-64,0,0,0,0,0
276987666,NODE_B0CBD8F33218,wormhole_a,4,B4:BF:E9:34:ED:81,-63,0,0,0,0,0
277087668,NODE_B0CBD8F33218,wormhole_a,4,B4:BF:E9:34:ED:81,-63,0,0,0,0,0
277187654,NODE_B0CBD8F33218,wormhole_a,4,B4:BF:E9:34:ED:81,-63,0,0,0,0,0
277297662,NODE_B0CBD8F33218,wormhole_a,4,B4:BF:E9:34:ED:81,-63,0,0,0,0,0
277397656,NODE_B0CBD8F33218,wormhole_a,4,B4:BF:E9:34:ED:81,-63,0,0,0,0,0
277507656,NODE_B0CBD8F33218,wormhole_a,4,B4:BF:E9:34:ED:81,-63,0,0,0,0,0
277607658,NODE_B0CBD8F33218,wormhole_a,4,B4:BF:E9:34:ED:81,-63,0,0,0,0,0
277707654,NODE_B0CBD8F33218,wormhole_a,4,B4:BF:E9:34:ED:81,-63,0,0,0,0,0
277807660,NODE_B0CBD8F33218,wormhole_a,4,B4:BF:E9:34:ED:81,-63,0,0,0,0,0
277907658,NODE_B0CBD8F33218,wormhole_a,4,B4:BF:E9:34:ED:81,-63,0,0,0,0,0
278007666,NODE_B0CBD8F33218,wormhole_a,4,B4:BF:E9:34:ED:81,-63,0,0,0,0,0
278117656,NODE_B0CBD8F33218,wormhole_a,4,B4:BF:E9:34:ED:81,-63,0,0,0,0,0
278217654,NODE_B0CBD8F33218,wormhole_a,4,B4:BF:E9:34:ED:81,-63,0,0,0,0,0
278327662,NODE_B0CBD8F33218,wormhole_a,4,B4:BF:E9:34:ED:81,-63,0,0,0,0,0
278427654,NODE_B0CBD8F33218,wormhole_a,4,B4:BF:E9:34:ED:81,-63,0,0,0,0,0
278537659,NODE_B0CBD8F33218,wormhole_a,4,B4:BF:E9:34:ED:81,-63,0,0,0,0,0
278637654,NODE_B0CBD8F33218,wormhole_a,4,B4:BF:E9:34:ED:81,-63,0,0,0,0,0
278737658,NODE_B0CBD8F33218,wormhole_a,4,B4:BF:E9:34:ED:81,-63,0,0,0,0,0
278837659,NODE_B0CBD8F33218,wormhole_a,4,B4:BF:E9:34:ED:81,-63,0,0,0,0,0
278937654,NODE_B0CBD8F33218,wormhole_a,4,B4:BF:E9:34:ED:81,-63,0,0,0,0,0
279037666,NODE_B0CBD8F33218,wormhole_a,4,B4:BF:E9:34:ED:81,-63,0,0,0,0,0
279147666,NODE_B0CBD8F33218,wormhole_a,4,B4:BF:E9:34:ED:81,-63,0,0,0,0,0
279247656,NODE_B0CBD8F33218,wormhole_a,4,B4:BF:E9:34:ED:81,-63,0,0,0,0,0
279347662,NODE_B0CBD8F33218,wormhole_a,4,B4:BF:E9:34:ED:81,-63,0,0,0,0,0
279457654,NODE_B0CBD8F33218,wormhole_a,4,B4:BF:E9:34:ED:81,-63,0,0,0,0,0
279557659,NODE_B0CBD8F33218,wormhole_a,4,B4:BF:E9:34:ED:81,-63,0,0,0,0,0
279657654,NODE_B0CBD8F33218,wormhole_a,4,B4:BF:E9:34:ED:81,-63,0,0,0,0,0
279767660,NODE_B0CBD8F33218,wormhole_a,4,B4:BF:E9:34:ED:81,-63,0,0,0,0,0
279867660,NODE_B0CBD8F33218,wormhole_a,4,B4:BF:E9:34:ED:81,-63,0,0,0,0,0
279967657,NODE_B0CBD8F33218,wormhole_a,4,B4:BF:E9:34:ED:81,-63,0,0,0,0,0
280067668,NODE_B0CBD8F33218,wormhole_a,4,B4:BF:E9:34:ED:81,-64,0,0,0,0,0
280177654,NODE_B0CBD8F33218,wormhole_a,4,B4:BF:E9:34:ED:81,-64,0,0,0,0,0
280277656,NODE_B0CBD8F33218,wormhole_a,4,B4:BF:E9:34:ED:81,-64,0,0,0,0,0
280377662,NODE_B0CBD8F33218,wormhole_a,4,B4:BF:E9:34:ED:81,-64,0,0,0,0,0
280487654,NODE_B0CBD8F33218,wormhole_a,4,B4:BF:E9:34:ED:81,-64,0,0,0,0,0
280587658,NODE_B0CBD8F33218,wormhole_a,4,B4:BF:E9:34:ED:81,-64,0,0,0,0,0
280687656,NODE_B0CBD8F33218,wormhole_a,4,B4:BF:E9:34:ED:81,-64,0,0,0,0,0
280797658,NODE_B0CBD8F33218,wormhole_a,4,B4:BF:E9:34:ED:81,-64,0,0,0,0,0
280897658,NODE_B0CBD8F33218,wormhole_a,4,B4:BF:E9:34:ED:81,-64,0,0,0,0,0
280997656,NODE_B0CBD8F33218,wormhole_a,4,B4:BF:E9:34:ED:81,-64,0,0,0,0,0
281097670,NODE_B0CBD8F33218,wormhole_a,4,B4:BF:E9:34:ED:81,-63,0,0,0,0,0
281207654,NODE_B0CBD8F33218,wormhole_a,4,B4:BF:E9:34:ED:81,-63,0,0,0,0,0
281307654,NODE_B0CBD8F33218,wormhole_a,4,B4:BF:E9:34:ED:81,-63,0,0,0,0,0
281407664,NODE_B0CBD8F33218,wormhole_a,4,B4:BF:E9:34:ED:81,-63,0,0,0,0,0
281517658,NODE_B0CBD8F33218,wormhole_a,4,B4:BF:E9:34:ED:81,-63,0,0,0,0,0
281617658,NODE_B0CBD8F33218,wormhole_a,4,B4:BF:E9:34:ED:81,-63,0,0,0,0,0
281717659,NODE_B0CBD8F33218,wormhole_a,4,B4:BF:E9:34:ED:81,-63,0,0,0,0,0
281827660,NODE_B0CBD8F33218,wormhole_a,4,B4:BF:E9:34:ED:81,-63,0,0,0,0,0
281927654,NODE_B0CBD8F33218,wormhole_a,4,B4:BF:E9:34:ED:81,-63,0,0,0,0,0
282027654,NODE_B0CBD8F33218,wormhole_a,4,B4:BF:E9:34:ED:81,-63,0,0,0,0,0
282127668,NODE_B0CBD8F33218,wormhole_a,4,B4:BF:E9:34:ED:81,-63,0,0,0,0,0
282237654,NODE_B0CBD8F33218,wormhole_a,4,B4:BF:E9:34:ED:81,-63,0,0,0,0,0
282337654,NODE_B0CBD8F33218,wormhole_a,4,B4:BF:E9:34:ED:81,-63,0,0,0,0,0
282437663,NODE_B0CBD8F33218,wormhole_a,4,B4:BF:E9:34:ED:81,-63,0,0,0,0,0
282547660,NODE_B0CBD8F33218,wormhole_a,4,B4:BF:E9:34:ED:81,-63,0,0,0,0,0
282647654,NODE_B0CBD8F33218,wormhole_a,4,B4:BF:E9:34:ED:81,-63,0,0,0,0,0
282747658,NODE_B0CBD8F33218,wormhole_a,4,B4:BF:E9:34:ED:81,-63,0,0,0,0,0
282857659,NODE_B0CBD8F33218,wormhole_a,4,B4:BF:E9:34:ED:81,-63,0,0,0,0,0
282957654,NODE_B0CBD8F33218,wormhole_a,4,B4:BF:E9:34:ED:81,-63,0,0,0,0,0
283057666,NODE_B0CBD8F33218,wormhole_a,4,B4:BF:E9:34:ED:81,-63,0,0,0,0,0
283157667,NODE_B0CBD8F33218,wormhole_a,4,B4:BF:E9:34:ED:81,-63,0,0,0,0,0
283267657,NODE_B0CBD8F33218,wormhole_a,4,B4:BF:E9:34:ED:81,-63,0,0,0,0,0
283367656,NODE_B0CBD8F33218,wormhole_a,4,B4:BF:E9:34:ED:81,-63,0,0,0,0,0
283467664,NODE_B0CBD8F33218,wormhole_a,4,B4:BF:E9:34:ED:81,-63,0,0,0,0,0
283577659,NODE_B0CBD8F33218,wormhole_a,4,B4:BF:E9:34:ED:81,-63,0,0,0,0,0
283677654,NODE_B0CBD8F33218,wormhole_a,4,B4:BF:E9:34:ED:81,-63,0,0,0,0,0
283777658,NODE_B0CBD8F33218,wormhole_a,4,B4:BF:E9:34:ED:81,-63,0,0,0,0,0
283887658,NODE_B0CBD8F33218,wormhole_a,4,B4:BF:E9:34:ED:81,-63,0,0,0,0,0
283987656,NODE_B0CBD8F33218,wormhole_a,4,B4:BF:E9:34:ED:81,-63,0,0,0,0,0
284087654,NODE_B0CBD8F33218,wormhole_a,4,B4:BF:E9:34:ED:81,-63,0,0,0,0,0
284187666,NODE_B0CBD8F33218,wormhole_a,4,B4:BF:E9:34:ED:81,-64,0,0,0,0,0
284287656,NODE_B0CBD8F33218,wormhole_a,4,B4:BF:E9:34:ED:81,-64,0,0,0,0,0
284387654,NODE_B0CBD8F33218,wormhole_a,4,B4:BF:E9:34:ED:81,-64,0,0,0,0,0
284497662,NODE_B0CBD8F33218,wormhole_a,4,B4:BF:E9:34:ED:81,-64,0,0,0,0,0
284597659,NODE_B0CBD8F33218,wormhole_a,4,B4:BF:E9:34:ED:81,-64,0,0,0,0,0
284707695,NODE_B0CBD8F33218,wormhole_a,4,B4:BF:E9:34:ED:81,-64,0,0,0,0,0
284807654,NODE_B0CBD8F33218,wormhole_a,4,B4:BF:E9:34:ED:81,-64,0,0,0,0,0
284907658,NODE_B0CBD8F33218,wormhole_a,4,B4:BF:E9:34:ED:81,-64,0,0,0,0,0
285007656,NODE_B0CBD8F33218,wormhole_a,4,B4:BF:E9:34:ED:81,-64,0,0,0,0,0
285117666,NODE_B0CBD8F33218,wormhole_a,4,B4:BF:E9:34:ED:81,-64,0,0,0,0,0
285217666,NODE_B0CBD8F33218,wormhole_a,4,B4:BF:E9:34:ED:81,-64,0,0,0,0,0
285317656,NODE_B0CBD8F33218,wormhole_a,4,B4:BF:E9:34:ED:81,-64,0,0,0,0,0
285417654,NODE_B0CBD8F33218,wormhole_a,4,B4:BF:E9:34:ED:81,-64,0,0,0,0,0
285527666,NODE_B0CBD8F33218,wormhole_a,4,B4:BF:E9:34:ED:81,-64,0,0,0,0,0
285627846,NODE_B0CBD8F33218,wormhole_a,4,B4:BF:E9:34:ED:81,-64,0,0,0,0,0
285737659,NODE_B0CBD8F33218,wormhole_a,4,B4:BF:E9:34:ED:81,-64,0,0,0,0,0
285837658,NODE_B0CBD8F33218,wormhole_a,4,B4:BF:E9:34:ED:81,-64,0,0,0,0,0
285937654,NODE_B0CBD8F33218,wormhole_a,4,B4:BF:E9:34:ED:81,-64,0,0,0,0,0
286037656,NODE_B0CBD8F33218,wormhole_a,4,B4:BF:E9:34:ED:81,-64,0,0,0,0,0
286147656,NODE_B0CBD8F33218,wormhole_a,4,B4:BF:E9:34:ED:81,-64,0,0,0,0,0
286247666,NODE_B0CBD8F33218,wormhole_a,4,B4:BF:E9:34:ED:81,-64,0,0,0,0,0
286347654,NODE_B0CBD8F33218,wormhole_a,4,B4:BF:E9:34:ED:81,-64,0,0,0,0,0
286447656,NODE_B0CBD8F33218,wormhole_a,4,B4:BF:E9:34:ED:81,-64,0,0,0,0,0
286557666,NODE_B0CBD8F33218,wormhole_a,4,B4:BF:E9:34:ED:81,-64,0,0,0,0,0
286657654,NODE_B0CBD8F33218,wormhole_a,4,B4:BF:E9:34:ED:81,-64,0,0,0,0,0
286767660,NODE_B0CBD8F33218,wormhole_a,4,B4:BF:E9:34:ED:81,-64,0,0,0,0,0
286867661,NODE_B0CBD8F33218,wormhole_a,4,B4:BF:E9:34:ED:81,-64,0,0,0,0,0
286967656,NODE_B0CBD8F33218,wormhole_a,4,B4:BF:E9:34:ED:81,-64,0,0,0,0,0
287067668,NODE_B0CBD8F33218,wormhole_a,4,B4:BF:E9:34:ED:81,-64,0,0,0,0,0
287177656,NODE_B0CBD8F33218,wormhole_a,4,B4:BF:E9:34:ED:81,-64,0,0,0,0,0
287277666,NODE_B0CBD8F33218,wormhole_a,4,B4:BF:E9:34:ED:81,-64,0,0,0,0,0
287377654,NODE_B0CBD8F33218,wormhole_a,4,B4:BF:E9:34:ED:81,-64,0,0,0,0,0
287477656,NODE_B0CBD8F33218,wormhole_a,4,B4:BF:E9:34:ED:81,-64,0,0,0,0,0
287587668,NODE_B0CBD8F33218,wormhole_a,4,B4:BF:E9:34:ED:81,-64,0,0,0,0,0
287687658,NODE_B0CBD8F33218,wormhole_a,4,B4:BF:E9:34:ED:81,-64,0,0,0,0,0
287797654,NODE_B0CBD8F33218,wormhole_a,4,B4:BF:E9:34:ED:81,-64,0,0,0,0,0
287897659,NODE_B0CBD8F33218,wormhole_a,4,B4:BF:E9:34:ED:81,-64,0,0,0,0,0
287997654,NODE_B0CBD8F33218,wormhole_a,4,B4:BF:E9:34:ED:81,-64,0,0,0,0,0
288097654,NODE_B0CBD8F33218,wormhole_a,4,B4:BF:E9:34:ED:81,-64,0,0,0,0,0
288207654,NODE_B0CBD8F33218,wormhole_a,4,B4:BF:E9:34:ED:81,-64,0,0,0,0,0
288307668,NODE_B0CBD8F33218,wormhole_a,4,B4:BF:E9:34:ED:81,-63,0,0,0,0,0
288407654,NODE_B0CBD8F33218,wormhole_a,4,B4:BF:E9:34:ED:81,-63,0,0,0,0,0
288507654,NODE_B0CBD8F33218,wormhole_a,4,B4:BF:E9:34:ED:81,-63,0,0,0,0,0
288617667,NODE_B0CBD8F33218,wormhole_a,4,B4:BF:E9:34:ED:81,-63,0,0,0,0,0
288717654,NODE_B0CBD8F33218,wormhole_a,4,B4:BF:E9:34:ED:81,-63,0,0,0,0,0
288827658,NODE_B0CBD8F33218,wormhole_a,4,B4:BF:E9:34:ED:81,-63,0,0,0,0,0
288927654,NODE_B0CBD8F33218,wormhole_a,4,B4:BF:E9:34:ED:81,-63,0,0,0,0,0
289027656,NODE_B0CBD8F33218,wormhole_a,4,B4:BF:E9:34:ED:81,-63,0,0,0,0,0
289127666,NODE_B0CBD8F33218,wormhole_a,4,B4:BF:E9:34:ED:81,-63,0,0,0,0,0
289227654,NODE_B0CBD8F33218,wormhole_a,4,B4:BF:E9:34:ED:81,-63,0,0,0,0,0
289327668,NODE_B0CBD8F33218,wormhole_a,4,B4:BF:E9:34:ED:81,-64,0,0,0,0,0
289437654,NODE_B0CBD8F33218,wormhole_a,4,B4:BF:E9:34:ED:81,-64,0,0,0,0,0
289537658,NODE_B0CBD8F33218,wormhole_a,4,B4:BF:E9:34:ED:81,-64,0,0,0,0,0
289647662,NODE_B0CBD8F33218,wormhole_a,4,B4:BF:E9:34:ED:81,-64,0,0,0,0,0
289747660,NODE_B0CBD8F33218,wormhole_a,4,B4:BF:E9:34:ED:81,-64,0,0,0,0,0
289857658,NODE_B0CBD8F33218,wormhole_a,4,B4:BF:E9:34:ED:81,-64,0,0,0,0,0
289957654,NODE_B0CBD8F33218,wormhole_a,4,B4:BF:E9:34:ED:81,-64,0,0,0,0,0
290057656,NODE_B0CBD8F33218,wormhole_a,4,B4:BF:E9:34:ED:81,-64,0,0,0,0,0
290157654,NODE_B0CBD8F33218,wormhole_a,4,B4:BF:E9:34:ED:81,-64,0,0,0,0,0
290257654,NODE_B0CBD8F33218,wormhole_a,4,B4:BF:E9:34:ED:81,-64,0,0,0,0,0
290357667,NODE_B0CBD8F33218,wormhole_a,4,B4:BF:E9:34:ED:81,-64,0,0,0,0,0
290467870,NODE_B0CBD8F33218,wormhole_a,4,B4:BF:E9:34:ED:81,-64,0,0,0,0,0
290567660,NODE_B0CBD8F33218,wormhole_a,4,B4:BF:E9:34:ED:81,-64,0,0,0,0,0
290667668,NODE_B0CBD8F33218,wormhole_a,4,B4:BF:E9:34:ED:81,-64,0,0,0,0,0
290777656,NODE_B0CBD8F33218,wormhole_a,4,B4:BF:E9:34:ED:81,-64,0,0,0,0,0
290877658,NODE_B0CBD8F33218,wormhole_a,4,B4:BF:E9:34:ED:81,-64,0,0,0,0,0
290977654,NODE_B0CBD8F33218,wormhole_a,4,B4:BF:E9:34:ED:81,-64,0,0,0,0,0
291087666,NODE_B0CBD8F33218,wormhole_a,4,B4:BF:E9:34:ED:81,-64,0,0,0,0,0
291187656,NODE_B0CBD8F33218,wormhole_a,4,B4:BF:E9:34:ED:81,-64,0,0,0,0,0
291287662,NODE_B0CBD8F33218,wormhole_a,4,B4:BF:E9:34:ED:81,-64,0,0,0,0,0
291387666,NODE_B0CBD8F33218,wormhole_a,4,B4:BF:E9:34:ED:81,-64,0,0,0,0,0
291497656,NODE_B0CBD8F33218,wormhole_a,4,B4:BF:E9:34:ED:81,-64,0,0,0,0,0
291597991,NODE_B0CBD8F33218,wormhole_a,4,B4:BF:E9:34:ED:81,-64,0,0,0,0,0
291697658,NODE_B0CBD8F33218,wormhole_a,4,B4:BF:E9:34:ED:81,-64,0,0,0,0,0
291807654,NODE_B0CBD8F33218,wormhole_a,4,B4:BF:E9:34:ED:81,-64,0,0,0,0,0
291907660,NODE_B0CBD8F33218,wormhole_a,4,B4:BF:E9:34:ED:81,-64,0,0,0,0,0
292007654,NODE_B0CBD8F33218,wormhole_a,4,B4:BF:E9:34:ED:81,-64,0,0,0,0,0
292117654,NODE_B0CBD8F33218,wormhole_a,4,B4:BF:E9:34:ED:81,-64,0,0,0,0,0
292217656,NODE_B0CBD8F33218,wormhole_a,4,B4:BF:E9:34:ED:81,-64,0,0,0,0,0
292317860,NODE_B0CBD8F33218,wormhole_a,4,B4:BF:E9:34:ED:81,-63,0,0,0,0,0
292417662,NODE_B0CBD8F33218,wormhole_a,4,B4:BF:E9:34:ED:81,-63,0,0,0,0,0
292527658,NODE_B0CBD8F33218,wormhole_a,4,B4:BF:E9:34:ED:81,-63,0,0,0,0,0
292627664,NODE_B0CBD8F33218,wormhole_a,4,B4:BF:E9:34:ED:81,-63,0,0,0,0,0
292727654,NODE_B0CBD8F33218,wormhole_a,4,B4:BF:E9:34:ED:81,-63,0,0,0,0,0
292837658,NODE_B0CBD8F33218,wormhole_a,4,B4:BF:E9:34:ED:81,-63,0,0,0,0,0
292937656,NODE_B0CBD8F33218,wormhole_a,4,B4:BF:E9:34:ED:81,-63,0,0,0,0,0
293037654,NODE_B0CBD8F33218,wormhole_a,4,B4:BF:E9:34:ED:81,-63,0,0,0,0,0
293147666,NODE_B0CBD8F33218,wormhole_a,4,B4:BF:E9:34:ED:81,-63,0,0,0,0,0
293247654,NODE_B0CBD8F33218,wormhole_a,4,B4:BF:E9:34:ED:81,-63,0,0,0,0,0
293347668,NODE_B0CBD8F33218,wormhole_a,4,B4:BF:E9:34:ED:81,-63,0,0,0,0,0
293447662,NODE_B0CBD8F33218,wormhole_a,4,B4:BF:E9:34:ED:81,-63,0,0,0,0,0
293557658,NODE_B0CBD8F33218,wormhole_a,4,B4:BF:E9:34:ED:81,-63,0,0,0,0,0
293657663,NODE_B0CBD8F33218,wormhole_a,4,B4:BF:E9:34:ED:81,-63,0,0,0,0,0
293757658,NODE_B0CBD8F33218,wormhole_a,4,B4:BF:E9:34:ED:81,-63,0,0,0,0,0
293867660,NODE_B0CBD8F33218,wormhole_a,4,B4:BF:E9:34:ED:81,-63,0,0,0,0,0
293967656,NODE_B0CBD8F33218,wormhole_a,4,B4:BF:E9:34:ED:81,-63,0,0,0,0,0
294067657,NODE_B0CBD8F33218,wormhole_a,4,B4:BF:E9:34:ED:81,-63,0,0,0,0,0
294177654,NODE_B0CBD8F33218,wormhole_a,4,B4:BF:E9:34:ED:81,-63,0,0,0,0,0
294277654,NODE_B0CBD8F33218,wormhole_a,4,B4:BF:E9:34:ED:81,-63,0,0,0,0,0
294377667,NODE_B0CBD8F33218,wormhole_a,4,B4:BF:E9:34:ED:81,-63,0,0,0,0,0
294477654,NODE_B0CBD8F33218,wormhole_a,4,B4:BF:E9:34:ED:81,-63,0,0,0,0,0
294587887,NODE_B0CBD8F33218,wormhole_a,4,B4:BF:E9:34:ED:81,-63,0,0,0,0,0
294687662,NODE_B0CBD8F33218,wormhole_a,4,B4:BF:E9:34:ED:81,-63,0,0,0,0,0
294787660,NODE_B0CBD8F33218,wormhole_a,4,B4:BF:E9:34:ED:81,-63,0,0,0,0,0
294897658,NODE_B0CBD8F33218,wormhole_a,4,B4:BF:E9:34:ED:81,-63,0,0,0,0,0
294997654,NODE_B0CBD8F33218,wormhole_a,4,B4:BF:E9:34:ED:81,-63,0,0,0,0,0
295097667,NODE_B0CBD8F33218,wormhole_a,4,B4:BF:E9:34:ED:81,-63,0,0,0,0,0
295207656,NODE_B0CBD8F33218,wormhole_a,4,B4:BF:E9:34:ED:81,-63,0,0,0,0,0
295307654,NODE_B0CBD8F33218,wormhole_a,4,B4:BF:E9:34:ED:81,-63,0,0,0,0,0
295407666,NODE_B0CBD8F33218,wormhole_a,4,B4:BF:E9:34:ED:81,-64,0,0,0,0,0
295507656,NODE_B0CBD8F33218,wormhole_a,4,B4:BF:E9:34:ED:81,-64,0,0,0,0,0
295607658,NODE_B0CBD8F33218,wormhole_a,4,B4:BF:E9:34:ED:81,-64,0,0,0,0,0
295707662,NODE_B0CBD8F33218,wormhole_a,4,B4:BF:E9:34:ED:81,-64,0,0,0,0,0
295817730,NODE_B0CBD8F33218,wormhole_a,4,B4:BF:E9:34:ED:81,-64,0,0,0,0,0
295917658,NODE_B0CBD8F33218,wormhole_a,4,B4:BF:E9:34:ED:81,-64,0,0,0,0,0
296027654,NODE_B0CBD8F33218,wormhole_a,4,B4:BF:E9:34:ED:81,-64,0,0,0,0,0
296127654,NODE_B0CBD8F33218,wormhole_a,4,B4:BF:E9:34:ED:81,-64,0,0,0,0,0
296227656,NODE_B0CBD8F33218,wormhole_a,4,B4:BF:E9:34:ED:81,-64,0,0,0,0,0
296327654,NODE_B0CBD8F33218,wormhole_a,4,B4:BF:E9:34:ED:81,-64,0,0,0,0,0
296437666,NODE_B0CBD8F33218,wormhole_a,4,B4:BF:E9:34:ED:81,-64,0,0,0,0,0
296537659,NODE_B0CBD8F33218,wormhole_a,4,B4:BF:E9:34:ED:81,-64,0,0,0,0,0
296637654,NODE_B0CBD8F33218,wormhole_a,4,B4:BF:E9:34:ED:81,-64,0,0,0,0,0
296737666,NODE_B0CBD8F33218,wormhole_a,4,B4:BF:E9:34:ED:81,-64,0,0,0,0,0
296847658,NODE_B0CBD8F33218,wormhole_a,4,B4:BF:E9:34:ED:81,-64,0,0,0,0,0
296947656,NODE_B0CBD8F33218,wormhole_a,4,B4:BF:E9:34:ED:81,-64,0,0,0,0,0
297057666,NODE_B0CBD8F33218,wormhole_a,4,B4:BF:E9:34:ED:81,-64,0,0,0,0,0
297157654,NODE_B0CBD8F33218,wormhole_a,4,B4:BF:E9:34:ED:81,-64,0,0,0,0,0
297257656,NODE_B0CBD8F33218,wormhole_a,4,B4:BF:E9:34:ED:81,-64,0,0,0,0,0
297357654,NODE_B0CBD8F33218,wormhole_a,4,B4:BF:E9:34:ED:81,-64,0,0,0,0,0
297467668,NODE_B0CBD8F33218,wormhole_a,4,B4:BF:E9:34:ED:81,-64,0,0,0,0,0
297567660,NODE_B0CBD8F33218,wormhole_a,4,B4:BF:E9:34:ED:81,-64,0,0,0,0,0
297667657,NODE_B0CBD8F33218,wormhole_a,4,B4:BF:E9:34:ED:81,-64,0,0,0,0,0
297767668,NODE_B0CBD8F33218,wormhole_a,4,B4:BF:E9:34:ED:81,-64,0,0,0,0,0
297877658,NODE_B0CBD8F33218,wormhole_a,4,B4:BF:E9:34:ED:81,-64,0,0,0,0,0
297977656,NODE_B0CBD8F33218,wormhole_a,4,B4:BF:E9:34:ED:81,-64,0,0,0,0,0
298087656,NODE_B0CBD8F33218,wormhole_a,4,B4:BF:E9:34:ED:81,-64,0,0,0,0,0
298187654,NODE_B0CBD8F33218,wormhole_a,4,B4:BF:E9:34:ED:81,-64,0,0,0,0,0
298287654,NODE_B0CBD8F33218,wormhole_a,4,B4:BF:E9:34:ED:81,-64,0,0,0,0,0
298387656,NODE_B0CBD8F33218,wormhole_a,4,B4:BF:E9:34:ED:81,-64,0,0,0,0,0
298497666,NODE_B0CBD8F33218,wormhole_a,4,B4:BF:E9:34:ED:81,-63,0,0,0,0,0
298597658,NODE_B0CBD8F33218,wormhole_a,4,B4:BF:E9:34:ED:81,-63,0,0,0,0,0
298697656,NODE_B0CBD8F33218,wormhole_a,4,B4:BF:E9:34:ED:81,-63,0,0,0,0,0
298797666,NODE_B0CBD8F33218,wormhole_a,4,B4:BF:E9:34:ED:81,-63,0,0,0,0,0
298907658,NODE_B0CBD8F33218,wormhole_a,4,B4:BF:E9:34:ED:81,-63,0,0,0,0,0
299007654,NODE_B0CBD8F33218,wormhole_a,4,B4:BF:E9:34:ED:81,-63,0,0,0,0,0
299117667,NODE_B0CBD8F33218,wormhole_a,4,B4:BF:E9:34:ED:81,-63,0,0,0,0,0
299217654,NODE_B0CBD8F33218,wormhole_a,4,B4:BF:E9:34:ED:81,-63,0,0,0,0,0
299317654,NODE_B0CBD8F33218,wormhole_a,4,B4:BF:E9:34:ED:81,-63,0,0,0,0,0
299417656,NODE_B0CBD8F33218,wormhole_a,4,B4:BF:E9:34:ED:81,-63,0,0,0,0,0
299527668,NODE_B0CBD8F33218,wormhole_a,4,B4:BF:E9:34:ED:81,-63,0,0,0,0,0
299627654,NODE_B0CBD8F33218,wormhole_a,4,B4:BF:E9:34:ED:81,-63,0,0,0,0,0
299727658,NODE_B0CBD8F33218,wormhole_a,4,B4:BF:E9:34:ED:81,-63,0,0,0,0,0
299827668,NODE_B0CBD8F33218,wormhole_a,4,B4:BF:E9:34:ED:81,-63,0,0,0,0,0
299937654,NODE_B0CBD8F33218,wormhole_a,4,B4:BF:E9:34:ED:81,-63,0,0,0,0,0
300037654,NODE_B0CBD8F33218,wormhole_a,4,B4:BF:E9:34:ED:81,-63,0,0,0,0,0
300147654,NODE_B0CBD8F33218,wormhole_a,4,B4:BF:E9:34:ED:81,-63,0,0,0,0,0
300247656,NODE_B0CBD8F33218,wormhole_a,4,B4:BF:E9:34:ED:81,-63,0,0,0,0,0
300347654,NODE_B0CBD8F33218,wormhole_a,4,B4:BF:E9:34:ED:81,-63,0,0,0,0,0
300447654,NODE_B0CBD8F33218,wormhole_a,4,B4:BF:E9:34:ED:81,-63,0,0,0,0,0
300547668,NODE_B0CBD8F33218,wormhole_a,4,B4:BF:E9:34:ED:81,-63,0,0,0,0,0
300647654,NODE_B0CBD8F33218,wormhole_a,4,B4:BF:E9:34:ED:81,-63,0,0,0,0,0
300757658,NODE_B0CBD8F33218,wormhole_a,4,B4:BF:E9:34:ED:81,-63,0,0,0,0,0
300857667,NODE_B0CBD8F33218,wormhole_a,4,B4:BF:E9:34:ED:81,-63,0,0,0,0,0
300957654,NODE_B0CBD8F33218,wormhole_a,4,B4:BF:E9:34:ED:81,-63,0,0,0,0,0
301067668,NODE_B0CBD8F33218,wormhole_a,4,B4:BF:E9:34:ED:81,-63,0,0,0,0,0
301177654,NODE_B0CBD8F33218,wormhole_a,4,B4:BF:E9:34:ED:81,-63,0,0,0,0,0
301277656,NODE_B0CBD8F33218,wormhole_a,4,B4:BF:E9:34:ED:81,-63,0,0,0,0,0
301377654,NODE_B0CBD8F33218,wormhole_a,4,B4:BF:E9:34:ED:81,-63,0,0,0,0,0
301477654,NODE_B0CBD8F33218,wormhole_a,4,B4:BF:E9:34:ED:81,-63,0,0,0,0,0
301577667,NODE_B0CBD8F33218,wormhole_a,4,B4:BF:E9:34:ED:81,-63,0,0,0,0,0
301677654,NODE_B0CBD8F33218,wormhole_a,4,B4:BF:E9:34:ED:81,-63,0,0,0,0,0
301787658,NODE_B0CBD8F33218,wormhole_a,4,B4:BF:E9:34:ED:81,-63,0,0,0,0,0
301887666,NODE_B0CBD8F33218,wormhole_a,4,B4:BF:E9:34:ED:81,-63,0,0,0,0,0
301987656,NODE_B0CBD8F33218,wormhole_a,4,B4:BF:E9:34:ED:81,-63,0,0,0,0,0
302097654,NODE_B0CBD8F33218,wormhole_a,4,B4:BF:E9:34:ED:81,-63,0,0,0,0,0
302197654,NODE_B0CBD8F33218,wormhole_a,4,B4:BF:E9:34:ED:81,-63,0,0,0,0,0
302297656,NODE_B0CBD8F33218,wormhole_a,4,B4:BF:E9:34:ED:81,-63,0,0,0,0,0
302407656,NODE_B0CBD8F33218,wormhole_a,4,B4:BF:E9:34:ED:81,-63,0,0,0,0,0
302507654,NODE_B0CBD8F33218,wormhole_a,4,B4:BF:E9:34:ED:81,-63,0,0,0,0,0
302607666,NODE_B0CBD8F33218,wormhole_a,4,B4:BF:E9:34:ED:81,-64,0,0,0,0,0
302707668,NODE_B0CBD8F33218,wormhole_a,4,B4:BF:E9:34:ED:81,-64,0,0,0,0,0
302817658,NODE_B0CBD8F33218,wormhole_a,4,B4:BF:E9:34:ED:81,-64,0,0,0,0,0
302917662,NODE_B0CBD8F33218,wormhole_a,4,B4:BF:E9:34:ED:81,-64,0,0,0,0,0
303017656,NODE_B0CBD8F33218,wormhole_a,4,B4:BF:E9:34:ED:81,-64,0,0,0,0,0
303127668,NODE_B0CBD8F33218,wormhole_a,4,B4:BF:E9:34:ED:81,-64,0,0,0,0,0
303227654,NODE_B0CBD8F33218,wormhole_a,4,B4:BF:E9:34:ED:81,-64,0,0,0,0,0
303327654,NODE_B0CBD8F33218,wormhole_a,4,B4:BF:E9:34:ED:81,-64,0,0,0,0,0
303437656,NODE_B0CBD8F33218,wormhole_a,4,B4:BF:E9:34:ED:81,-64,0,0,0,0,0
303537658,NODE_B0CBD8F33218,wormhole_a,4,B4:BF:E9:34:ED:81,-64,0,0,0,0,0
303637666,NODE_B0CBD8F33218,wormhole_a,4,B4:BF:E9:34:ED:81,-64,0,0,0,0,0
303737656,NODE_B0CBD8F33218,wormhole_a,4,B4:BF:E9:34:ED:81,-64,0,0,0,0,0
303847660,NODE_B0CBD8F33218,wormhole_a,4,B4:BF:E9:34:ED:81,-64,0,0,0,0,0
303947662,NODE_B0CBD8F33218,wormhole_a,4,B4:BF:E9:34:ED:81,-64,0,0,0,0,0
304048036,NODE_B0CBD8F33218,wormhole_a,4,B4:BF:E9:34:ED:81,-64,0,0,0,0,0
304157656,NODE_B0CBD8F33218,wormhole_a,4,B4:BF:E9:34:ED:81,-64,0,0,0,0,0
304257654,NODE_B0CBD8F33218,wormhole_a,4,B4:BF:E9:34:ED:81,-64,0,0,0,0,0
304357654,NODE_B0CBD8F33218,wormhole_a,4,B4:BF:E9:34:ED:81,-64,0,0,0,0,0
304467656,NODE_B0CBD8F33218,wormhole_a,4,B4:BF:E9:34:ED:81,-64,0,0,0,0,0
304567661,NODE_B0CBD8F33218,wormhole_a,4,B4:BF:E9:34:ED:81,-64,0,0,0,0,0
304667668,NODE_B0CBD8F33218,wormhole_a,4,B4:BF:E9:34:ED:81,-64,0,0,0,0,0
304767660,NODE_B0CBD8F33218,wormhole_a,4,B4:BF:E9:34:ED:81,-64,0,0,0,0,0
304877659,NODE_B0CBD8F33218,wormhole_a,4,B4:BF:E9:34:ED:81,-64,0,0,0,0,0
304977662,NODE_B0CBD8F33218,wormhole_a,4,B4:BF:E9:34:ED:81,-64,0,0,0,0,0
305077666,NODE_B0CBD8F33218,wormhole_a,4,B4:BF:E9:34:ED:81,-64,0,0,0,0,0
305187654,NODE_B0CBD8F33218,wormhole_a,4,B4:BF:E9:34:ED:81,-64,0,0,0,0,0
305287656,NODE_B0CBD8F33218,wormhole_a,4,B4:BF:E9:34:ED:81,-64,0,0,0,0,0
305387654,NODE_B0CBD8F33218,wormhole_a,4,B4:BF:E9:34:ED:81,-64,0,0,0,0,0
305497654,NODE_B0CBD8F33218,wormhole_a,4,B4:BF:E9:34:ED:81,-64,0,0,0,0,0
305597659,NODE_B0CBD8F33218,wormhole_a,4,B4:BF:E9:34:ED:81,-64,0,0,0,0,0
305697674,NODE_B0CBD8F33218,wormhole_a,4,B4:BF:E9:34:ED:81,-64,0,0,0,0,0
305797654,NODE_B0CBD8F33218,wormhole_a,4,B4:BF:E9:34:ED:81,-64,0,0,0,0,0
305907658,NODE_B0CBD8F33218,wormhole_a,4,B4:BF:E9:34:ED:81,-64,0,0,0,0,0
306007664,NODE_B0CBD8F33218,wormhole_a,4,B4:BF:E9:34:ED:81,-64,0,0,0,0,0
306107654,NODE_B0CBD8F33218,wormhole_a,4,B4:BF:E9:34:ED:81,-64,0,0,0,0,0
306217654,NODE_B0CBD8F33218,wormhole_a,4,B4:BF:E9:34:ED:81,-64,0,0,0,0,0
306317656,NODE_B0CBD8F33218,wormhole_a,4,B4:BF:E9:34:ED:81,-64,0,0,0,0,0
306417654,NODE_B0CBD8F33218,wormhole_a,4,B4:BF:E9:34:ED:81,-64,0,0,0,0,0
306527658,NODE_B0CBD8F33218,wormhole_a,4,B4:BF:E9:34:ED:81,-64,0,0,0,0,0
306627654,NODE_B0CBD8F33218,wormhole_a,4,B4:BF:E9:34:ED:81,-64,0,0,0,0,0
306727668,NODE_B0CBD8F33218,wormhole_a,4,B4:BF:E9:34:ED:81,-64,0,0,0,0,0
306827658,NODE_B0CBD8F33218,wormhole_a,4,B4:BF:E9:34:ED:81,-64,0,0,0,0,0
306927654,NODE_B0CBD8F33218,wormhole_a,4,B4:BF:E9:34:ED:81,-64,0,0,0,0,0
307027664,NODE_B0CBD8F33218,wormhole_a,4,B4:BF:E9:34:ED:81,-64,0,0,0,0,0
307137666,NODE_B0CBD8F33218,wormhole_a,4,B4:BF:E9:34:ED:81,-64,0,0,0,0,0
307237654,NODE_B0CBD8F33218,wormhole_a,4,B4:BF:E9:34:ED:81,-64,0,0,0,0,0
307347654,NODE_B0CBD8F33218,wormhole_a,4,B4:BF:E9:34:ED:81,-64,0,0,0,0,0
307447656,NODE_B0CBD8F33218,wormhole_a,4,B4:BF:E9:34:ED:81,-64,0,0,0,0,0
307547658,NODE_B0CBD8F33218,wormhole_a,4,B4:BF:E9:34:ED:81,-64,0,0,0,0,0
307647654,NODE_B0CBD8F33218,wormhole_a,4,B4:BF:E9:34:ED:81,-64,0,0,0,0,0
307757675,NODE_B0CBD8F33218,wormhole_a,4,B4:BF:E9:34:ED:81,-64,0,0,0,0,0
307857654,NODE_B0CBD8F33218,wormhole_a,4,B4:BF:E9:34:ED:81,-64,0,0,0,0,0
307957658,NODE_B0CBD8F33218,wormhole_a,4,B4:BF:E9:34:ED:81,-64,0,0,0,0,0
308057663,NODE_B0CBD8F33218,wormhole_a,4,B4:BF:E9:34:ED:81,-64,0,0,0,0,0
308167657,NODE_B0CBD8F33218,wormhole_a,4,B4:BF:E9:34:ED:81,-64,0,0,0,0,0
308267656,NODE_B0CBD8F33218,wormhole_a,4,B4:BF:E9:34:ED:81,-64,0,0,0,0,0
308377654,NODE_B0CBD8F33218,wormhole_a,4,B4:BF:E9:34:ED:81,-64,0,0,0,0,0
308477656,NODE_B0CBD8F33218,wormhole_a,4,B4:BF:E9:34:ED:81,-64,0,0,0,0,0
308577658,NODE_B0CBD8F33218,wormhole_a,4,B4:BF:E9:34:ED:81,-64,0,0,0,0,0
308677666,NODE_B0CBD8F33218,wormhole_a,4,B4:BF:E9:34:ED:81,-64,0,0,0,0,0
308787658,NODE_B0CBD8F33218,wormhole_a,4,B4:BF:E9:34:ED:81,-63,0,0,0,0,0
308887660,NODE_B0CBD8F33218,wormhole_a,4,B4:BF:E9:34:ED:81,-63,0,0,0,0,0
308987654,NODE_B0CBD8F33218,wormhole_a,4,B4:BF:E9:34:ED:81,-63,0,0,0,0,0
309087674,NODE_B0CBD8F33218,wormhole_a,4,B4:BF:E9:34:ED:81,-63,0,0,0,0,0
309197656,NODE_B0CBD8F33218,wormhole_a,4,B4:BF:E9:34:ED:81,-63,0,0,0,0,0
309297654,NODE_B0CBD8F33218,wormhole_a,4,B4:BF:E9:34:ED:81,-63,0,0,0,0,0
309407654,NODE_B0CBD8F33218,wormhole_a,4,B4:BF:E9:34:ED:81,-63,0,0,0,0,0
309507654,NODE_B0CBD8F33218,wormhole_a,4,B4:BF:E9:34:ED:81,-63,0,0,0,0,0
309607660,NODE_B0CBD8F33218,wormhole_a,4,B4:BF:E9:34:ED:81,-63,0,0,0,0,0
309707785,NODE_B0CBD8F33218,wormhole_a,4,B4:BF:E9:34:ED:81,-63,0,0,0,0,0
309817666,NODE_B0CBD8F33218,wormhole_a,4,B4:BF:E9:34:ED:81,-63,0,0,0,0,0
309917659,NODE_B0CBD8F33218,wormhole_a,4,B4:BF:E9:34:ED:81,-63,0,0,0,0,0
310017654,NODE_B0CBD8F33218,wormhole_a,4,B4:BF:E9:34:ED:81,-63,0,0,0,0,0
310117662,NODE_B0CBD8F33218,wormhole_a,4,B4:BF:E9:34:ED:81,-63,0,0,0,0,0
310227654,NODE_B0CBD8F33218,wormhole_a,4,B4:BF:E9:34:ED:81,-63,0,0,0,0,0
310327656,NODE_B0CBD8F33218,wormhole_a,4,B4:BF:E9:34:ED:81,-63,0,0,0,0,0
310437654,NODE_B0CBD8F33218,wormhole_a,4,B4:BF:E9:34:ED:81,-63,0,0,0,0,0
310537658,NODE_B0CBD8F33218,wormhole_a,4,B4:BF:E9:34:ED:81,-63,0,0,0,0,0
310637655,NODE_B0CBD8F33218,wormhole_a,4,B4:BF:E9:34:ED:81,-63,0,0,0,0,0
310737654,NODE_B0CBD8F33218,wormhole_a,4,B4:BF:E9:34:ED:81,-63,0,0,0,0,0
310847666,NODE_B0CBD8F33218,wormhole_a,4,B4:BF:E9:34:ED:81,-64,0,0,0,0,0
310947654,NODE_B0CBD8F33218,wormhole_a,4,B4:BF:E9:34:ED:81,-64,0,0,0,0,0
311048038,NODE_B0CBD8F33218,wormhole_a,4,B4:BF:E9:34:ED:81,-64,0,0,0,0,0
311147674,NODE_B0CBD8F33218,wormhole_a,4,B4:BF:E9:34:ED:81,-64,0,0,0,0,0
311257654,NODE_B0CBD8F33218,wormhole_a,4,B4:BF:E9:34:ED:81,-64,0,0,0,0,0
311357656,NODE_B0CBD8F33218,wormhole_a,4,B4:BF:E9:34:ED:81,-64,0,0,0,0,0
311467657,NODE_B0CBD8F33218,wormhole_a,4,B4:BF:E9:34:ED:81,-64,0,0,0,0,0
311567660,NODE_B0CBD8F33218,wormhole_a,4,B4:BF:E9:34:ED:81,-64,0,0,0,0,0
311667656,NODE_B0CBD8F33218,wormhole_a,4,B4:BF:E9:34:ED:81,-64,0,0,0,0,0
311767669,NODE_B0CBD8F33218,wormhole_a,4,B4:BF:E9:34:ED:81,-64,0,0,0,0,0
311867668,NODE_B0CBD8F33218,wormhole_a,4,B4:BF:E9:34:ED:81,-63,0,0,0,0,0
311967656,NODE_B0CBD8F33218,wormhole_a,4,B4:BF:E9:34:ED:81,-63,0,0,0,0,0
312077916,NODE_B0CBD8F33218,wormhole_a,4,B4:BF:E9:34:ED:81,-63,0,0,0,0,0
312177654,NODE_B0CBD8F33218,wormhole_a,4,B4:BF:E9:34:ED:81,-63,0,0,0,0,0
312277654,NODE_B0CBD8F33218,wormhole_a,4,B4:BF:E9:34:ED:81,-63,0,0,0,0,0
312387654,NODE_B0CBD8F33218,wormhole_a,4,B4:BF:E9:34:ED:81,-63,0,0,0,0,0
312497656,NODE_B0CBD8F33218,wormhole_a,4,B4:BF:E9:34:ED:81,-63,0,0,0,0,0
312597658,NODE_B0CBD8F33218,wormhole_a,4,B4:BF:E9:34:ED:81,-63,0,0,0,0,0
312697654,NODE_B0CBD8F33218,wormhole_a,4,B4:BF:E9:34:ED:81,-63,0,0,0,0,0
312798094,NODE_B0CBD8F33218,wormhole_a,4,B4:BF:E9:34:ED:81,-63,0,0,0,0,0
312897666,NODE_B0CBD8F33218,wormhole_a,4,B4:BF:E9:34:ED:81,-63,0,0,0,0,0
312997654,NODE_B0CBD8F33218,wormhole_a,4,B4:BF:E9:34:ED:81,-63,0,0,0,0,0
313107674,NODE_B0CBD8F33218,wormhole_a,4,B4:BF:E9:34:ED:81,-63,0,0,0,0,0
313207656,NODE_B0CBD8F33218,wormhole_a,4,B4:BF:E9:34:ED:81,-63,0,0,0,0,0
313307654,NODE_B0CBD8F33218,wormhole_a,4,B4:BF:E9:34:ED:81,-63,0,0,0,0,0
313417654,NODE_B0CBD8F33218,wormhole_a,4,B4:BF:E9:34:ED:81,-63,0,0,0,0,0
313517659,NODE_B0CBD8F33218,wormhole_a,4,B4:BF:E9:34:ED:81,-63,0,0,0,0,0
313617654,NODE_B0CBD8F33218,wormhole_a,4,B4:BF:E9:34:ED:81,-63,0,0,0,0,0
313727654,NODE_B0CBD8F33218,wormhole_a,4,B4:BF:E9:34:ED:81,-63,0,0,0,0,0
313827666,NODE_B0CBD8F33218,wormhole_a,4,B4:BF:E9:34:ED:81,-64,0,0,0,0,0
313927668,NODE_B0CBD8F33218,wormhole_a,4,B4:BF:E9:34:ED:81,-64,0,0,0,0,0
314027654,NODE_B0CBD8F33218,wormhole_a,4,B4:BF:E9:34:ED:81,-64,0,0,0,0,0
314137662,NODE_B0CBD8F33218,wormhole_a,4,B4:BF:E9:34:ED:81,-64,0,0,0,0,0
314237656,NODE_B0CBD8F33218,wormhole_a,4,B4:BF:E9:34:ED:81,-64,0,0,0,0,0
314337654,NODE_B0CBD8F33218,wormhole_a,4,B4:BF:E9:34:ED:81,-64,0,0,0,0,0
314447654,NODE_B0CBD8F33218,wormhole_a,4,B4:BF:E9:34:ED:81,-64,0,0,0,0,0
314547658,NODE_B0CBD8F33218,wormhole_a,4,B4:BF:E9:34:ED:81,-64,0,0,0,0,0
314647656,NODE_B0CBD8F33218,wormhole_a,4,B4:BF:E9:34:ED:81,-64,0,0,0,0,0
314757658,NODE_B0CBD8F33218,wormhole_a,4,B4:BF:E9:34:ED:81,-64,0,0,0,0,0
314857666,NODE_B0CBD8F33218,wormhole_a,4,B4:BF:E9:34:ED:81,-64,0,0,0,0,0
314957656,NODE_B0CBD8F33218,wormhole_a,4,B4:BF:E9:34:ED:81,-64,0,0,0,0,0
315057666,NODE_B0CBD8F33218,wormhole_a,4,B4:BF:E9:34:ED:81,-64,0,0,0,0,0
315167664,NODE_B0CBD8F33218,wormhole_a,4,B4:BF:E9:34:ED:81,-64,0,0,0,0,0
315267656,NODE_B0CBD8F33218,wormhole_a,4,B4:BF:E9:34:ED:81,-64,0,0,0,0,0
315367657,NODE_B0CBD8F33218,wormhole_a,4,B4:BF:E9:34:ED:81,-64,0,0,0,0,0
315477654,NODE_B0CBD8F33218,wormhole_a,4,B4:BF:E9:34:ED:81,-64,0,0,0,0,0
315577658,NODE_B0CBD8F33218,wormhole_a,4,B4:BF:E9:34:ED:81,-64,0,0,0,0,0
315677656,NODE_B0CBD8F33218,wormhole_a,4,B4:BF:E9:34:ED:81,-64,0,0,0,0,0
315787660,NODE_B0CBD8F33218,wormhole_a,4,B4:BF:E9:34:ED:81,-64,0,0,0,0,0
315887666,NODE_B0CBD8F33218,wormhole_a,4,B4:BF:E9:34:ED:81,-63,0,0,0,0,0
315987654,NODE_B0CBD8F33218,wormhole_a,4,B4:BF:E9:34:ED:81,-63,0,0,0,0,0
316087656,NODE_B0CBD8F33218,wormhole_a,4,B4:BF:E9:34:ED:81,-63,0,0,0,0,0
316197662,NODE_B0CBD8F33218,wormhole_a,4,B4:BF:E9:34:ED:81,-63,0,0,0,0,0
316297654,NODE_B0CBD8F33218,wormhole_a,4,B4:BF:E9:34:ED:81,-63,0,0,0,0,0
316397656,NODE_B0CBD8F33218,wormhole_a,4,B4:BF:E9:34:ED:81,-63,0,0,0,0,0
316507656,NODE_B0CBD8F33218,wormhole_a,4,B4:BF:E9:34:ED:81,-63,0,0,0,0,0
316607658,NODE_B0CBD8F33218,wormhole_a,4,B4:BF:E9:34:ED:81,-63,0,0,0,0,0
316707654,NODE_B0CBD8F33218,wormhole_a,4,B4:BF:E9:34:ED:81,-63,0,0,0,0,0
316817659,NODE_B0CBD8F33218,wormhole_a,4,B4:BF:E9:34:ED:81,-63,0,0,0,0,0
316917666,NODE_B0CBD8F33218,wormhole_a,4,B4:BF:E9:34:ED:81,-63,0,0,0,0,0
317017654,NODE_B0CBD8F33218,wormhole_a,4,B4:BF:E9:34:ED:81,-63,0,0,0,0,0
317117667,NODE_B0CBD8F33218,wormhole_a,4,B4:BF:E9:34:ED:81,-63,0,0,0,0,0
317227664,NODE_B0CBD8F33218,wormhole_a,4,B4:BF:E9:34:ED:81,-63,0,0,0,0,0
317327654,NODE_B0CBD8F33218,wormhole_a,4,B4:BF:E9:34:ED:81,-63,0,0,0,0,0
317427654,NODE_B0CBD8F33218,wormhole_a,4,B4:BF:E9:34:ED:81,-63,0,0,0,0,0
317537659,NODE_B0CBD8F33218,wormhole_a,4,B4:BF:E9:34:ED:81,-63,0,0,0,0,0
317637654,NODE_B0CBD8F33218,wormhole_a,4,B4:BF:E9:34:ED:81,-63,0,0,0,0,0
317737662,NODE_B0CBD8F33218,wormhole_a,4,B4:BF:E9:34:ED:81,-63,0,0,0,0,0
317847658,NODE_B0CBD8F33218,wormhole_a,4,B4:BF:E9:34:ED:81,-63,0,0,0,0,0
317947668,NODE_B0CBD8F33218,wormhole_a,4,B4:BF:E9:34:ED:81,-63,0,0,0,0,0
318048044,NODE_B0CBD8F33218,wormhole_a,4,B4:BF:E9:34:ED:81,-63,0,0,0,0,0
318147654,NODE_B0CBD8F33218,wormhole_a,4,B4:BF:E9:34:ED:81,-63,0,0,0,0,0
318247664,NODE_B0CBD8F33218,wormhole_a,4,B4:BF:E9:34:ED:81,-63,0,0,0,0,0
318347654,NODE_B0CBD8F33218,wormhole_a,4,B4:BF:E9:34:ED:81,-63,0,0,0,0,0
318457654,NODE_B0CBD8F33218,wormhole_a,4,B4:BF:E9:34:ED:81,-63,0,0,0,0,0
318557659,NODE_B0CBD8F33218,wormhole_a,4,B4:BF:E9:34:ED:81,-63,0,0,0,0,0
318667657,NODE_B0CBD8F33218,wormhole_a,4,B4:BF:E9:34:ED:81,-63,0,0,0,0,0
318767660,NODE_B0CBD8F33218,wormhole_a,4,B4:BF:E9:34:ED:81,-63,0,0,0,0,0
318867660,NODE_B0CBD8F33218,wormhole_a,4,B4:BF:E9:34:ED:81,-63,0,0,0,0,0
318967669,NODE_B0CBD8F33218,wormhole_a,4,B4:BF:E9:34:ED:81,-64,0,0,0,0,0
319077666,NODE_B0CBD8F33218,wormhole_a,4,B4:BF:E9:34:ED:81,-64,0,0,0,0,0
319177654,NODE_B0CBD8F33218,wormhole_a,4,B4:BF:E9:34:ED:81,-64,0,0,0,0,0
319277663,NODE_B0CBD8F33218,wormhole_a,4,B4:BF:E9:34:ED:81,-64,0,0,0,0,0
319377654,NODE_B0CBD8F33218,wormhole_a,4,B4:BF:E9:34:ED:81,-64,0,0,0,0,0
319487654,NODE_B0CBD8F33218,wormhole_a,4,B4:BF:E9:34:ED:81,-64,0,0,0,0,0
319587658,NODE_B0CBD8F33218,wormhole_a,4,B4:BF:E9:34:ED:81,-64,0,0,0,0,0
319697656,NODE_B0CBD8F33218,wormhole_a,4,B4:BF:E9:34:ED:81,-64,0,0,0,0,0
319797658,NODE_B0CBD8F33218,wormhole_a,4,B4:BF:E9:34:ED:81,-64,0,0,0,0,0
319897658,NODE_B0CBD8F33218,wormhole_a,4,B4:BF:E9:34:ED:81,-64,0,0,0,0,0
319997667,NODE_B0CBD8F33218,wormhole_a,4,B4:BF:E9:34:ED:81,-63,0,0,0,0,0
320107656,NODE_B0CBD8F33218,wormhole_a,4,B4:BF:E9:34:ED:81,-63,0,0,0,0,0
320207654,NODE_B0CBD8F33218,wormhole_a,4,B4:BF:E9:34:ED:81,-63,0,0,0,0,0
320307662,NODE_B0CBD8F33218,wormhole_a,4,B4:BF:E9:34:ED:81,-63,0,0,0,0,0
320407656,NODE_B0CBD8F33218,wormhole_a,4,B4:BF:E9:34:ED:81,-63,0,0,0,0,0
320518057,NODE_B0CBD8F33218,wormhole_a,4,B4:BF:E9:34:ED:81,-63,0,0,0,0,0
320617658,NODE_B0CBD8F33218,wormhole_a,4,B4:BF:E9:34:ED:81,-63,0,0,0,0,0
320727983,NODE_B0CBD8F33218,wormhole_a,4,B4:BF:E9:34:ED:81,-63,0,0,0,0,0
320827656,NODE_B0CBD8F33218,wormhole_a,4,B4:BF:E9:34:ED:81,-63,0,0,0,0,0
320927658,NODE_B0CBD8F33218,wormhole_a,4,B4:BF:E9:34:ED:81,-63,0,0,0,0,0
321027666,NODE_B0CBD8F33218,wormhole_a,4,B4:BF:E9:34:ED:81,-63,0,0,0,0,0
321137667,NODE_B0CBD8F33218,wormhole_a,4,B4:BF:E9:34:ED:81,-63,0,0,0,0,0
321237654,NODE_B0CBD8F33218,wormhole_a,4,B4:BF:E9:34:ED:81,-63,0,0,0,0,0
321337662,NODE_B0CBD8F33218,wormhole_a,4,B4:BF:E9:34:ED:81,-63,0,0,0,0,0
321437656,NODE_B0CBD8F33218,wormhole_a,4,B4:BF:E9:34:ED:81,-63,0,0,0,0,0
321547660,NODE_B0CBD8F33218,wormhole_a,4,B4:BF:E9:34:ED:81,-63,0,0,0,0,0
321647654,NODE_B0CBD8F33218,wormhole_a,4,B4:BF:E9:34:ED:81,-63,0,0,0,0,0
321757658,NODE_B0CBD8F33218,wormhole_a,4,B4:BF:E9:34:ED:81,-63,0,0,0,0,0
321857656,NODE_B0CBD8F33218,wormhole_a,4,B4:BF:E9:34:ED:81,-63,0,0,0,0,0
321957658,NODE_B0CBD8F33218,wormhole_a,4,B4:BF:E9:34:ED:81,-63,0,0,0,0,0
322057666,NODE_B0CBD8F33218,wormhole_a,4,B4:BF:E9:34:ED:81,-63,0,0,0,0,0
322167656,NODE_B0CBD8F33218,wormhole_a,4,B4:BF:E9:34:ED:81,-63,0,0,0,0,0
322267657,NODE_B0CBD8F33218,wormhole_a,4,B4:BF:E9:34:ED:81,-63,0,0,0,0,0
322367664,NODE_B0CBD8F33218,wormhole_a,4,B4:BF:E9:34:ED:81,-63,0,0,0,0,0
322467656,NODE_B0CBD8F33218,wormhole_a,4,B4:BF:E9:34:ED:81,-63,0,0,0,0,0
322577659,NODE_B0CBD8F33218,wormhole_a,4,B4:BF:E9:34:ED:81,-63,0,0,0,0,0
322677654,NODE_B0CBD8F33218,wormhole_a,4,B4:BF:E9:34:ED:81,-63,0,0,0,0,0
322787658,NODE_B0CBD8F33218,wormhole_a,4,B4:BF:E9:34:ED:81,-63,0,0,0,0,0
322887654,NODE_B0CBD8F33218,wormhole_a,4,B4:BF:E9:34:ED:81,-63,0,0,0,0,0
322987660,NODE_B0CBD8F33218,wormhole_a,4,B4:BF:E9:34:ED:81,-63,0,0,0,0,0
323087670,NODE_B0CBD8F33218,wormhole_a,4,B4:BF:E9:34:ED:81,-63,0,0,0,0,0
323187654,NODE_B0CBD8F33218,wormhole_a,4,B4:BF:E9:34:ED:81,-63,0,0,0,0,0
323287803,NODE_B0CBD8F33218,wormhole_a,4,B4:BF:E9:34:ED:81,-63,0,0,0,0,0
323397662,NODE_B0CBD8F33218,wormhole_a,4,B4:BF:E9:34:ED:81,-63,0,0,0,0,0
323497654,NODE_B0CBD8F33218,wormhole_a,4,B4:BF:E9:34:ED:81,-63,0,0,0,0,0
323597659,NODE_B0CBD8F33218,wormhole_a,4,B4:BF:E9:34:ED:81,-63,0,0,0,0,0
323707660,NODE_B0CBD8F33218,wormhole_a,4,B4:BF:E9:34:ED:81,-63,0,0,0,0,0
323807654,NODE_B0CBD8F33218,wormhole_a,4,B4:BF:E9:34:ED:81,-63,0,0,0,0,0
323907658,NODE_B0CBD8F33218,wormhole_a,4,B4:BF:E9:34:ED:81,-63,0,0,0,0,0
324017656,NODE_B0CBD8F33218,wormhole_a,4,B4:BF:E9:34:ED:81,-63,0,0,0,0,0
324117666,NODE_B0CBD8F33218,wormhole_a,4,B4:BF:E9:34:ED:81,-63,0,0,0,0,0
324217654,NODE_B0CBD8F33218,wormhole_a,4,B4:BF:E9:34:ED:81,-63,0,0,0,0,0
324317656,NODE_B0CBD8F33218,wormhole_a,4,B4:BF:E9:34:ED:81,-63,0,0,0,0,0
324427664,NODE_B0CBD8F33218,wormhole_a,4,B4:BF:E9:34:ED:81,-63,0,0,0,0,0
324527658,NODE_B0CBD8F33218,wormhole_a,4,B4:BF:E9:34:ED:81,-63,0,0,0,0,0
324627654,NODE_B0CBD8F33218,wormhole_a,4,B4:BF:E9:34:ED:81,-63,0,0,0,0,0
324737659,NODE_B0CBD8F33218,wormhole_a,4,B4:BF:E9:34:ED:81,-63,0,0,0,0,0
324837654,NODE_B0CBD8F33218,wormhole_a,4,B4:BF:E9:34:ED:81,-63,0,0,0,0,0
324937658,NODE_B0CBD8F33218,wormhole_a,4,B4:BF:E9:34:ED:81,-63,0,0,0,0,0
325048041,NODE_B0CBD8F33218,wormhole_a,4,B4:BF:E9:34:ED:81,-63,0,0,0,0,0
325147672,NODE_B0CBD8F33218,wormhole_a,4,B4:BF:E9:34:ED:81,-63,0,0,0,0,0
325247654,NODE_B0CBD8F33218,wormhole_a,4,B4:BF:E9:34:ED:81,-63,0,0,0,0,0
325347654,NODE_B0CBD8F33218,wormhole_a,4,B4:BF:E9:34:ED:81,-63,0,0,0,0,0
325457663,NODE_B0CBD8F33218,wormhole_a,4,B4:BF:E9:34:ED:81,-63,0,0,0,0,0
325557658,NODE_B0CBD8F33218,wormhole_a,4,B4:BF:E9:34:ED:81,-63,0,0,0,0,0
325657654,NODE_B0CBD8F33218,wormhole_a,4,B4:BF:E9:34:ED:81,-63,0,0,0,0,0
325767660,NODE_B0CBD8F33218,wormhole_a,4,B4:BF:E9:34:ED:81,-63,0,0,0,0,0
325867657,NODE_B0CBD8F33218,wormhole_a,4,B4:BF:E9:34:ED:81,-63,0,0,0,0,0
325967660,NODE_B0CBD8F33218,wormhole_a,4,B4:BF:E9:34:ED:81,-63,0,0,0,0,0
326077654,NODE_B0CBD8F33218,wormhole_a,4,B4:BF:E9:34:ED:81,-63,0,0,0,0,0
326177667,NODE_B0CBD8F33218,wormhole_a,4,B4:BF:E9:34:ED:81,-64,0,0,0,0,0
326277654,NODE_B0CBD8F33218,wormhole_a,4,B4:BF:E9:34:ED:81,-64,0,0,0,0,0
326377654,NODE_B0CBD8F33218,wormhole_a,4,B4:BF:E9:34:ED:81,-64,0,0,0,0,0
326487662,NODE_B0CBD8F33218,wormhole_a,4,B4:BF:E9:34:ED:81,-64,0,0,0,0,0
326587660,NODE_B0CBD8F33218,wormhole_a,4,B4:BF:E9:34:ED:81,-64,0,0,0,0,0
326687658,NODE_B0CBD8F33218,wormhole_a,4,B4:BF:E9:34:ED:81,-64,0,0,0,0,0
326797654,NODE_B0CBD8F33218,wormhole_a,4,B4:BF:E9:34:ED:81,-64,0,0,0,0,0
326897659,NODE_B0CBD8F33218,wormhole_a,4,B4:BF:E9:34:ED:81,-64,0,0,0,0,0
326997654,NODE_B0CBD8F33218,wormhole_a,4,B4:BF:E9:34:ED:81,-64,0,0,0,0,0
327107666,NODE_B0CBD8F33218,wormhole_a,4,B4:BF:E9:34:ED:81,-64,0,0,0,0,0
327207666,NODE_B0CBD8F33218,wormhole_a,4,B4:BF:E9:34:ED:81,-64,0,0,0,0,0
327307656,NODE_B0CBD8F33218,wormhole_a,4,B4:BF:E9:34:ED:81,-64,0,0,0,0,0
327407654,NODE_B0CBD8F33218,wormhole_a,4,B4:BF:E9:34:ED:81,-64,0,0,0,0,0
327517666,NODE_B0CBD8F33218,wormhole_a,4,B4:BF:E9:34:ED:81,-64,0,0,0,0,0
327617656,NODE_B0CBD8F33218,wormhole_a,4,B4:BF:E9:34:ED:81,-64,0,0,0,0,0
327717658,NODE_B0CBD8F33218,wormhole_a,4,B4:BF:E9:34:ED:81,-64,0,0,0,0,0
327827654,NODE_B0CBD8F33218,wormhole_a,4,B4:BF:E9:34:ED:81,-64,0,0,0,0,0
327927658,NODE_B0CBD8F33218,wormhole_a,4,B4:BF:E9:34:ED:81,-64,0,0,0,0,0
328027656,NODE_B0CBD8F33218,wormhole_a,4,B4:BF:E9:34:ED:81,-64,0,0,0,0,0
328137654,NODE_B0CBD8F33218,wormhole_a,4,B4:BF:E9:34:ED:81,-64,0,0,0,0,0
328237666,NODE_B0CBD8F33218,wormhole_a,4,B4:BF:E9:34:ED:81,-64,0,0,0,0,0
328337656,NODE_B0CBD8F33218,wormhole_a,4,B4:BF:E9:34:ED:81,-64,0,0,0,0,0
328437654,NODE_B0CBD8F33218,wormhole_a,4,B4:BF:E9:34:ED:81,-64,0,0,0,0,0
328547666,NODE_B0CBD8F33218,wormhole_a,4,B4:BF:E9:34:ED:81,-64,0,0,0,0,0
328647654,NODE_B0CBD8F33218,wormhole_a,4,B4:BF:E9:34:ED:81,-64,0,0,0,0,0
328747656,NODE_B0CBD8F33218,wormhole_a,4,B4:BF:E9:34:ED:81,-64,0,0,0,0,0
328857658,NODE_B0CBD8F33218,wormhole_a,4,B4:BF:E9:34:ED:81,-64,0,0,0,0,0
328957658,NODE_B0CBD8F33218,wormhole_a,4,B4:BF:E9:34:ED:81,-64,0,0,0,0,0
329057667,NODE_B0CBD8F33218,wormhole_a,4,B4:BF:E9:34:ED:81,-64,0,0,0,0,0
329167657,NODE_B0CBD8F33218,wormhole_a,4,B4:BF:E9:34:ED:81,-64,0,0,0,0,0
329267668,NODE_B0CBD8F33218,wormhole_a,4,B4:BF:E9:34:ED:81,-64,0,0,0,0,0
329367656,NODE_B0CBD8F33218,wormhole_a,4,B4:BF:E9:34:ED:81,-64,0,0,0,0,0
329467657,NODE_B0CBD8F33218,wormhole_a,4,B4:BF:E9:34:ED:81,-64,0,0,0,0,0
329567668,NODE_B0CBD8F33218,wormhole_a,4,B4:BF:E9:34:ED:81,-64,0,0,0,0,0
329667656,NODE_B0CBD8F33218,wormhole_a,4,B4:BF:E9:34:ED:81,-64,0,0,0,0,0
329777659,NODE_B0CBD8F33218,wormhole_a,4,B4:BF:E9:34:ED:81,-64,0,0,0,0,0
329877654,NODE_B0CBD8F33218,wormhole_a,4,B4:BF:E9:34:ED:81,-64,0,0,0,0,0
329987658,NODE_B0CBD8F33218,wormhole_a,4,B4:BF:E9:34:ED:81,-64,0,0,0,0,0
330087654,NODE_B0CBD8F33218,wormhole_a,4,B4:BF:E9:34:ED:81,-64,0,0,0,0,0
330187656,NODE_B0CBD8F33218,wormhole_a,4,B4:BF:E9:34:ED:81,-64,0,0,0,0,0
330287666,NODE_B0CBD8F33218,wormhole_a,4,B4:BF:E9:34:ED:81,-63,0,0,0,0,0
330397654,NODE_B0CBD8F33218,wormhole_a,4,B4:BF:E9:34:ED:81,-63,0,0,0,0,0
330497656,NODE_B0CBD8F33218,wormhole_a,4,B4:BF:E9:34:ED:81,-63,0,0,0,0,0
330597666,NODE_B0CBD8F33218,wormhole_a,4,B4:BF:E9:34:ED:81,-63,0,0,0,0,0
330697654,NODE_B0CBD8F33218,wormhole_a,4,B4:BF:E9:34:ED:81,-63,0,0,0,0,0
330807658,NODE_B0CBD8F33218,wormhole_a,4,B4:BF:E9:34:ED:81,-63,0,0,0,0,0
330907753,NODE_B0CBD8F33218,wormhole_a,4,B4:BF:E9:34:ED:81,-63,0,0,0,0,0
331017658,NODE_B0CBD8F33218,wormhole_a,4,B4:BF:E9:34:ED:81,-63,0,0,0,0,0
331117666,NODE_B0CBD8F33218,wormhole_a,4,B4:BF:E9:34:ED:81,-63,0,0,0,0,0
331217655,NODE_B0CBD8F33218,wormhole_a,4,B4:BF:E9:34:ED:81,-63,0,0,0,0,0
331317666,NODE_B0CBD8F33218,wormhole_a,4,B4:BF:E9:34:ED:81,-63,0,0,0,0,0
331427654,NODE_B0CBD8F33218,wormhole_a,4,B4:BF:E9:34:ED:81,-63,0,0,0,0,0
331527658,NODE_B0CBD8F33218,wormhole_a,4,B4:BF:E9:34:ED:81,-63,0,0,0,0,0
331627664,NODE_B0CBD8F33218,wormhole_a,4,B4:BF:E9:34:ED:81,-63,0,0,0,0,0
331727654,NODE_B0CBD8F33218,wormhole_a,4,B4:BF:E9:34:ED:81,-63,0,0,0,0,0
331837666,NODE_B0CBD8F33218,wormhole_a,4,B4:BF:E9:34:ED:81,-63,0,0,0,0,0
331937659,NODE_B0CBD8F33218,wormhole_a,4,B4:BF:E9:34:ED:81,-63,0,0,0,0,0
332048058,NODE_B0CBD8F33218,wormhole_a,4,B4:BF:E9:34:ED:81,-63,0,0,0,0,0
332147654,NODE_B0CBD8F33218,wormhole_a,4,B4:BF:E9:34:ED:81,-63,0,0,0,0,0
332247662,NODE_B0CBD8F33218,wormhole_a,4,B4:BF:E9:34:ED:81,-63,0,0,0,0,0
332347668,NODE_B0CBD8F33218,wormhole_a,4,B4:BF:E9:34:ED:81,-64,0,0,0,0,0
332457654,NODE_B0CBD8F33218,wormhole_a,4,B4:BF:E9:34:ED:81,-64,0,0,0,0,0
332557864,NODE_B0CBD8F33218,wormhole_a,4,B4:BF:E9:34:ED:81,-64,0,0,0,0,0
332657656,NODE_B0CBD8F33218,wormhole_a,4,B4:BF:E9:34:ED:81,-64,0,0,0,0,0
332757666,NODE_B0CBD8F33218,wormhole_a,4,B4:BF:E9:34:ED:81,-64,0,0,0,0,0
332867656,NODE_B0CBD8F33218,wormhole_a,4,B4:BF:E9:34:ED:81,-64,0,0,0,0,0
332967660,NODE_B0CBD8F33218,wormhole_a,4,B4:BF:E9:34:ED:81,-64,0,0,0,0,0
333077667,NODE_B0CBD8F33218,wormhole_a,4,B4:BF:E9:34:ED:81,-64,0,0,0,0,0
333177654,NODE_B0CBD8F33218,wormhole_a,4,B4:BF:E9:34:ED:81,-64,0,0,0,0,0
333278366,NODE_B0CBD8F33218,wormhole_a,4,B4:BF:E9:34:ED:81,-64,0,0,0,0,0
333377663,NODE_B0CBD8F33218,wormhole_a,4,B4:BF:E9:34:ED:81,-64,0,0,0,0,0
333487656,NODE_B0CBD8F33218,wormhole_a,4,B4:BF:E9:34:ED:81,-64,0,0,0,0,0
333587666,NODE_B0CBD8F33218,wormhole_a,4,B4:BF:E9:34:ED:81,-64,0,0,0,0,0
333687654,NODE_B0CBD8F33218,wormhole_a,4,B4:BF:E9:34:ED:81,-64,0,0,0,0,0
333787660,NODE_B0CBD8F33218,wormhole_a,4,B4:BF:E9:34:ED:81,-64,0,0,0,0,0
333897654,NODE_B0CBD8F33218,wormhole_a,4,B4:BF:E9:34:ED:81,-64,0,0,0,0,0
333997658,NODE_B0CBD8F33218,wormhole_a,4,B4:BF:E9:34:ED:81,-64,0,0,0,0,0
334107654,NODE_B0CBD8F33218,wormhole_a,4,B4:BF:E9:34:ED:81,-64,0,0,0,0,0
334207656,NODE_B0CBD8F33218,wormhole_a,4,B4:BF:E9:34:ED:81,-64,0,0,0,0,0
334307666,NODE_B0CBD8F33218,wormhole_a,4,B4:BF:E9:34:ED:81,-64,0,0,0,0,0
334407662,NODE_B0CBD8F33218,wormhole_a,4,B4:BF:E9:34:ED:81,-64,0,0,0,0,0
334507656,NODE_B0CBD8F33218,wormhole_a,4,B4:BF:E9:34:ED:81,-64,0,0,0,0,0
334607666,NODE_B0CBD8F33218,wormhole_a,4,B4:BF:E9:34:ED:81,-64,0,0,0,0,0
334717654,NODE_B0CBD8F33218,wormhole_a,4,B4:BF:E9:34:ED:81,-64,0,0,0,0,0
334817659,NODE_B0CBD8F33218,wormhole_a,4,B4:BF:E9:34:ED:81,-64,0,0,0,0,0
334917658,NODE_B0CBD8F33218,wormhole_a,4,B4:BF:E9:34:ED:81,-64,0,0,0,0,0
335027654,NODE_B0CBD8F33218,wormhole_a,4,B4:BF:E9:34:ED:81,-64,0,0,0,0,0
335127666,NODE_B0CBD8F33218,wormhole_a,4,B4:BF:E9:34:ED:81,-64,0,0,0,0,0
335227656,NODE_B0CBD8F33218,wormhole_a,4,B4:BF:E9:34:ED:81,-64,0,0,0,0,0
335337666,NODE_B0CBD8F33218,wormhole_a,4,B4:BF:E9:34:ED:81,-63,0,0,0,0,0
335437654,NODE_B0CBD8F33218,wormhole_a,4,B4:BF:E9:34:ED:81,-63,0,0,0,0,0
335537659,NODE_B0CBD8F33218,wormhole_a,4,B4:BF:E9:34:ED:81,-63,0,0,0,0,0
335637662,NODE_B0CBD8F33218,wormhole_a,4,B4:BF:E9:34:ED:81,-63,0,0,0,0,0
335747658,NODE_B0CBD8F33218,wormhole_a,4,B4:BF:E9:34:ED:81,-63,0,0,0,0,0
335847654,NODE_B0CBD8F33218,wormhole_a,4,B4:BF:E9:34:ED:81,-63,0,0,0,0,0
335947660,NODE_B0CBD8F33218,wormhole_a,4,B4:BF:E9:34:ED:81,-63,0,0,0,0,0
336057654,NODE_B0CBD8F33218,wormhole_a,4,B4:BF:E9:34:ED:81,-63,0,0,0,0,0
336157654,NODE_B0CBD8F33218,wormhole_a,4,B4:BF:E9:34:ED:81,-63,0,0,0,0,0
336257656,NODE_B0CBD8F33218,wormhole_a,4,B4:BF:E9:34:ED:81,-63,0,0,0,0,0
336367669,NODE_B0CBD8F33218,wormhole_a,4,B4:BF:E9:34:ED:81,-63,0,0,0,0,0
336467656,NODE_B0CBD8F33218,wormhole_a,4,B4:BF:E9:34:ED:81,-63,0,0,0,0,0
336567660,NODE_B0CBD8F33218,wormhole_a,4,B4:BF:E9:34:ED:81,-63,0,0,0,0,0
336667665,NODE_B0CBD8F33218,wormhole_a,4,B4:BF:E9:34:ED:81,-63,0,0,0,0,0
336777666,NODE_B0CBD8F33218,wormhole_a,4,B4:BF:E9:34:ED:81,-63,0,0,0,0,0
336877654,NODE_B0CBD8F33218,wormhole_a,4,B4:BF:E9:34:ED:81,-63,0,0,0,0,0
336977659,NODE_B0CBD8F33218,wormhole_a,4,B4:BF:E9:34:ED:81,-63,0,0,0,0,0
337087668,NODE_B0CBD8F33218,wormhole_a,4,B4:BF:E9:34:ED:81,-63,0,0,0,0,0
337187654,NODE_B0CBD8F33218,wormhole_a,4,B4:BF:E9:34:ED:81,-63,0,0,0,0,0
337287654,NODE_B0CBD8F33218,wormhole_a,4,B4:BF:E9:34:ED:81,-63,0,0,0,0,0
337397667,NODE_B0CBD8F33218,wormhole_a,4,B4:BF:E9:34:ED:81,-64,0,0,0,0,0
337497654,NODE_B0CBD8F33218,wormhole_a,4,B4:BF:E9:34:ED:81,-64,0,0,0,0,0
337597658,NODE_B0CBD8F33218,wormhole_a,4,B4:BF:E9:34:ED:81,-64,0,0,0,0,0
337697663,NODE_B0CBD8F33218,wormhole_a,4,B4:BF:E9:34:ED:81,-64,0,0,0,0,0
337807660,NODE_B0CBD8F33218,wormhole_a,4,B4:BF:E9:34:ED:81,-64,0,0,0,0,0
337907658,NODE_B0CBD8F33218,wormhole_a,4,B4:BF:E9:34:ED:81,-64,0,0,0,0,0
338007654,NODE_B0CBD8F33218,wormhole_a,4,B4:BF:E9:34:ED:81,-64,0,0,0,0,0
338117656,NODE_B0CBD8F33218,wormhole_a,4,B4:BF:E9:34:ED:81,-64,0,0,0,0,0
338217654,NODE_B0CBD8F33218,wormhole_a,4,B4:BF:E9:34:ED:81,-64,0,0,0,0,0
338317654,NODE_B0CBD8F33218,wormhole_a,4,B4:BF:E9:34:ED:81,-64,0,0,0,0,0
338427666,NODE_B0CBD8F33218,wormhole_a,4,B4:BF:E9:34:ED:81,-64,0,0,0,0,0
338527660,NODE_B0CBD8F33218,wormhole_a,4,B4:BF:E9:34:ED:81,-64,0,0,0,0,0
338627654,NODE_B0CBD8F33218,wormhole_a,4,B4:BF:E9:34:ED:81,-64,0,0,0,0,0
338727666,NODE_B0CBD8F33218,wormhole_a,4,B4:BF:E9:34:ED:81,-64,0,0,0,0,0
338837656,NODE_B0CBD8F33218,wormhole_a,4,B4:BF:E9:34:ED:81,-64,0,0,0,0,0
338937658,NODE_B0CBD8F33218,wormhole_a,4,B4:BF:E9:34:ED:81,-64,0,0,0,0,0
339037654,NODE_B0CBD8F33218,wormhole_a,4,B4:BF:E9:34:ED:81,-64,0,0,0,0,0
339147666,NODE_B0CBD8F33218,wormhole_a,4,B4:BF:E9:34:ED:81,-64,0,0,0,0,0
339247656,NODE_B0CBD8F33218,wormhole_a,4,B4:BF:E9:34:ED:81,-64,0,0,0,0,0
339347654,NODE_B0CBD8F33218,wormhole_a,4,B4:BF:E9:34:ED:81,-64,0,0,0,0,0
339457666,NODE_B0CBD8F33218,wormhole_a,4,B4:BF:E9:34:ED:81,-63,0,0,0,0,0
339557659,NODE_B0CBD8F33218,wormhole_a,4,B4:BF:E9:34:ED:81,-63,0,0,0,0,0
339657654,NODE_B0CBD8F33218,wormhole_a,4,B4:BF:E9:34:ED:81,-63,0,0,0,0,0
339757666,NODE_B0CBD8F33218,wormhole_a,4,B4:BF:E9:34:ED:81,-63,0,0,0,0,0
339867656,NODE_B0CBD8F33218,wormhole_a,4,B4:BF:E9:34:ED:81,-63,0,0,0,0,0
339967661,NODE_B0CBD8F33218,wormhole_a,4,B4:BF:E9:34:ED:81,-63,0,0,0,0,0
340067656,NODE_B0CBD8F33218,wormhole_a,4,B4:BF:E9:34:ED:81,-63,0,0,0,0,0
340177654,NODE_B0CBD8F33218,wormhole_a,4,B4:BF:E9:34:ED:81,-63,0,0,0,0,0
340277656,NODE_B0CBD8F33218,wormhole_a,4,B4:BF:E9:34:ED:81,-63,0,0,0,0,0
340377654,NODE_B0CBD8F33218,wormhole_a,4,B4:BF:E9:34:ED:81,-63,0,0,0,0,0
340487666,NODE_B0CBD8F33218,wormhole_a,4,B4:BF:E9:34:ED:81,-64,0,0,0,0,0
340587658,NODE_B0CBD8F33218,wormhole_a,4,B4:BF:E9:34:ED:81,-64,0,0,0,0,0
340687656,NODE_B0CBD8F33218,wormhole_a,4,B4:BF:E9:34:ED:81,-64,0,0,0,0,0
340787666,NODE_B0CBD8F33218,wormhole_a,4,B4:BF:E9:34:ED:81,-64,0,0,0,0,0
340887654,NODE_B0CBD8F33218,wormhole_a,4,B4:BF:E9:34:ED:81,-64,0,0,0,0,0
340987660,NODE_B0CBD8F33218,wormhole_a,4,B4:BF:E9:34:ED:81,-64,0,0,0,0,0
341097666,NODE_B0CBD8F33218,wormhole_a,4,B4:BF:E9:34:ED:81,-64,0,0,0,0,0
341197654,NODE_B0CBD8F33218,wormhole_a,4,B4:BF:E9:34:ED:81,-64,0,0,0,0,0
341307654,NODE_B0CBD8F33218,wormhole_a,4,B4:BF:E9:34:ED:81,-64,0,0,0,0,0
341407656,NODE_B0CBD8F33218,wormhole_a,4,B4:BF:E9:34:ED:81,-64,0,0,0,0,0
341507666,NODE_B0CBD8F33218,wormhole_a,4,B4:BF:E9:34:ED:81,-63,0,0,0,0,0
341607658,NODE_B0CBD8F33218,wormhole_a,4,B4:BF:E9:34:ED:81,-63,0,0,0,0,0
341717659,NODE_B0CBD8F33218,wormhole_a,4,B4:BF:E9:34:ED:81,-63,0,0,0,0,0
341817662,NODE_B0CBD8F33218,wormhole_a,4,B4:BF:E9:34:ED:81,-63,0,0,0,0,0
341917658,NODE_B0CBD8F33218,wormhole_a,4,B4:BF:E9:34:ED:81,-63,0,0,0,0,0
342017656,NODE_B0CBD8F33218,wormhole_a,4,B4:BF:E9:34:ED:81,-63,0,0,0,0,0
342127656,NODE_B0CBD8F33218,wormhole_a,4,B4:BF:E9:34:ED:81,-63,0,0,0,0,0
342227654,NODE_B0CBD8F33218,wormhole_a,4,B4:BF:E9:34:ED:81,-63,0,0,0,0,0
342337654,NODE_B0CBD8F33218,wormhole_a,4,B4:BF:E9:34:ED:81,-63,0,0,0,0,0
342437656,NODE_B0CBD8F33218,wormhole_a,4,B4:BF:E9:34:ED:81,-63,0,0,0,0,0
342537666,NODE_B0CBD8F33218,wormhole_a,4,B4:BF:E9:34:ED:81,-63,0,0,0,0,0
342637654,NODE_B0CBD8F33218,wormhole_a,4,B4:BF:E9:34:ED:81,-63,0,0,0,0,0
342747658,NODE_B0CBD8F33218,wormhole_a,4,B4:BF:E9:34:ED:81,-63,0,0,0,0,0
342847664,NODE_B0CBD8F33218,wormhole_a,4,B4:BF:E9:34:ED:81,-63,0,0,0,0,0
342947658,NODE_B0CBD8F33218,wormhole_a,4,B4:BF:E9:34:ED:81,-63,0,0,0,0,0
343048036,NODE_B0CBD8F33218,wormhole_a,4,B4:BF:E9:34:ED:81,-63,0,0,0,0,0
343157659,NODE_B0CBD8F33218,wormhole_a,4,B4:BF:E9:34:ED:81,-63,0,0,0,0,0
343257654,NODE_B0CBD8F33218,wormhole_a,4,B4:BF:E9:34:ED:81,-63,0,0,0,0,0
343367656,NODE_B0CBD8F33218,wormhole_a,4,B4:BF:E9:34:ED:81,-63,0,0,0,0,0
343467656,NODE_B0CBD8F33218,wormhole_a,4,B4:BF:E9:34:ED:81,-63,0,0,0,0,0
343567669,NODE_B0CBD8F33218,wormhole_a,4,B4:BF:E9:34:ED:81,-63,0,0,0,0,0
343667656,NODE_B0CBD8F33218,wormhole_a,4,B4:BF:E9:34:ED:81,-63,0,0,0,0,0
343777658,NODE_B0CBD8F33218,wormhole_a,4,B4:BF:E9:34:ED:81,-63,0,0,0,0,0
343877663,NODE_B0CBD8F33218,wormhole_a,4,B4:BF:E9:34:ED:81,-63,0,0,0,0,0
343977658,NODE_B0CBD8F33218,wormhole_a,4,B4:BF:E9:34:ED:81,-63,0,0,0,0,0
344077654,NODE_B0CBD8F33218,wormhole_a,4,B4:BF:E9:34:ED:81,-63,0,0,0,0,0
344187654,NODE_B0CBD8F33218,wormhole_a,4,B4:BF:E9:34:ED:81,-63,0,0,0,0,0
344287656,NODE_B0CBD8F33218,wormhole_a,4,B4:BF:E9:34:ED:81,-63,0,0,0,0,0
344397654,NODE_B0CBD8F33218,wormhole_a,4,B4:BF:E9:34:ED:81,-63,0,0,0,0,0
344497654,NODE_B0CBD8F33218,wormhole_a,4,B4:BF:E9:34:ED:81,-63,0,0,0,0,0
344597667,NODE_B0CBD8F33218,wormhole_a,4,B4:BF:E9:34:ED:81,-63,0,0,0,0,0
344697666,NODE_B0CBD8F33218,wormhole_a,4,B4:BF:E9:34:ED:81,-63,0,0,0,0,0
344807654,NODE_B0CBD8F33218,wormhole_a,4,B4:BF:E9:34:ED:81,-63,0,0,0,0,0
344907666,NODE_B0CBD8F33218,wormhole_a,4,B4:BF:E9:34:ED:81,-63,0,0,0,0,0
345007656,NODE_B0CBD8F33218,wormhole_a,4,B4:BF:E9:34:ED:81,-63,0,0,0,0,0
345107666,NODE_B0CBD8F33218,wormhole_a,4,B4:BF:E9:34:ED:81,-63,0,0,0,0,0
345217654,NODE_B0CBD8F33218,wormhole_a,4,B4:BF:E9:34:ED:81,-63,0,0,0,0,0
345317656,NODE_B0CBD8F33218,wormhole_a,4,B4:BF:E9:34:ED:81,-63,0,0,0,0,0
345427656,NODE_B0CBD8F33218,wormhole_a,4,B4:BF:E9:34:ED:81,-63,0,0,0,0,0
345527658,NODE_B0CBD8F33218,wormhole_a,4,B4:BF:E9:34:ED:81,-63,0,0,0,0,0
345627666,NODE_B0CBD8F33218,wormhole_a,4,B4:BF:E9:34:ED:81,-63,0,0,0,0,0
345727656,NODE_B0CBD8F33218,wormhole_a,4,B4:BF:E9:34:ED:81,-63,0,0,0,0,0
345827654,NODE_B0CBD8F33218,wormhole_a,4,B4:BF:E9:34:ED:81,-63,0,0,0,0,0
345927666,NODE_B0CBD8F33218,wormhole_a,4,B4:BF:E9:34:ED:81,-63,0,0,0,0,0
346037656,NODE_B0CBD8F33218,wormhole_a,4,B4:BF:E9:34:ED:81,-63,0,0,0,0,0
346137654,NODE_B0CBD8F33218,wormhole_a,4,B4:BF:E9:34:ED:81,-63,0,0,0,0,0
346237654,NODE_B0CBD8F33218,wormhole_a,4,B4:BF:E9:34:ED:81,-63,0,0,0,0,0
346347654,NODE_B0CBD8F33218,wormhole_a,4,B4:BF:E9:34:ED:81,-63,0,0,0,0,0
346447656,NODE_B0CBD8F33218,wormhole_a,4,B4:BF:E9:34:ED:81,-63,0,0,0,0,0
346547658,NODE_B0CBD8F33218,wormhole_a,4,B4:BF:E9:34:ED:81,-63,0,0,0,0,0
346657666,NODE_B0CBD8F33218,wormhole_a,4,B4:BF:E9:34:ED:81,-64,0,0,0,0,0
346757656,NODE_B0CBD8F33218,wormhole_a,4,B4:BF:E9:34:ED:81,-64,0,0,0,0,0
346857658,NODE_B0CBD8F33218,wormhole_a,4,B4:BF:E9:34:ED:81,-64,0,0,0,0,0
346957666,NODE_B0CBD8F33218,wormhole_a,4,B4:BF:E9:34:ED:81,-64,0,0,0,0,0
347067668,NODE_B0CBD8F33218,wormhole_a,4,B4:BF:E9:34:ED:81,-64,0,0,0,0,0
347167657,NODE_B0CBD8F33218,wormhole_a,4,B4:BF:E9:34:ED:81,-64,0,0,0,0,0
347267656,NODE_B0CBD8F33218,wormhole_a,4,B4:BF:E9:34:ED:81,-64,0,0,0,0,0
347377654,NODE_B0CBD8F33218,wormhole_a,4,B4:BF:E9:34:ED:81,-64,0,0,0,0,0
347477656,NODE_B0CBD8F33218,wormhole_a,4,B4:BF:E9:34:ED:81,-64,0,0,0,0,0
347577658,NODE_B0CBD8F33218,wormhole_a,4,B4:BF:E9:34:ED:81,-64,0,0,0,0,0
347687666,NODE_B0CBD8F33218,wormhole_a,4,B4:BF:E9:34:ED:81,-62,0,0,0,0,0
347787666,NODE_B0CBD8F33218,wormhole_a,4,B4:BF:E9:34:ED:81,-62,0,0,0,0,0
347887656,NODE_B0CBD8F33218,wormhole_a,4,B4:BF:E9:34:ED:81,-62,0,0,0,0,0
347987666,NODE_B0CBD8F33218,wormhole_a,4,B4:BF:E9:34:ED:81,-62,0,0,0,0,0
348097654,NODE_B0CBD8F33218,wormhole_a,4,B4:BF:E9:34:ED:81,-62,0,0,0,0,0
348197656,NODE_B0CBD8F33218,wormhole_a,4,B4:BF:E9:34:ED:81,-62,0,0,0,0,0
348297654,NODE_B0CBD8F33218,wormhole_a,4,B4:BF:E9:34:ED:81,-62,0,0,0,0,0
348407654,NODE_B0CBD8F33218,wormhole_a,4,B4:BF:E9:34:ED:81,-62,0,0,0,0,0
348507654,NODE_B0CBD8F33218,wormhole_a,4,B4:BF:E9:34:ED:81,-62,0,0,0,0,0
348607660,NODE_B0CBD8F33218,wormhole_a,4,B4:BF:E9:34:ED:81,-62,0,0,0,0,0
348717666,NODE_B0CBD8F33218,wormhole_a,4,B4:BF:E9:34:ED:81,-63,0,0,0,0,0
348817654,NODE_B0CBD8F33218,wormhole_a,4,B4:BF:E9:34:ED:81,-63,0,0,0,0,0
348917659,NODE_B0CBD8F33218,wormhole_a,4,B4:BF:E9:34:ED:81,-63,0,0,0,0,0
349017662,NODE_B0CBD8F33218,wormhole_a,4,B4:BF:E9:34:ED:81,-63,0,0,0,0,0
349127666,NODE_B0CBD8F33218,wormhole_a,4,B4:BF:E9:34:ED:81,-63,0,0,0,0,0
349227654,NODE_B0CBD8F33218,wormhole_a,4,B4:BF:E9:34:ED:81,-63,0,0,0,0,0
349327656,NODE_B0CBD8F33218,wormhole_a,4,B4:BF:E9:34:ED:81,-63,0,0,0,0,0
349437654,NODE_B0CBD8F33218,wormhole_a,4,B4:BF:E9:34:ED:81,-63,0,0,0,0,0
349537658,NODE_B0CBD8F33218,wormhole_a,4,B4:BF:E9:34:ED:81,-63,0,0,0,0,0
349637656,NODE_B0CBD8F33218,wormhole_a,4,B4:BF:E9:34:ED:81,-63,0,0,0,0,0
349747660,NODE_B0CBD8F33218,wormhole_a,4,B4:BF:E9:34:ED:81,-63,0,0,0,0,0
349847658,NODE_B0CBD8F33218,wormhole_a,4,B4:BF:E9:34:ED:81,-63,0,0,0,0,0
349947658,NODE_B0CBD8F33218,wormhole_a,4,B4:BF:E9:34:ED:81,-63,0,0,0,0,0
350048046,NODE_B0CBD8F33218,wormhole_a,4,B4:BF:E9:34:ED:81,-63,0,0,0,0,0
350157654,NODE_B0CBD8F33218,wormhole_a,4,B4:BF:E9:34:ED:81,-63,0,0,0,0,0
350257654,NODE_B0CBD8F33218,wormhole_a,4,B4:BF:E9:34:ED:81,-63,0,0,0,0,0
350357656,NODE_B0CBD8F33218,wormhole_a,4,B4:BF:E9:34:ED:81,-63,0,0,0,0,0
350467657,NODE_B0CBD8F33218,wormhole_a,4,B4:BF:E9:34:ED:81,-63,0,0,0,0,0
350567660,NODE_B0CBD8F33218,wormhole_a,4,B4:BF:E9:34:ED:81,-63,0,0,0,0,0
350667656,NODE_B0CBD8F33218,wormhole_a,4,B4:BF:E9:34:ED:81,-63,0,0,0,0,0
350777667,NODE_B0CBD8F33218,wormhole_a,4,B4:BF:E9:34:ED:81,-63,0,0,0,0,0
350877654,NODE_B0CBD8F33218,wormhole_a,4,B4:BF:E9:34:ED:81,-63,0,0,0,0,0
350977658,NODE_B0CBD8F33218,wormhole_a,4,B4:BF:E9:34:ED:81,-63,0,0,0,0,0
351077675,NODE_B0CBD8F33218,wormhole_a,4,B4:BF:E9:34:ED:81,-63,0,0,0,0,0
351177654,NODE_B0CBD8F33218,wormhole_a,4,B4:BF:E9:34:ED:81,-63,0,0,0,0,0
351277654,NODE_B0CBD8F33218,wormhole_a,4,B4:BF:E9:34:ED:81,-63,0,0,0,0,0
351387654,NODE_B0CBD8F33218,wormhole_a,4,B4:BF:E9:34:ED:81,-63,0,0,0,0,0
351497656,NODE_B0CBD8F33218,wormhole_a,4,B4:BF:E9:34:ED:81,-63,0,0,0,0,0
351597658,NODE_B0CBD8F33218,wormhole_a,4,B4:BF:E9:34:ED:81,-63,0,0,0,0,0
351698170,NODE_B0CBD8F33218,wormhole_a,4,B4:BF:E9:34:ED:81,-63,0,0,0,0,0
351807666,NODE_B0CBD8F33218,wormhole_a,4,B4:BF:E9:34:ED:81,-65,0,0,0,0,0
351907656,NODE_B0CBD8F33218,wormhole_a,4,B4:BF:E9:34:ED:81,-65,0,0,0,0,0
352007658,NODE_B0CBD8F33218,wormhole_a,4,B4:BF:E9:34:ED:81,-65,0,0,0,0,0
352107662,NODE_B0CBD8F33218,wormhole_a,4,B4:BF:E9:34:ED:81,-65,0,0,0,0,0
352207656,NODE_B0CBD8F33218,wormhole_a,4,B4:BF:E9:34:ED:81,-65,0,0,0,0,0
352307654,NODE_B0CBD8F33218,wormhole_a,4,B4:BF:E9:34:ED:81,-65,0,0,0,0,0
352417654,NODE_B0CBD8F33218,wormhole_a,4,B4:BF:E9:34:ED:81,-65,0,0,0,0,0
352517659,NODE_B0CBD8F33218,wormhole_a,4,B4:BF:E9:34:ED:81,-65,0,0,0,0,0
352627656,NODE_B0CBD8F33218,wormhole_a,4,B4:BF:E9:34:ED:81,-65,0,0,0,0,0
352727662,NODE_B0CBD8F33218,wormhole_a,4,B4:BF:E9:34:ED:81,-65,0,0,0,0,0
352827666,NODE_B0CBD8F33218,wormhole_a,4,B4:BF:E9:34:ED:81,-63,0,0,0,0,0
352927656,NODE_B0CBD8F33218,wormhole_a,4,B4:BF:E9:34:ED:81,-63,0,0,0,0,0
353037748,NODE_B0CBD8F33218,wormhole_a,4,B4:BF:E9:34:ED:81,-63,0,0,0,0,0
353137775,NODE_B0CBD8F33218,wormhole_a,4,B4:BF:E9:34:ED:81,-63,0,0,0,0,0
353237656,NODE_B0CBD8F33218,wormhole_a,4,B4:BF:E9:34:ED:81,-63,0,0,0,0,0
353337654,NODE_B0CBD8F33218,wormhole_a,4,B4:BF:E9:34:ED:81,-63,0,0,0,0,0
353447654,NODE_B0CBD8F33218,wormhole_a,4,B4:BF:E9:34:ED:81,-63,0,0,0,0,0
353547658,NODE_B0CBD8F33218,wormhole_a,4,B4:BF:E9:34:ED:81,-63,0,0,0,0,0
353657656,NODE_B0CBD8F33218,wormhole_a,4,B4:BF:E9:34:ED:81,-63,0,0,0,0,0
353758236,NODE_B0CBD8F33218,wormhole_a,4,B4:BF:E9:34:ED:81,-64,0,0,0,0,0
353857666,NODE_B0CBD8F33218,wormhole_a,4,B4:BF:E9:34:ED:81,-64,0,0,0,0,0
353957659,NODE_B0CBD8F33218,wormhole_a,4,B4:BF:E9:34:ED:81,-64,0,0,0,0,0
354067665,NODE_B0CBD8F33218,wormhole_a,4,B4:BF:E9:34:ED:81,-64,0,0,0,0,0
354167656,NODE_B0CBD8F33218,wormhole_a,4,B4:BF:E9:34:ED:81,-64,0,0,0,0,0
354267656,NODE_B0CBD8F33218,wormhole_a,4,B4:BF:E9:34:ED:81,-64,0,0,0,0,0
354367657,NODE_B0CBD8F33218,wormhole_a,4,B4:BF:E9:34:ED:81,-64,0,0,0,0,0
354477654,NODE_B0CBD8F33218,wormhole_a,4,B4:BF:E9:34:ED:81,-64,0,0,0,0,0
354577658,NODE_B0CBD8F33218,wormhole_a,4,B4:BF:E9:34:ED:81,-64,0,0,0,0,0
354687654,NODE_B0CBD8F33218,wormhole_a,4,B4:BF:E9:34:ED:81,-64,0,0,0,0,0
354787668,NODE_B0CBD8F33218,wormhole_a,4,B4:BF:E9:34:ED:81,-64,0,0,0,0,0
354887662,NODE_B0CBD8F33218,wormhole_a,4,B4:BF:E9:34:ED:81,-64,0,0,0,0,0
354987658,NODE_B0CBD8F33218,wormhole_a,4,B4:BF:E9:34:ED:81,-64,0,0,0,0,0
355097675,NODE_B0CBD8F33218,wormhole_a,4,B4:BF:E9:34:ED:81,-64,0,0,0,0,0
355197654,NODE_B0CBD8F33218,wormhole_a,4,B4:BF:E9:34:ED:81,-64,0,0,0,0,0
355297654,NODE_B0CBD8F33218,wormhole_a,4,B4:BF:E9:34:ED:81,-64,0,0,0,0,0
355397656,NODE_B0CBD8F33218,wormhole_a,4,B4:BF:E9:34:ED:81,-64,0,0,0,0,0
355507656,NODE_B0CBD8F33218,wormhole_a,4,B4:BF:E9:34:ED:81,-64,0,0,0,0,0
355607658,NODE_B0CBD8F33218,wormhole_a,4,B4:BF:E9:34:ED:81,-64,0,0,0,0,0
355717654,NODE_B0CBD8F33218,wormhole_a,4,B4:BF:E9:34:ED:81,-64,0,0,0,0,0
355817667,NODE_B0CBD8F33218,wormhole_a,4,B4:BF:E9:34:ED:81,-63,0,0,0,0,0
355917654,NODE_B0CBD8F33218,wormhole_a,4,B4:BF:E9:34:ED:81,-63,0,0,0,0,0
356017658,NODE_B0CBD8F33218,wormhole_a,4,B4:BF:E9:34:ED:81,-63,0,0,0,0,0
356127662,NODE_B0CBD8F33218,wormhole_a,4,B4:BF:E9:34:ED:81,-63,0,0,0,0,0
356227656,NODE_B0CBD8F33218,wormhole_a,4,B4:BF:E9:34:ED:81,-63,0,0,0,0,0
356327654,NODE_B0CBD8F33218,wormhole_a,4,B4:BF:E9:34:ED:81,-63,0,0,0,0,0
356427654,NODE_B0CBD8F33218,wormhole_a,4,B4:BF:E9:34:ED:81,-63,0,0,0,0,0
356537659,NODE_B0CBD8F33218,wormhole_a,4,B4:BF:E9:34:ED:81,-63,0,0,0,0,0
356637654,NODE_B0CBD8F33218,wormhole_a,4,B4:BF:E9:34:ED:81,-63,0,0,0,0,0
356747658,NODE_B0CBD8F33218,wormhole_a,4,B4:BF:E9:34:ED:81,-63,0,0,0,0,0
356847666,NODE_B0CBD8F33218,wormhole_a,4,B4:BF:E9:34:ED:81,-62,0,0,0,0,0
356947660,NODE_B0CBD8F33218,wormhole_a,4,B4:BF:E9:34:ED:81,-62,0,0,0,0,0
357048057,NODE_B0CBD8F33218,wormhole_a,4,B4:BF:E9:34:ED:81,-62,0,0,0,0,0
357147674,NODE_B0CBD8F33218,wormhole_a,4,B4:BF:E9:34:ED:81,-62,0,0,0,0,0
357247656,NODE_B0CBD8F33218,wormhole_a,4,B4:BF:E9:34:ED:81,-62,0,0,0,0,0
357357654,NODE_B0CBD8F33218,wormhole_a,4,B4:BF:E9:34:ED:81,-62,0,0,0,0,0
357457654,NODE_B0CBD8F33218,wormhole_a,4,B4:BF:E9:34:ED:81,-62,0,0,0,0,0
357557659,NODE_B0CBD8F33218,wormhole_a,4,B4:BF:E9:34:ED:81,-62,0,0,0,0,0
357667657,NODE_B0CBD8F33218,wormhole_a,4,B4:BF:E9:34:ED:81,-62,0,0,0,0,0
357767660,NODE_B0CBD8F33218,wormhole_a,4,B4:BF:E9:34:ED:81,-62,0,0,0,0,0
357867668,NODE_B0CBD8F33218,wormhole_a,4,B4:BF:E9:34:ED:81,-63,0,0,0,0,0
357977659,NODE_B0CBD8F33218,wormhole_a,4,B4:BF:E9:34:ED:81,-63,0,0,0,0,0
358077654,NODE_B0CBD8F33218,wormhole_a,4,B4:BF:E9:34:ED:81,-63,0,0,0,0,0
358177662,NODE_B0CBD8F33218,wormhole_a,4,B4:BF:E9:34:ED:81,-63,0,0,0,0,0
358277656,NODE_B0CBD8F33218,wormhole_a,4,B4:BF:E9:34:ED:81,-63,0,0,0,0,0
358387656,NODE_B0CBD8F33218,wormhole_a,4,B4:BF:E9:34:ED:81,-63,0,0,0,0,0
358487654,NODE_B0CBD8F33218,wormhole_a,4,B4:BF:E9:34:ED:81,-63,0,0,0,0,0
358587658,NODE_B0CBD8F33218,wormhole_a,4,B4:BF:E9:34:ED:81,-63,0,0,0,0,0
358697656,NODE_B0CBD8F33218,wormhole_a,4,B4:BF:E9:34:ED:81,-63,0,0,0,0,0
358797658,NODE_B0CBD8F33218,wormhole_a,4,B4:BF:E9:34:ED:81,-63,0,0,0,0,0
358897666,NODE_B0CBD8F33218,wormhole_a,4,B4:BF:E9:34:ED:81,-64,0,0,0,0,0
359007658,NODE_B0CBD8F33218,wormhole_a,4,B4:BF:E9:34:ED:81,-64,0,0,0,0,0
359107668,NODE_B0CBD8F33218,wormhole_a,4,B4:BF:E9:34:ED:81,-64,0,0,0,0,0
359207662,NODE_B0CBD8F33218,wormhole_a,4,B4:BF:E9:34:ED:81,-64,0,0,0,0,0
359307654,NODE_B0CBD8F33218,wormhole_a,4,B4:BF:E9:34:ED:81,-64,0,0,0,0,0
359417656,NODE_B0CBD8F33218,wormhole_a,4,B4:BF:E9:34:ED:81,-64,0,0,0,0,0
359517658,NODE_B0CBD8F33218,wormhole_a,4,B4:BF:E9:34:ED:81,-64,0,0,0,0,0
359617654,NODE_B0CBD8F33218,wormhole_a,4,B4:BF:E9:34:ED:81,-64,0,0,0,0,0
359727666,NODE_B0CBD8F33218,wormhole_a,4,B4:BF:E9:34:ED:81,-64,0,0,0,0,0
359827656,NODE_B0CBD8F33218,wormhole_a,4,B4:BF:E9:34:ED:81,-64,0,0,0,0,0
359927666,NODE_B0CBD8F33218,wormhole_a,4,B4:BF:E9:34:ED:81,-63,0,0,0,0,0
360037654,NODE_B0CBD8F33218,wormhole_a,4,B4:BF:E9:34:ED:81,-63,0,0,0,0,0
360137656,NODE_B0CBD8F33218,wormhole_a,4,B4:BF:E9:34:ED:81,-63,0,0,0,0,0
360237662,NODE_B0CBD8F33218,wormhole_a,4,B4:BF:E9:34:ED:81,-63,0,0,0,0,0
360337654,NODE_B0CBD8F33218,wormhole_a,4,B4:BF:E9:34:ED:81,-63,0,0,0,0,0
360447654,NODE_B0CBD8F33218,wormhole_a,4,B4:BF:E9:34:ED:81,-63,0,0,0,0,0
360547660,NODE_B0CBD8F33218,wormhole_a,4,B4:BF:E9:34:ED:81,-63,0,0,0,0,0
360647654,NODE_B0CBD8F33218,wormhole_a,4,B4:BF:E9:34:ED:81,-63,0,0,0,0,0
360757658,NODE_B0CBD8F33218,wormhole_a,4,B4:BF:E9:34:ED:81,-63,0,0,0,0,0
360857656,NODE_B0CBD8F33218,wormhole_a,4,B4:BF:E9:34:ED:81,-63,0,0,0,0,0
360957666,NODE_B0CBD8F33218,wormhole_a,4,B4:BF:E9:34:ED:81,-63,0,0,0,0,0
361067671,NODE_B0CBD8F33218,wormhole_a,4,B4:BF:E9:34:ED:81,-63,0,0,0,0,0
361167656,NODE_B0CBD8F33218,wormhole_a,4,B4:BF:E9:34:ED:81,-63,0,0,0,0,0
361267665,NODE_B0CBD8F33218,wormhole_a,4,B4:BF:E9:34:ED:81,-63,0,0,0,0,0
361367656,NODE_B0CBD8F33218,wormhole_a,4,B4:BF:E9:34:ED:81,-63,0,0,0,0,0
361477654,NODE_B0CBD8F33218,wormhole_a,4,B4:BF:E9:34:ED:81,-63,0,0,0,0,0
361577659,NODE_B0CBD8F33218,wormhole_a,4,B4:BF:E9:34:ED:81,-63,0,0,0,0,0
361677654,NODE_B0CBD8F33218,wormhole_a,4,B4:BF:E9:34:ED:81,-63,0,0,0,0,0
361787658,NODE_B0CBD8F33218,wormhole_a,4,B4:BF:E9:34:ED:81,-63,0,0,0,0,0
361887654,NODE_B0CBD8F33218,wormhole_a,4,B4:BF:E9:34:ED:81,-63,0,0,0,0,0
361987668,NODE_B0CBD8F33218,wormhole_a,4,B4:BF:E9:34:ED:81,-64,0,0,0,0,0
362097654,NODE_B0CBD8F33218,wormhole_a,4,B4:BF:E9:34:ED:81,-64,0,0,0,0,0
362197654,NODE_B0CBD8F33218,wormhole_a,4,B4:BF:E9:34:ED:81,-64,0,0,0,0,0
362297663,NODE_B0CBD8F33218,wormhole_a,4,B4:BF:E9:34:ED:81,-64,0,0,0,0,0
362397654,NODE_B0CBD8F33218,wormhole_a,4,B4:BF:E9:34:ED:81,-64,0,0,0,0,0
362497654,NODE_B0CBD8F33218,wormhole_a,4,B4:BF:E9:34:ED:81,-64,0,0,0,0,0
362597659,NODE_B0CBD8F33218,wormhole_a,4,B4:BF:E9:34:ED:81,-64,0,0,0,0,0
362707660,NODE_B0CBD8F33218,wormhole_a,4,B4:BF:E9:34:ED:81,-64,0,0,0,0,0
362817654,NODE_B0CBD8F33218,wormhole_a,4,B4:BF:E9:34:ED:81,-64,0,0,0,0,0
362917654,NODE_B0CBD8F33218,wormhole_a,4,B4:BF:E9:34:ED:81,-64,0,0,0,0,0
363017667,NODE_B0CBD8F33218,wormhole_a,4,B4:BF:E9:34:ED:81,-63,0,0,0,0,0
363127668,NODE_B0CBD8F33218,wormhole_a,4,B4:BF:E9:34:ED:81,-63,0,0,0,0,0
363227654,NODE_B0CBD8F33218,wormhole_a,4,B4:BF:E9:34:ED:81,-63,0,0,0,0,0
363327662,NODE_B0CBD8F33218,wormhole_a,4,B4:BF:E9:34:ED:81,-63,0,0,0,0,0
363427656,NODE_B0CBD8F33218,wormhole_a,4,B4:BF:E9:34:ED:81,-63,0,0,0,0,0
363527658,NODE_B0CBD8F33218,wormhole_a,4,B4:BF:E9:34:ED:81,-63,0,0,0,0,0
363627654,NODE_B0CBD8F33218,wormhole_a,4,B4:BF:E9:34:ED:81,-63,0,0,0,0,0
363737659,NODE_B0CBD8F33218,wormhole_a,4,B4:BF:E9:34:ED:81,-63,0,0,0,0,0
363837654,NODE_B0CBD8F33218,wormhole_a,4,B4:BF:E9:34:ED:81,-63,0,0,0,0,0
363947654,NODE_B0CBD8F33218,wormhole_a,4,B4:BF:E9:34:ED:81,-63,0,0,0,0,0
364048036,NODE_B0CBD8F33218,wormhole_a,4,B4:BF:E9:34:ED:81,-63,0,0,0,0,0
364147656,NODE_B0CBD8F33218,wormhole_a,4,B4:BF:E9:34:ED:81,-63,0,0,0,0,0
364247654,NODE_B0CBD8F33218,wormhole_a,4,B4:BF:E9:34:ED:81,-63,0,0,0,0,0
364357662,NODE_B0CBD8F33218,wormhole_a,4,B4:BF:E9:34:ED:81,-63,0,0,0,0,0
364457656,NODE_B0CBD8F33218,wormhole_a,4,B4:BF:E9:34:ED:81,-63,0,0,0,0,0
364557658,NODE_B0CBD8F33218,wormhole_a,4,B4:BF:E9:34:ED:81,-63,0,0,0,0,0
364657654,NODE_B0CBD8F33218,wormhole_a,4,B4:BF:E9:34:ED:81,-63,0,0,0,0,0
364767656,NODE_B0CBD8F33218,wormhole_a,4,B4:BF:E9:34:ED:81,-63,0,0,0,0,0
364867661,NODE_B0CBD8F33218,wormhole_a,4,B4:BF:E9:34:ED:81,-63,0,0,0,0,0
364977658,NODE_B0CBD8F33218,wormhole_a,4,B4:BF:E9:34:ED:81,-63,0,0,0,0,0
365077670,NODE_B0CBD8F33218,wormhole_a,4,B4:BF:E9:34:ED:81,-64,0,0,0,0,0
365177656,NODE_B0CBD8F33218,wormhole_a,4,B4:BF:E9:34:ED:81,-64,0,0,0,0,0
365277654,NODE_B0CBD8F33218,wormhole_a,4,B4:BF:E9:34:ED:81,-64,0,0,0,0,0
365387662,NODE_B0CBD8F33218,wormhole_a,4,B4:BF:E9:34:ED:81,-64,0,0,0,0,0
365487654,NODE_B0CBD8F33218,wormhole_a,4,B4:BF:E9:34:ED:81,-64,0,0,0,0,0
365587660,NODE_B0CBD8F33218,wormhole_a,4,B4:BF:E9:34:ED:81,-64,0,0,0,0,0
365687654,NODE_B0CBD8F33218,wormhole_a,4,B4:BF:E9:34:ED:81,-64,0,0,0,0,0
365797658,NODE_B0CBD8F33218,wormhole_a,4,B4:BF:E9:34:ED:81,-64,0,0,0,0,0
365897656,NODE_B0CBD8F33218,wormhole_a,4,B4:BF:E9:34:ED:81,-64,0,0,0,0,0
366007660,NODE_B0CBD8F33218,wormhole_a,4,B4:BF:E9:34:ED:81,-64,0,0,0,0,0
366107666,NODE_B0CBD8F33218,wormhole_a,4,B4:BF:E9:34:ED:81,-63,0,0,0,0,0
366207654,NODE_B0CBD8F33218,wormhole_a,4,B4:BF:E9:34:ED:81,-63,0,0,0,0,0
366307656,NODE_B0CBD8F33218,wormhole_a,4,B4:BF:E9:34:ED:81,-63,0,0,0,0,0
366417662,NODE_B0CBD8F33218,wormhole_a,4,B4:BF:E9:34:ED:81,-63,0,0,0,0,0
366517890,NODE_B0CBD8F33218,wormhole_a,4,B4:BF:E9:34:ED:81,-63,0,0,0,0,0
366617659,NODE_B0CBD8F33218,wormhole_a,4,B4:BF:E9:34:ED:81,-63,0,0,0,0,0
366717654,NODE_B0CBD8F33218,wormhole_a,4,B4:BF:E9:34:ED:81,-63,0,0,0,0,0
366827658,NODE_B0CBD8F33218,wormhole_a,4,B4:BF:E9:34:ED:81,-63,0,0,0,0,0
366927654,NODE_B0CBD8F33218,wormhole_a,4,B4:BF:E9:34:ED:81,-63,0,0,0,0,0
367037712,NODE_B0CBD8F33218,wormhole_a,4,B4:BF:E9:34:ED:81,-63,0,0,0,0,0
367137670,NODE_B0CBD8F33218,wormhole_a,4,B4:BF:E9:34:ED:81,-64,0,0,0,0,0
367237654,NODE_B0CBD8F33218,wormhole_a,4,B4:BF:E9:34:ED:81,-64,0,0,0,0,0
367337656,NODE_B0CBD8F33218,wormhole_a,4,B4:BF:E9:34:ED:81,-64,0,0,0,0,0
367447664,NODE_B0CBD8F33218,wormhole_a,4,B4:BF:E9:34:ED:81,-64,0,0,0,0,0
367547658,NODE_B0CBD8F33218,wormhole_a,4,B4:BF:E9:34:ED:81,-64,0,0,0,0,0
367647654,NODE_B0CBD8F33218,wormhole_a,4,B4:BF:E9:34:ED:81,-64,0,0,0,0,0
367747656,NODE_B0CBD8F33218,wormhole_a,4,B4:BF:E9:34:ED:81,-64,0,0,0,0,0
367857666,NODE_B0CBD8F33218,wormhole_a,4,B4:BF:E9:34:ED:81,-64,0,0,0,0,0
367957654,NODE_B0CBD8F33218,wormhole_a,4,B4:BF:E9:34:ED:81,-64,0,0,0,0,0
368067660,NODE_B0CBD8F33218,wormhole_a,4,B4:BF:E9:34:ED:81,-64,0,0,0,0,0
368167669,NODE_B0CBD8F33218,wormhole_a,4,B4:BF:E9:34:ED:81,-63,0,0,0,0,0
368267656,NODE_B0CBD8F33218,wormhole_a,4,B4:BF:E9:34:ED:81,-63,0,0,0,0,0
368367656,NODE_B0CBD8F33218,wormhole_a,4,B4:BF:E9:34:ED:81,-63,0,0,0,0,0
368467665,NODE_B0CBD8F33218,wormhole_a,4,B4:BF:E9:34:ED:81,-63,0,0,0,0,0
368567660,NODE_B0CBD8F33218,wormhole_a,4,B4:BF:E9:34:ED:81,-63,0,0,0,0,0
368677654,NODE_B0CBD8F33218,wormhole_a,4,B4:BF:E9:34:ED:81,-63,0,0,0,0,0
368777659,NODE_B0CBD8F33218,wormhole_a,4,B4:BF:E9:34:ED:81,-63,0,0,0,0,0
368877654,NODE_B0CBD8F33218,wormhole_a,4,B4:BF:E9:34:ED:81,-63,0,0,0,0,0
368987658,NODE_B0CBD8F33218,wormhole_a,4,B4:BF:E9:34:ED:81,-63,0,0,0,0,0
369087666,NODE_B0CBD8F33218,wormhole_a,4,B4:BF:E9:34:ED:81,-63,0,0,0,0,0
369187668,NODE_B0CBD8F33218,wormhole_a,4,B4:BF:E9:34:ED:81,-63,0,0,0,0,0
369297654,NODE_B0CBD8F33218,wormhole_a,4,B4:BF:E9:34:ED:81,-63,0,0,0,0,0
369397654,NODE_B0CBD8F33218,wormhole_a,4,B4:BF:E9:34:ED:81,-63,0,0,0,0,0
369497663,NODE_B0CBD8F33218,wormhole_a,4,B4:BF:E9:34:ED:81,-63,0,0,0,0,0
369597824,NODE_B0CBD8F33218,wormhole_a,4,B4:BF:E9:34:ED:81,-63,0,0,0,0,0
369707654,NODE_B0CBD8F33218,wormhole_a,4,B4:BF:E9:34:ED:81,-63,0,0,0,0,0
369807658,NODE_B0CBD8F33218,wormhole_a,4,B4:BF:E9:34:ED:81,-63,0,0,0,0,0
369907656,NODE_B0CBD8F33218,wormhole_a,4,B4:BF:E9:34:ED:81,-63,0,0,0,0,0
370017658,NODE_B0CBD8F33218,wormhole_a,4,B4:BF:E9:34:ED:81,-63,0,0,0,0,0
370117654,NODE_B0CBD8F33218,wormhole_a,4,B4:BF:E9:34:ED:81,-63,0,0,0,0,0
370217667,NODE_B0CBD8F33218,wormhole_a,4,B4:BF:E9:34:ED:81,-63,0,0,0,0,0
370327656,NODE_B0CBD8F33218,wormhole_a,4,B4:BF:E9:34:ED:81,-63,0,0,0,0,0
370427654,NODE_B0CBD8F33218,wormhole_a,4,B4:BF:E9:34:ED:81,-63,0,0,0,0,0
370527666,NODE_B0CBD8F33218,wormhole_a,4,B4:BF:E9:34:ED:81,-63,0,0,0,0,0
370627656,NODE_B0CBD8F33218,wormhole_a,4,B4:BF:E9:34:ED:81,-63,0,0,0,0,0
370737654,NODE_B0CBD8F33218,wormhole_a,4,B4:BF:E9:34:ED:81,-63,0,0,0,0,0
370837654,NODE_B0CBD8F33218,wormhole_a,4,B4:BF:E9:34:ED:81,-63,0,0,0,0,0
370937656,NODE_B0CBD8F33218,wormhole_a,4,B4:BF:E9:34:ED:81,-63,0,0,0,0,0
371048042,NODE_B0CBD8F33218,wormhole_a,4,B4:BF:E9:34:ED:81,-63,0,0,0,0,0
371147666,NODE_B0CBD8F33218,wormhole_a,4,B4:BF:E9:34:ED:81,-63,0,0,0,0,0
371247666,NODE_B0CBD8F33218,wormhole_a,4,B4:BF:E9:34:ED:81,-63,0,0,0,0,0
371357656,NODE_B0CBD8F33218,wormhole_a,4,B4:BF:E9:34:ED:81,-63,0,0,0,0,0
371457654,NODE_B0CBD8F33218,wormhole_a,4,B4:BF:E9:34:ED:81,-63,0,0,0,0,0
371557680,NODE_B0CBD8F33218,wormhole_a,4,B4:BF:E9:34:ED:81,-63,0,0,0,0,0
371657667,NODE_B0CBD8F33218,wormhole_a,4,B4:BF:E9:34:ED:81,-63,0,0,0,0,0
371767661,NODE_B0CBD8F33218,wormhole_a,4,B4:BF:E9:34:ED:81,-63,0,0,0,0,0
371867656,NODE_B0CBD8F33218,wormhole_a,4,B4:BF:E9:34:ED:81,-63,0,0,0,0,0
371967656,NODE_B0CBD8F33218,wormhole_a,4,B4:BF:E9:34:ED:81,-63,0,0,0,0,0
372077659,NODE_B0CBD8F33218,wormhole_a,4,B4:BF:E9:34:ED:81,-63,0,0,0,0,0
372177654,NODE_B0CBD8F33218,wormhole_a,4,B4:BF:E9:34:ED:81,-63,0,0,0,0,0
372277666,NODE_B0CBD8F33218,wormhole_a,4,B4:BF:E9:34:ED:81,-63,0,0,0,0,0
372387654,NODE_B0CBD8F33218,wormhole_a,4,B4:BF:E9:34:ED:81,-63,0,0,0,0,0
372487656,NODE_B0CBD8F33218,wormhole_a,4,B4:BF:E9:34:ED:81,-63,0,0,0,0,0
372587666,NODE_B0CBD8F33218,wormhole_a,4,B4:BF:E9:34:ED:81,-63,0,0,0,0,0
372687654,NODE_B0CBD8F33218,wormhole_a,4,B4:BF:E9:34:ED:81,-63,0,0,0,0,0
372797659,NODE_B0CBD8F33218,wormhole_a,4,B4:BF:E9:34:ED:81,-63,0,0,0,0,0
372897654,NODE_B0CBD8F33218,wormhole_a,4,B4:BF:E9:34:ED:81,-63,0,0,0,0,0
372997658,NODE_B0CBD8F33218,wormhole_a,4,B4:BF:E9:34:ED:81,-63,0,0,0,0,0
373107666,NODE_B0CBD8F33218,wormhole_a,4,B4:BF:E9:34:ED:81,-63,0,0,0,0,0
373207664,NODE_B0CBD8F33218,wormhole_a,4,B4:BF:E9:34:ED:81,-63,0,0,0,0,0
373307666,NODE_B0CBD8F33218,wormhole_a,4,B4:BF:E9:34:ED:81,-64,0,0,0,0,0
373417654,NODE_B0CBD8F33218,wormhole_a,4,B4:BF:E9:34:ED:81,-64,0,0,0,0,0
373517674,NODE_B0CBD8F33218,wormhole_a,4,B4:BF:E9:34:ED:81,-64,0,0,0,0,0
373617654,NODE_B0CBD8F33218,wormhole_a,4,B4:BF:E9:34:ED:81,-64,0,0,0,0,0
373717654,NODE_B0CBD8F33218,wormhole_a,4,B4:BF:E9:34:ED:81,-64,0,0,0,0,0
373817659,NODE_B0CBD8F33218,wormhole_a,4,B4:BF:E9:34:ED:81,-64,0,0,0,0,0
373917654,NODE_B0CBD8F33218,wormhole_a,4,B4:BF:E9:34:ED:81,-64,0,0,0,0,0
374027730,NODE_B0CBD8F33218,wormhole_a,4,B4:BF:E9:34:ED:81,-64,0,0,0,0,0
374127654,NODE_B0CBD8F33218,wormhole_a,4,B4:BF:E9:34:ED:81,-64,0,0,0,0,0
374238429,NODE_B0CBD8F33218,wormhole_a,4,B4:BF:E9:34:ED:81,-62,0,0,0,0,0
374337662,NODE_B0CBD8F33218,wormhole_a,4,B4:BF:E9:34:ED:81,-62,0,0,0,0,0
374447654,NODE_B0CBD8F33218,wormhole_a,4,B4:BF:E9:34:ED:81,-62,0,0,0,0,0
374547666,NODE_B0CBD8F33218,wormhole_a,4,B4:BF:E9:34:ED:81,-62,0,0,0,0,0
374647656,NODE_B0CBD8F33218,wormhole_a,4,B4:BF:E9:34:ED:81,-62,0,0,0,0,0
374747666,NODE_B0CBD8F33218,wormhole_a,4,B4:BF:E9:34:ED:81,-62,0,0,0,0,0
374847654,NODE_B0CBD8F33218,wormhole_a,4,B4:BF:E9:34:ED:81,-62,0,0,0,0,0
374947656,NODE_B0CBD8F33218,wormhole_a,4,B4:BF:E9:34:ED:81,-62,0,0,0,0,0
375057670,NODE_B0CBD8F33218,wormhole_a,4,B4:BF:E9:34:ED:81,-62,0,0,0,0,0
375157654,NODE_B0CBD8F33218,wormhole_a,4,B4:BF:E9:34:ED:81,-62,0,0,0,0,0
375267668,NODE_B0CBD8F33218,wormhole_a,4,B4:BF:E9:34:ED:81,-63,0,0,0,0,0
375367665,NODE_B0CBD8F33218,wormhole_a,4,B4:BF:E9:34:ED:81,-63,0,0,0,0,0
375467656,NODE_B0CBD8F33218,wormhole_a,4,B4:BF:E9:34:ED:81,-63,0,0,0,0,0
375567668,NODE_B0CBD8F33218,wormhole_a,4,B4:BF:E9:34:ED:81,-63,0,0,0,0,0
375677656,NODE_B0CBD8F33218,wormhole_a,4,B4:BF:E9:34:ED:81,-63,0,0,0,0,0
375777658,NODE_B0CBD8F33218,wormhole_a,4,B4:BF:E9:34:ED:81,-63,0,0,0,0,0
375877654,NODE_B0CBD8F33218,wormhole_a,4,B4:BF:E9:34:ED:81,-63,0,0,0,0,0
375977659,NODE_B0CBD8F33218,wormhole_a,4,B4:BF:E9:34:ED:81,-63,0,0,0,0,0
376087656,NODE_B0CBD8F33218,wormhole_a,4,B4:BF:E9:34:ED:81,-63,0,0,0,0,0
376187654,NODE_B0CBD8F33218,wormhole_a,4,B4:BF:E9:34:ED:81,-63,0,0,0,0,0
376297666,NODE_B0CBD8F33218,wormhole_a,4,B4:BF:E9:34:ED:81,-63,0,0,0,0,0
376397656,NODE_B0CBD8F33218,wormhole_a,4,B4:BF:E9:34:ED:81,-63,0,0,0,0,0
376497654,NODE_B0CBD8F33218,wormhole_a,4,B4:BF:E9:34:ED:81,-63,0,0,0,0,0
376597666,NODE_B0CBD8F33218,wormhole_a,4,B4:BF:E9:34:ED:81,-63,0,0,0,0,0
376707654,NODE_B0CBD8F33218,wormhole_a,4,B4:BF:E9:34:ED:81,-63,0,0,0,0,0
376807660,NODE_B0CBD8F33218,wormhole_a,4,B4:BF:E9:34:ED:81,-63,0,0,0,0,0
376907654,NODE_B0CBD8F33218,wormhole_a,4,B4:BF:E9:34:ED:81,-63,0,0,0,0,0
377007658,NODE_B0CBD8F33218,wormhole_a,4,B4:BF:E9:34:ED:81,-63,0,0,0,0,0
377117667,NODE_B0CBD8F33218,wormhole_a,4,B4:BF:E9:34:ED:81,-63,0,0,0,0,0
377217654,NODE_B0CBD8F33218,wormhole_a,4,B4:BF:E9:34:ED:81,-63,0,0,0,0,0
377327666,NODE_B0CBD8F33218,wormhole_a,4,B4:BF:E9:34:ED:81,-63,0,0,0,0,0
377427654,NODE_B0CBD8F33218,wormhole_a,4,B4:BF:E9:34:ED:81,-63,0,0,0,0,0
377527660,NODE_B0CBD8F33218,wormhole_a,4,B4:BF:E9:34:ED:81,-63,0,0,0,0,0
377627662,NODE_B0CBD8F33218,wormhole_a,4,B4:BF:E9:34:ED:81,-63,0,0,0,0,0
377737666,NODE_B0CBD8F33218,wormhole_a,4,B4:BF:E9:34:ED:81,-63,0,0,0,0,0
377837656,NODE_B0CBD8F33218,wormhole_a,4,B4:BF:E9:34:ED:81,-63,0,0,0,0,0
377937654,NODE_B0CBD8F33218,wormhole_a,4,B4:BF:E9:34:ED:81,-63,0,0,0,0,0
378037658,NODE_B0CBD8F33218,wormhole_a,4,B4:BF:E9:34:ED:81,-63,0,0,0,0,0
378147654,NODE_B0CBD8F33218,wormhole_a,4,B4:BF:E9:34:ED:81,-63,0,0,0,0,0
378247656,NODE_B0CBD8F33218,wormhole_a,4,B4:BF:E9:34:ED:81,-63,0,0,0,0,0
378357666,NODE_B0CBD8F33218,wormhole_a,4,B4:BF:E9:34:ED:81,-63,0,0,0,0,0
378457654,NODE_B0CBD8F33218,wormhole_a,4,B4:BF:E9:34:ED:81,-63,0,0,0,0,0
378557807,NODE_B0CBD8F33218,wormhole_a,4,B4:BF:E9:34:ED:81,-63,0,0,0,0,0
378657662,NODE_B0CBD8F33218,wormhole_a,4,B4:BF:E9:34:ED:81,-63,0,0,0,0,0
378767660,NODE_B0CBD8F33218,wormhole_a,4,B4:BF:E9:34:ED:81,-63,0,0,0,0,0
378867656,NODE_B0CBD8F33218,wormhole_a,4,B4:BF:E9:34:ED:81,-63,0,0,0,0,0
378967657,NODE_B0CBD8F33218,wormhole_a,4,B4:BF:E9:34:ED:81,-63,0,0,0,0,0
379067672,NODE_B0CBD8F33218,wormhole_a,4,B4:BF:E9:34:ED:81,-63,0,0,0,0,0
379177654,NODE_B0CBD8F33218,wormhole_a,4,B4:BF:E9:34:ED:81,-63,0,0,0,0,0
379277656,NODE_B0CBD8F33218,wormhole_a,4,B4:BF:E9:34:ED:81,-63,0,0,0,0,0
379387668,NODE_B0CBD8F33218,wormhole_a,4,B4:BF:E9:34:ED:81,-64,0,0,0,0,0
379487654,NODE_B0CBD8F33218,wormhole_a,4,B4:BF:E9:34:ED:81,-64,0,0,0,0,0
379587658,NODE_B0CBD8F33218,wormhole_a,4,B4:BF:E9:34:ED:81,-64,0,0,0,0,0
379687664,NODE_B0CBD8F33218,wormhole_a,4,B4:BF:E9:34:ED:81,-64,0,0,0,0,0
379787658,NODE_B0CBD8F33218,wormhole_a,4,B4:BF:E9:34:ED:81,-64,0,0,0,0,0
379887654,NODE_B0CBD8F33218,wormhole_a,4,B4:BF:E9:34:ED:81,-64,0,0,0,0,0
379997659,NODE_B0CBD8F33218,wormhole_a,4,B4:BF:E9:34:ED:81,-64,0,0,0,0,0
380097654,NODE_B0CBD8F33218,wormhole_a,4,B4:BF:E9:34:ED:81,-64,0,0,0,0,0
380197654,NODE_B0CBD8F33218,wormhole_a,4,B4:BF:E9:34:ED:81,-64,0,0,0,0,0
380307654,NODE_B0CBD8F33218,wormhole_a,4,B4:BF:E9:34:ED:81,-64,0,0,0,0,0
380407668,NODE_B0CBD8F33218,wormhole_a,4,B4:BF:E9:34:ED:81,-64,0,0,0,0,0
380507654,NODE_B0CBD8F33218,wormhole_a,4,B4:BF:E9:34:ED:81,-64,0,0,0,0,0
380617658,NODE_B0CBD8F33218,wormhole_a,4,B4:BF:E9:34:ED:81,-64,0,0,0,0,0
380717667,NODE_B0CBD8F33218,wormhole_a,4,B4:BF:E9:34:ED:81,-64,0,0,0,0,0
380817654,NODE_B0CBD8F33218,wormhole_a,4,B4:BF:E9:34:ED:81,-64,0,0,0,0,0
380917654,NODE_B0CBD8F33218,wormhole_a,4,B4:BF:E9:34:ED:81,-64,0,0,0,0,0
381027658,NODE_B0CBD8F33218,wormhole_a,4,B4:BF:E9:34:ED:81,-64,0,0,0,0,0
381127668,NODE_B0CBD8F33218,wormhole_a,4,B4:BF:E9:34:ED:81,-64,0,0,0,0,0
381227654,NODE_B0CBD8F33218,wormhole_a,4,B4:BF:E9:34:ED:81,-64,0,0,0,0,0
381337654,NODE_B0CBD8F33218,wormhole_a,4,B4:BF:E9:34:ED:81,-64,0,0,0,0,0
381437667,NODE_B0CBD8F33218,wormhole_a,4,B4:BF:E9:34:ED:81,-64,0,0,0,0,0
381537658,NODE_B0CBD8F33218,wormhole_a,4,B4:BF:E9:34:ED:81,-64,0,0,0,0,0
381647654,NODE_B0CBD8F33218,wormhole_a,4,B4:BF:E9:34:ED:81,-64,0,0,0,0,0
381747666,NODE_B0CBD8F33218,wormhole_a,4,B4:BF:E9:34:ED:81,-64,0,0,0,0,0
381847656,NODE_B0CBD8F33218,wormhole_a,4,B4:BF:E9:34:ED:81,-64,0,0,0,0,0
381947654,NODE_B0CBD8F33218,wormhole_a,4,B4:BF:E9:34:ED:81,-64,0,0,0,0,0
382057658,NODE_B0CBD8F33218,wormhole_a,4,B4:BF:E9:34:ED:81,-64,0,0,0,0,0
382157656,NODE_B0CBD8F33218,wormhole_a,4,B4:BF:E9:34:ED:81,-64,0,0,0,0,0
382257654,NODE_B0CBD8F33218,wormhole_a,4,B4:BF:E9:34:ED:81,-64,0,0,0,0,0
382367656,NODE_B0CBD8F33218,wormhole_a,4,B4:BF:E9:34:ED:81,-64,0,0,0,0,0
382467668,NODE_B0CBD8F33218,wormhole_a,4,B4:BF:E9:34:ED:81,-63,0,0,0,0,0
382567661,NODE_B0CBD8F33218,wormhole_a,4,B4:BF:E9:34:ED:81,-63,0,0,0,0,0
382677654,NODE_B0CBD8F33218,wormhole_a,4,B4:BF:E9:34:ED:81,-63,0,0,0,0,0
382777662,NODE_B0CBD8F33218,wormhole_a,4,B4:BF:E9:34:ED:81,-63,0,0,0,0,0
382877667,NODE_B0CBD8F33218,wormhole_a,4,B4:BF:E9:34:ED:81,-63,0,0,0,0,0
382977658,NODE_B0CBD8F33218,wormhole_a,4,B4:BF:E9:34:ED:81,-63,0,0,0,0,0
383087666,NODE_B0CBD8F33218,wormhole_a,4,B4:BF:E9:34:ED:81,-63,0,0,0,0,0
383187654,NODE_B0CBD8F33218,wormhole_a,4,B4:BF:E9:34:ED:81,-63,0,0,0,0,0
383287656,NODE_B0CBD8F33218,wormhole_a,4,B4:BF:E9:34:ED:81,-63,0,0,0,0,0
383397656,NODE_B0CBD8F33218,wormhole_a,4,B4:BF:E9:34:ED:81,-63,0,0,0,0,0
383497666,NODE_B0CBD8F33218,wormhole_a,4,B4:BF:E9:34:ED:81,-63,0,0,0,0,0
383597659,NODE_B0CBD8F33218,wormhole_a,4,B4:BF:E9:34:ED:81,-63,0,0,0,0,0
383707656,NODE_B0CBD8F33218,wormhole_a,4,B4:BF:E9:34:ED:81,-63,0,0,0,0,0
383807666,NODE_B0CBD8F33218,wormhole_a,4,B4:BF:E9:34:ED:81,-63,0,0,0,0,0
383907654,NODE_B0CBD8F33218,wormhole_a,4,B4:BF:E9:34:ED:81,-63,0,0,0,0,0
384007660,NODE_B0CBD8F33218,wormhole_a,4,B4:BF:E9:34:ED:81,-63,0,0,0,0,0
384117654,NODE_B0CBD8F33218,wormhole_a,4,B4:BF:E9:34:ED:81,-63,0,0,0,0,0
384217654,NODE_B0CBD8F33218,wormhole_a,4,B4:BF:E9:34:ED:81,-63,0,0,0,0,0
384317656,NODE_B0CBD8F33218,wormhole_a,4,B4:BF:E9:34:ED:81,-63,0,0,0,0,0
384427656,NODE_B0CBD8F33218,wormhole_a,4,B4:BF:E9:34:ED:81,-63,0,0,0,0,0
384527666,NODE_B0CBD8F33218,wormhole_a,4,B4:BF:E9:34:ED:81,-64,0,0,0,0,0
384627654,NODE_B0CBD8F33218,wormhole_a,4,B4:BF:E9:34:ED:81,-64,0,0,0,0,0
384737656,NODE_B0CBD8F33218,wormhole_a,4,B4:BF:E9:34:ED:81,-64,0,0,0,0,0
384837666,NODE_B0CBD8F33218,wormhole_a,4,B4:BF:E9:34:ED:81,-64,0,0,0,0,0
384937654,NODE_B0CBD8F33218,wormhole_a,4,B4:BF:E9:34:ED:81,-64,0,0,0,0,0
385037659,NODE_B0CBD8F33218,wormhole_a,4,B4:BF:E9:34:ED:81,-64,0,0,0,0,0
385137666,NODE_B0CBD8F33218,wormhole_a,4,B4:BF:E9:34:ED:81,-64,0,0,0,0,0
385237654,NODE_B0CBD8F33218,wormhole_a,4,B4:BF:E9:34:ED:81,-64,0,0,0,0,0
385347654,NODE_B0CBD8F33218,wormhole_a,4,B4:BF:E9:34:ED:81,-64,0,0,0,0,0
385447656,NODE_B0CBD8F33218,wormhole_a,4,B4:BF:E9:34:ED:81,-64,0,0,0,0,0
385557666,NODE_B0CBD8F33218,wormhole_a,4,B4:BF:E9:34:ED:81,-63,0,0,0,0,0
385657654,NODE_B0CBD8F33218,wormhole_a,4,B4:BF:E9:34:ED:81,-63,0,0,0,0,0
385767656,NODE_B0CBD8F33218,wormhole_a,4,B4:BF:E9:34:ED:81,-63,0,0,0,0,0
385867669,NODE_B0CBD8F33218,wormhole_a,4,B4:BF:E9:34:ED:81,-63,0,0,0,0,0
385967656,NODE_B0CBD8F33218,wormhole_a,4,B4:BF:E9:34:ED:81,-63,0,0,0,0,0
386067660,NODE_B0CBD8F33218,wormhole_a,4,B4:BF:E9:34:ED:81,-63,0,0,0,0,0
386167657,NODE_B0CBD8F33218,wormhole_a,4,B4:BF:E9:34:ED:81,-63,0,0,0,0,0
386267656,NODE_B0CBD8F33218,wormhole_a,4,B4:BF:E9:34:ED:81,-63,0,0,0,0,0
386377654,NODE_B0CBD8F33218,wormhole_a,4,B4:BF:E9:34:ED:81,-63,0,0,0,0,0
386477656,NODE_B0CBD8F33218,wormhole_a,4,B4:BF:E9:34:ED:81,-63,0,0,0,0,0
386587668,NODE_B0CBD8F33218,wormhole_a,4,B4:BF:E9:34:ED:81,-64,0,0,0,0,0
386687654,NODE_B0CBD8F33218,wormhole_a,4,B4:BF:E9:34:ED:81,-64,0,0,0,0,0
386787666,NODE_B0CBD8F33218,wormhole_a,4,B4:BF:E9:34:ED:81,-64,0,0,0,0,0
386887656,NODE_B0CBD8F33218,wormhole_a,4,B4:BF:E9:34:ED:81,-64,0,0,0,0,0
386997666,NODE_B0CBD8F33218,wormhole_a,4,B4:BF:E9:34:ED:81,-64,0,0,0,0,0
387097666,NODE_B0CBD8F33218,wormhole_a,4,B4:BF:E9:34:ED:81,-64,0,0,0,0,0
387197656,NODE_B0CBD8F33218,wormhole_a,4,B4:BF:E9:34:ED:81,-64,0,0,0,0,0
387297654,NODE_B0CBD8F33218,wormhole_a,4,B4:BF:E9:34:ED:81,-64,0,0,0,0,0
387407654,NODE_B0CBD8F33218,wormhole_a,4,B4:BF:E9:34:ED:81,-64,0,0,0,0,0
387507654,NODE_B0CBD8F33218,wormhole_a,4,B4:BF:E9:34:ED:81,-64,0,0,0,0,0
387617667,NODE_B0CBD8F33218,wormhole_a,4,B4:BF:E9:34:ED:81,-63,0,0,0,0,0
387717654,NODE_B0CBD8F33218,wormhole_a,4,B4:BF:E9:34:ED:81,-63,0,0,0,0,0
387817658,NODE_B0CBD8F33218,wormhole_a,4,B4:BF:E9:34:ED:81,-63,0,0,0,0,0
387917656,NODE_B0CBD8F33218,wormhole_a,4,B4:BF:E9:34:ED:81,-63,0,0,0,0,0
388027668,NODE_B0CBD8F33218,wormhole_a,4,B4:BF:E9:34:ED:81,-63,0,0,0,0,0
388127654,NODE_B0CBD8F33218,wormhole_a,4,B4:BF:E9:34:ED:81,-63,0,0,0,0,0
388227654,NODE_B0CBD8F33218,wormhole_a,4,B4:BF:E9:34:ED:81,-63,0,0,0,0,0
388327656,NODE_B0CBD8F33218,wormhole_a,4,B4:BF:E9:34:ED:81,-63,0,0,0,0,0
388437654,NODE_B0CBD8F33218,wormhole_a,4,B4:BF:E9:34:ED:81,-63,0,0,0,0,0
388537658,NODE_B0CBD8F33218,wormhole_a,4,B4:BF:E9:34:ED:81,-63,0,0,0,0,0
388647666,NODE_B0CBD8F33218,wormhole_a,4,B4:BF:E9:34:ED:81,-64,0,0,0,0,0
388747656,NODE_B0CBD8F33218,wormhole_a,4,B4:BF:E9:34:ED:81,-64,0,0,0,0,0
388847658,NODE_B0CBD8F33218,wormhole_a,4,B4:BF:E9:34:ED:81,-64,0,0,0,0,0
388947654,NODE_B0CBD8F33218,wormhole_a,4,B4:BF:E9:34:ED:81,-64,0,0,0,0,0
389057679,NODE_B0CBD8F33218,wormhole_a,4,B4:BF:E9:34:ED:81,-64,0,0,0,0,0
389157654,NODE_B0CBD8F33218,wormhole_a,4,B4:BF:E9:34:ED:81,-64,0,0,0,0,0
389257654,NODE_B0CBD8F33218,wormhole_a,4,B4:BF:E9:34:ED:81,-64,0,0,0,0,0
389357656,NODE_B0CBD8F33218,wormhole_a,4,B4:BF:E9:34:ED:81,-64,0,0,0,0,0
389467657,NODE_B0CBD8F33218,wormhole_a,4,B4:BF:E9:34:ED:81,-64,0,0,0,0,0
389567660,NODE_B0CBD8F33218,wormhole_a,4,B4:BF:E9:34:ED:81,-64,0,0,0,0,0
389677666,NODE_B0CBD8F33218,wormhole_a,4,B4:BF:E9:34:ED:81,-63,0,0,0,0,0
389777659,NODE_B0CBD8F33218,wormhole_a,4,B4:BF:E9:34:ED:81,-63,0,0,0,0,0
389877662,NODE_B0CBD8F33218,wormhole_a,4,B4:BF:E9:34:ED:81,-63,0,0,0,0,0
389977658,NODE_B0CBD8F33218,wormhole_a,4,B4:BF:E9:34:ED:81,-63,0,0,0,0,0
390087662,NODE_B0CBD8F33218,wormhole_a,4,B4:BF:E9:34:ED:81,-63,0,0,0,0,0
390187656,NODE_B0CBD8F33218,wormhole_a,4,B4:BF:E9:34:ED:81,-63,0,0,0,0,0
390287654,NODE_B0CBD8F33218,wormhole_a,4,B4:BF:E9:34:ED:81,-63,0,0,0,0,0
390387654,NODE_B0CBD8F33218,wormhole_a,4,B4:BF:E9:34:ED:81,-63,0,0,0,0,0
390497656,NODE_B0CBD8F33218,wormhole_a,4,B4:BF:E9:34:ED:81,-63,0,0,0,0,0
390597658,NODE_B0CBD8F33218,wormhole_a,4,B4:BF:E9:34:ED:81,-63,0,0,0,0,0
390707658,NODE_B0CBD8F33218,wormhole_a,4,B4:BF:E9:34:ED:81,-63,0,0,0,0,0
390807654,NODE_B0CBD8F33218,wormhole_a,4,B4:BF:E9:34:ED:81,-63,0,0,0,0,0
390907656,NODE_B0CBD8F33218,wormhole_a,4,B4:BF:E9:34:ED:81,-63,0,0,0,0,0
391007658,NODE_B0CBD8F33218,wormhole_a,4,B4:BF:E9:34:ED:81,-63,0,0,0,0,0
391107674,NODE_B0CBD8F33218,wormhole_a,4,B4:BF:E9:34:ED:81,-63,0,0,0,0,0
391207656,NODE_B0CBD8F33218,wormhole_a,4,B4:BF:E9:34:ED:81,-63,0,0,0,0,0
391317654,NODE_B0CBD8F33218,wormhole_a,4,B4:BF:E9:34:ED:81,-63,0,0,0,0,0
391417654,NODE_B0CBD8F33218,wormhole_a,4,B4:BF:E9:34:ED:81,-63,0,0,0,0,0
391517659,NODE_B0CBD8F33218,wormhole_a,4,B4:BF:E9:34:ED:81,-63,0,0,0,0,0
391627656,NODE_B0CBD8F33218,wormhole_a,4,B4:BF:E9:34:ED:81,-63,0,0,0,0,0
391727666,NODE_B0CBD8F33218,wormhole_a,4,B4:BF:E9:34:ED:81,-63,0,0,0,0,0
391827658,NODE_B0CBD8F33218,wormhole_a,4,B4:BF:E9:34:ED:81,-63,0,0,0,0,0
391937656,NODE_B0CBD8F33218,wormhole_a,4,B4:BF:E9:34:ED:81,-63,0,0,0,0,0
392037658,NODE_B0CBD8F33218,wormhole_a,4,B4:BF:E9:34:ED:81,-63,0,0,0,0,0
392137662,NODE_B0CBD8F33218,wormhole_a,4,B4:BF:E9:34:ED:81,-63,0,0,0,0,0
392237656,NODE_B0CBD8F33218,wormhole_a,4,B4:BF:E9:34:ED:81,-63,0,0,0,0,0
392347656,NODE_B0CBD8F33218,wormhole_a,4,B4:BF:E9:34:ED:81,-63,0,0,0,0,0
392447654,NODE_B0CBD8F33218,wormhole_a,4,B4:BF:E9:34:ED:81,-63,0,0,0,0,0
392547658,NODE_B0CBD8F33218,wormhole_a,4,B4:BF:E9:34:ED:81,-63,0,0,0,0,0
392657656,NODE_B0CBD8F33218,wormhole_a,4,B4:BF:E9:34:ED:81,-63,0,0,0,0,0
392757666,NODE_B0CBD8F33218,wormhole_a,4,B4:BF:E9:34:ED:81,-63,0,0,0,0,0
392857654,NODE_B0CBD8F33218,wormhole_a,4,B4:BF:E9:34:ED:81,-63,0,0,0,0,0
392967656,NODE_B0CBD8F33218,wormhole_a,4,B4:BF:E9:34:ED:81,-63,0,0,0,0,0
393067673,NODE_B0CBD8F33218,wormhole_a,4,B4:BF:E9:34:ED:81,-63,0,0,0,0,0
393167664,NODE_B0CBD8F33218,wormhole_a,4,B4:BF:E9:34:ED:81,-63,0,0,0,0,0
393267656,NODE_B0CBD8F33218,wormhole_a,4,B4:BF:E9:34:ED:81,-63,0,0,0,0,0
393377655,NODE_B0CBD8F33218,wormhole_a,4,B4:BF:E9:34:ED:81,-63,0,0,0,0,0
393477654,NODE_B0CBD8F33218,wormhole_a,4,B4:BF:E9:34:ED:81,-63,0,0,0,0,0
393577658,NODE_B0CBD8F33218,wormhole_a,4,B4:BF:E9:34:ED:81,-63,0,0,0,0,0
393687662,NODE_B0CBD8F33218,wormhole_a,4,B4:BF:E9:34:ED:81,-63,0,0,0,0,0
393787668,NODE_B0CBD8F33218,wormhole_a,4,B4:BF:E9:34:ED:81,-63,0,0,0,0,0
393887654,NODE_B0CBD8F33218,wormhole_a,4,B4:BF:E9:34:ED:81,-63,0,0,0,0,0
393997658,NODE_B0CBD8F33218,wormhole_a,4,B4:BF:E9:34:ED:81,-63,0,0,0,0,0
394097656,NODE_B0CBD8F33218,wormhole_a,4,B4:BF:E9:34:ED:81,-63,0,0,0,0,0
394197662,NODE_B0CBD8F33218,wormhole_a,4,B4:BF:E9:34:ED:81,-63,0,0,0,0,0
394297654,NODE_B0CBD8F33218,wormhole_a,4,B4:BF:E9:34:ED:81,-63,0,0,0,0,0
394407654,NODE_B0CBD8F33218,wormhole_a,4,B4:BF:E9:34:ED:81,-63,0,0,0,0,0
394507656,NODE_B0CBD8F33218,wormhole_a,4,B4:BF:E9:34:ED:81,-63,0,0,0,0,0
394607658,NODE_B0CBD8F33218,wormhole_a,4,B4:BF:E9:34:ED:81,-63,0,0,0,0,0
394718330,NODE_B0CBD8F33218,wormhole_a,4,B4:BF:E9:34:ED:81,-63,0,0,0,0,0
394817667,NODE_B0CBD8F33218,wormhole_a,4,B4:BF:E9:34:ED:81,-63,0,0,0,0,0
394917689,NODE_B0CBD8F33218,wormhole_a,4,B4:BF:E9:34:ED:81,-63,0,0,0,0,0
395027658,NODE_B0CBD8F33218,wormhole_a,4,B4:BF:E9:34:ED:81,-63,0,0,0,0,0
395127666,NODE_B0CBD8F33218,wormhole_a,4,B4:BF:E9:34:ED:81,-63,0,0,0,0,0
395227664,NODE_B0CBD8F33218,wormhole_a,4,B4:BF:E9:34:ED:81,-63,0,0,0,0,0
395327654,NODE_B0CBD8F33218,wormhole_a,4,B4:BF:E9:34:ED:81,-63,0,0,0,0,0
395437654,NODE_B0CBD8F33218,wormhole_a,4,B4:BF:E9:34:ED:81,-63,0,0,0,0,0
395537659,NODE_B0CBD8F33218,wormhole_a,4,B4:BF:E9:34:ED:81,-63,0,0,0,0,0
395637654,NODE_B0CBD8F33218,wormhole_a,4,B4:BF:E9:34:ED:81,-63,0,0,0,0,0
395747666,NODE_B0CBD8F33218,wormhole_a,4,B4:BF:E9:34:ED:81,-63,0,0,0,0,0
395847670,NODE_B0CBD8F33218,wormhole_a,4,B4:BF:E9:34:ED:81,-63,0,0,0,0,0
395947656,NODE_B0CBD8F33218,wormhole_a,4,B4:BF:E9:34:ED:81,-63,0,0,0,0,0
396057658,NODE_B0CBD8F33218,wormhole_a,4,B4:BF:E9:34:ED:81,-63,0,0,0,0,0
396157654,NODE_B0CBD8F33218,wormhole_a,4,B4:BF:E9:34:ED:81,-63,0,0,0,0,0
396257663,NODE_B0CBD8F33218,wormhole_a,4,B4:BF:E9:34:ED:81,-63,0,0,0,0,0
396357654,NODE_B0CBD8F33218,wormhole_a,4,B4:BF:E9:34:ED:81,-63,0,0,0,0,0
396457654,NODE_B0CBD8F33218,wormhole_a,4,B4:BF:E9:34:ED:81,-63,0,0,0,0,0
396557659,NODE_B0CBD8F33218,wormhole_a,4,B4:BF:E9:34:ED:81,-63,0,0,0,0,0
396667657,NODE_B0CBD8F33218,wormhole_a,4,B4:BF:E9:34:ED:81,-63,0,0,0,0,0
396767668,NODE_B0CBD8F33218,wormhole_a,4,B4:BF:E9:34:ED:81,-63,0,0,0,0,0
396877654,NODE_B0CBD8F33218,wormhole_a,4,B4:BF:E9:34:ED:81,-63,0,0,0,0,0
396977659,NODE_B0CBD8F33218,wormhole_a,4,B4:BF:E9:34:ED:81,-63,0,0,0,0,0
397087668,NODE_B0CBD8F33218,wormhole_a,4,B4:BF:E9:34:ED:81,-63,0,0,0,0,0
397187654,NODE_B0CBD8F33218,wormhole_a,4,B4:BF:E9:34:ED:81,-63,0,0,0,0,0
397287662,NODE_B0CBD8F33218,wormhole_a,4,B4:BF:E9:34:ED:81,-63,0,0,0,0,0
397387656,NODE_B0CBD8F33218,wormhole_a,4,B4:BF:E9:34:ED:81,-63,0,0,0,0,0
397487654,NODE_B0CBD8F33218,wormhole_a,4,B4:BF:E9:34:ED:81,-63,0,0,0,0,0
397587658,NODE_B0CBD8F33218,wormhole_a,4,B4:BF:E9:34:ED:81,-63,0,0,0,0,0
397697656,NODE_B0CBD8F33218,wormhole_a,4,B4:BF:E9:34:ED:81,-63,0,0,0,0,0
397797666,NODE_B0CBD8F33218,wormhole_a,4,B4:BF:E9:34:ED:81,-63,0,0,0,0,0
397907666,NODE_B0CBD8F33218,wormhole_a,4,B4:BF:E9:34:ED:81,-63,0,0,0,0,0
398007658,NODE_B0CBD8F33218,wormhole_a,4,B4:BF:E9:34:ED:81,-63,0,0,0,0,0
398107656,NODE_B0CBD8F33218,wormhole_a,4,B4:BF:E9:34:ED:81,-63,0,0,0,0,0
398207654,NODE_B0CBD8F33218,wormhole_a,4,B4:BF:E9:34:ED:81,-63,0,0,0,0,0
398317662,NODE_B0CBD8F33218,wormhole_a,4,B4:BF:E9:34:ED:81,-63,0,0,0,0,0
398417656,NODE_B0CBD8F33218,wormhole_a,4,B4:BF:E9:34:ED:81,-63,0,0,0,0,0
398517658,NODE_B0CBD8F33218,wormhole_a,4,B4:BF:E9:34:ED:81,-63,0,0,0,0,0
398617654,NODE_B0CBD8F33218,wormhole_a,4,B4:BF:E9:34:ED:81,-63,0,0,0,0,0
398727658,NODE_B0CBD8F33218,wormhole_a,4,B4:BF:E9:34:ED:81,-63,0,0,0,0,0
398827668,NODE_B0CBD8F33218,wormhole_a,4,B4:BF:E9:34:ED:81,-64,0,0,0,0,0
398937654,NODE_B0CBD8F33218,wormhole_a,4,B4:BF:E9:34:ED:81,-64,0,0,0,0,0
399037658,NODE_B0CBD8F33218,wormhole_a,4,B4:BF:E9:34:ED:81,-64,0,0,0,0,0
399137667,NODE_B0CBD8F33218,wormhole_a,4,B4:BF:E9:34:ED:81,-64,0,0,0,0,0
399237654,NODE_B0CBD8F33218,wormhole_a,4,B4:BF:E9:34:ED:81,-64,0,0,0,0,0
399347662,NODE_B0CBD8F33218,wormhole_a,4,B4:BF:E9:34:ED:81,-64,0,0,0,0,0
399447877,NODE_B0CBD8F33218,wormhole_a,4,B4:BF:E9:34:ED:81,-64,0,0,0,0,0
399547660,NODE_B0CBD8F33218,wormhole_a,4,B4:BF:E9:34:ED:81,-64,0,0,0,0,0
399647654,NODE_B0CBD8F33218,wormhole_a,4,B4:BF:E9:34:ED:81,-64,0,0,0,0,0
399757658,NODE_B0CBD8F33218,wormhole_a,4,B4:BF:E9:34:ED:81,-64,0,0,0,0,0
399857667,NODE_B0CBD8F33218,wormhole_a,4,B4:BF:E9:34:ED:81,-64,0,0,0,0,0
399967665,NODE_B0CBD8F33218,wormhole_a,4,B4:BF:E9:34:ED:81,-64,0,0,0,0,0
400067660,NODE_B0CBD8F33218,wormhole_a,4,B4:BF:E9:34:ED:81,-64,0,0,0,0,0
400167656,NODE_B0CBD8F33218,wormhole_a,4,B4:BF:E9:34:ED:81,-64,0,0,0,0,0
400267657,NODE_B0CBD8F33218,wormhole_a,4,B4:BF:E9:34:ED:81,-64,0,0,0,0,0
400377662,NODE_B0CBD8F33218,wormhole_a,4,B4:BF:E9:34:ED:81,-64,0,0,0,0,0
400477654,NODE_B0CBD8F33218,wormhole_a,4,B4:BF:E9:34:ED:81,-64,0,0,0,0,0
400577659,NODE_B0CBD8F33218,wormhole_a,4,B4:BF:E9:34:ED:81,-64,0,0,0,0,0
400677654,NODE_B0CBD8F33218,wormhole_a,4,B4:BF:E9:34:ED:81,-64,0,0,0,0,0
400787654,NODE_B0CBD8F33218,wormhole_a,4,B4:BF:E9:34:ED:81,-64,0,0,0,0,0
400887666,NODE_B0CBD8F33218,wormhole_a,4,B4:BF:E9:34:ED:81,-63,0,0,0,0,0
400997659,NODE_B0CBD8F33218,wormhole_a,4,B4:BF:E9:34:ED:81,-63,0,0,0,0,0
401097666,NODE_B0CBD8F33218,wormhole_a,4,B4:BF:E9:34:ED:81,-63,0,0,0,0,0
401197654,NODE_B0CBD8F33218,wormhole_a,4,B4:BF:E9:34:ED:81,-63,0,0,0,0,0
401297656,NODE_B0CBD8F33218,wormhole_a,4,B4:BF:E9:34:ED:81,-63,0,0,0,0,0
401397662,NODE_B0CBD8F33218,wormhole_a,4,B4:BF:E9:34:ED:81,-63,0,0,0,0,0
401497654,NODE_B0CBD8F33218,wormhole_a,4,B4:BF:E9:34:ED:81,-63,0,0,0,0,0
401607658,NODE_B0CBD8F33218,wormhole_a,4,B4:BF:E9:34:ED:81,-63,0,0,0,0,0
401707656,NODE_B0CBD8F33218,wormhole_a,4,B4:BF:E9:34:ED:81,-63,0,0,0,0,0
401817658,NODE_B0CBD8F33218,wormhole_a,4,B4:BF:E9:34:ED:81,-63,0,0,0,0,0
401917670,NODE_B0CBD8F33218,wormhole_a,4,B4:BF:E9:34:ED:81,-63,0,0,0,0,0
402027658,NODE_B0CBD8F33218,wormhole_a,4,B4:BF:E9:34:ED:81,-63,0,0,0,0,0
402127656,NODE_B0CBD8F33218,wormhole_a,4,B4:BF:E9:34:ED:81,-63,0,0,0,0,0
402227654,NODE_B0CBD8F33218,wormhole_a,4,B4:BF:E9:34:ED:81,-63,0,0,0,0,0
402327654,NODE_B0CBD8F33218,wormhole_a,4,B4:BF:E9:34:ED:81,-63,0,0,0,0,0
402427664,NODE_B0CBD8F33218,wormhole_a,4,B4:BF:E9:34:ED:81,-63,0,0,0,0,0
402527658,NODE_B0CBD8F33218,wormhole_a,4,B4:BF:E9:34:ED:81,-63,0,0,0,0,0
402637654,NODE_B0CBD8F33218,wormhole_a,4,B4:BF:E9:34:ED:81,-63,0,0,0,0,0
402737656,NODE_B0CBD8F33218,wormhole_a,4,B4:BF:E9:34:ED:81,-63,0,0,0,0,0
402837658,NODE_B0CBD8F33218,wormhole_a,4,B4:BF:E9:34:ED:81,-63,0,0,0,0,0
402947666,NODE_B0CBD8F33218,wormhole_a,4,B4:BF:E9:34:ED:81,-63,0,0,0,0,0
403048032,NODE_B0CBD8F33218,wormhole_a,4,B4:BF:E9:34:ED:81,-63,0,0,0,0,0
403147668,NODE_B0CBD8F33218,wormhole_a,4,B4:BF:E9:34:ED:81,-63,0,0,0,0,0
403257654,NODE_B0CBD8F33218,wormhole_a,4,B4:BF:E9:34:ED:81,-63,0,0,0,0,0
403357654,NODE_B0CBD8F33218,wormhole_a,4,B4:BF:E9:34:ED:81,-63,0,0,0,0,0
403457663,NODE_B0CBD8F33218,wormhole_a,4,B4:BF:E9:34:ED:81,-63,0,0,0,0,0
403557658,NODE_B0CBD8F33218,wormhole_a,4,B4:BF:E9:34:ED:81,-63,0,0,0,0,0
403667656,NODE_B0CBD8F33218,wormhole_a,4,B4:BF:E9:34:ED:81,-63,0,0,0,0,0
403767656,NODE_B0CBD8F33218,wormhole_a,4,B4:BF:E9:34:ED:81,-63,0,0,0,0,0
403867657,NODE_B0CBD8F33218,wormhole_a,4,B4:BF:E9:34:ED:81,-63,0,0,0,0,0
403977666,NODE_B0CBD8F33218,wormhole_a,4,B4:BF:E9:34:ED:81,-64,0,0,0,0,0
404077658,NODE_B0CBD8F33218,wormhole_a,4,B4:BF:E9:34:ED:81,-64,0,0,0,0,0
404177656,NODE_B0CBD8F33218,wormhole_a,4,B4:BF:E9:34:ED:81,-64,0,0,0,0,0
404287670,NODE_B0CBD8F33218,wormhole_a,4,B4:BF:E9:34:ED:81,-64,0,0,0,0,0
404387654,NODE_B0CBD8F33218,wormhole_a,4,B4:BF:E9:34:ED:81,-64,0,0,0,0,0
404487662,NODE_B0CBD8F33218,wormhole_a,4,B4:BF:E9:34:ED:81,-64,0,0,0,0,0
404587660,NODE_B0CBD8F33218,wormhole_a,4,B4:BF:E9:34:ED:81,-64,0,0,0,0,0
404697654,NODE_B0CBD8F33218,wormhole_a,4,B4:BF:E9:34:ED:81,-64,0,0,0,0,0
404797658,NODE_B0CBD8F33218,wormhole_a,4,B4:BF:E9:34:ED:81,-64,0,0,0,0,0
404897656,NODE_B0CBD8F33218,wormhole_a,4,B4:BF:E9:34:ED:81,-64,0,0,0,0,0
405007668,NODE_B0CBD8F33218,wormhole_a,4,B4:BF:E9:34:ED:81,-64,0,0,0,0,0
405107666,NODE_B0CBD8F33218,wormhole_a,4,B4:BF:E9:34:ED:81,-64,0,0,0,0,0
405207654,NODE_B0CBD8F33218,wormhole_a,4,B4:BF:E9:34:ED:81,-64,0,0,0,0,0
405317656,NODE_B0CBD8F33218,wormhole_a,4,B4:BF:E9:34:ED:81,-64,0,0,0,0,0
405417654,NODE_B0CBD8F33218,wormhole_a,4,B4:BF:E9:34:ED:81,-64,0,0,0,0,0
405517666,NODE_B0CBD8F33218,wormhole_a,4,B4:BF:E9:34:ED:81,-64,0,0,0,0,0
405617656,NODE_B0CBD8F33218,wormhole_a,4,B4:BF:E9:34:ED:81,-64,0,0,0,0,0
405727656,NODE_B0CBD8F33218,wormhole_a,4,B4:BF:E9:34:ED:81,-64,0,0,0,0,0
405827658,NODE_B0CBD8F33218,wormhole_a,4,B4:BF:E9:34:ED:81,-64,0,0,0,0,0
405927654,NODE_B0CBD8F33218,wormhole_a,4,B4:BF:E9:34:ED:81,-64,0,0,0,0,0
406037667,NODE_B0CBD8F33218,wormhole_a,4,B4:BF:E9:34:ED:81,-64,0,0,0,0,0
406137654,NODE_B0CBD8F33218,wormhole_a,4,B4:BF:E9:34:ED:81,-64,0,0,0,0,0
406237654,NODE_B0CBD8F33218,wormhole_a,4,B4:BF:E9:34:ED:81,-64,0,0,0,0,0
406347654,NODE_B0CBD8F33218,wormhole_a,4,B4:BF:E9:34:ED:81,-64,0,0,0,0,0
406447656,NODE_B0CBD8F33218,wormhole_a,4,B4:BF:E9:34:ED:81,-64,0,0,0,0,0
406547666,NODE_B0CBD8F33218,wormhole_a,4,B4:BF:E9:34:ED:81,-64,0,0,0,0,0
406647654,NODE_B0CBD8F33218,wormhole_a,4,B4:BF:E9:34:ED:81,-64,0,0,0,0,0
406757656,NODE_B0CBD8F33218,wormhole_a,4,B4:BF:E9:34:ED:81,-64,0,0,0,0,0
406857658,NODE_B0CBD8F33218,wormhole_a,4,B4:BF:E9:34:ED:81,-64,0,0,0,0,0
406957654,NODE_B0CBD8F33218,wormhole_a,4,B4:BF:E9:34:ED:81,-64,0,0,0,0,0
407067672,NODE_B0CBD8F33218,wormhole_a,4,B4:BF:E9:34:ED:81,-64,0,0,0,0,0
407167657,NODE_B0CBD8F33218,wormhole_a,4,B4:BF:E9:34:ED:81,-64,0,0,0,0,0
407267656,NODE_B0CBD8F33218,wormhole_a,4,B4:BF:E9:34:ED:81,-64,0,0,0,0,0
407377654,NODE_B0CBD8F33218,wormhole_a,4,B4:BF:E9:34:ED:81,-64,0,0,0,0,0
407477656,NODE_B0CBD8F33218,wormhole_a,4,B4:BF:E9:34:ED:81,-64,0,0,0,0,0
407577666,NODE_B0CBD8F33218,wormhole_a,4,B4:BF:E9:34:ED:81,-64,0,0,0,0,0
407677654,NODE_B0CBD8F33218,wormhole_a,4,B4:BF:E9:34:ED:81,-64,0,0,0,0,0
407777659,NODE_B0CBD8F33218,wormhole_a,4,B4:BF:E9:34:ED:81,-64,0,0,0,0,0
407877654,NODE_B0CBD8F33218,wormhole_a,4,B4:BF:E9:34:ED:81,-64,0,0,0,0,0
407987662,NODE_B0CBD8F33218,wormhole_a,4,B4:BF:E9:34:ED:81,-64,0,0,0,0,0
408087666,NODE_B0CBD8F33218,wormhole_a,4,B4:BF:E9:34:ED:81,-63,0,0,0,0,0
408197656,NODE_B0CBD8F33218,wormhole_a,4,B4:BF:E9:34:ED:81,-63,0,0,0,0,0
408297654,NODE_B0CBD8F33218,wormhole_a,4,B4:BF:E9:34:ED:81,-63,0,0,0,0,0
408397654,NODE_B0CBD8F33218,wormhole_a,4,B4:BF:E9:34:ED:81,-63,0,0,0,0,0
408497656,NODE_B0CBD8F33218,wormhole_a,4,B4:BF:E9:34:ED:81,-63,0,0,0,0,0
408607668,NODE_B0CBD8F33218,wormhole_a,4,B4:BF:E9:34:ED:81,-63,0,0,0,0,0
408707654,NODE_B0CBD8F33218,wormhole_a,4,B4:BF:E9:34:ED:81,-63,0,0,0,0,0
408807658,NODE_B0CBD8F33218,wormhole_a,4,B4:BF:E9:34:ED:81,-63,0,0,0,0,0
408907656,NODE_B0CBD8F33218,wormhole_a,4,B4:BF:E9:34:ED:81,-63,0,0,0,0,0
409017658,NODE_B0CBD8F33218,wormhole_a,4,B4:BF:E9:34:ED:81,-63,0,0,0,0,0
409117670,NODE_B0CBD8F33218,wormhole_a,4,B4:BF:E9:34:ED:81,-63,0,0,0,0,0
409227654,NODE_B0CBD8F33218,wormhole_a,4,B4:BF:E9:34:ED:81,-63,0,0,0,0,0
409327656,NODE_B0CBD8F33218,wormhole_a,4,B4:BF:E9:34:ED:81,-63,0,0,0,0,0
409427654,NODE_B0CBD8F33218,wormhole_a,4,B4:BF:E9:34:ED:81,-63,0,0,0,0,0
409527658,NODE_B0CBD8F33218,wormhole_a,4,B4:BF:E9:34:ED:81,-63,0,0,0,0,0
409637663,NODE_B0CBD8F33218,wormhole_a,4,B4:BF:E9:34:ED:81,-63,0,0,0,0,0
409737654,NODE_B0CBD8F33218,wormhole_a,4,B4:BF:E9:34:ED:81,-63,0,0,0,0,0
409837658,NODE_B0CBD8F33218,wormhole_a,4,B4:BF:E9:34:ED:81,-63,0,0,0,0,0
409937656,NODE_B0CBD8F33218,wormhole_a,4,B4:BF:E9:34:ED:81,-63,0,0,0,0,0
410048042,NODE_B0CBD8F33218,wormhole_a,4,B4:BF:E9:34:ED:81,-63,0,0,0,0,0
410147666,NODE_B0CBD8F33218,wormhole_a,4,B4:BF:E9:34:ED:81,-64,0,0,0,0,0
410257654,NODE_B0CBD8F33218,wormhole_a,4,B4:BF:E9:34:ED:81,-64,0,0,0,0,0
410357656,NODE_B0CBD8F33218,wormhole_a,4,B4:BF:E9:34:ED:81,-64,0,0,0,0,0
410457654,NODE_B0CBD8F33218,wormhole_a,4,B4:BF:E9:34:ED:81,-64,0,0,0,0,0
410557658,NODE_B0CBD8F33218,wormhole_a,4,B4:BF:E9:34:ED:81,-64,0,0,0,0,0
410667664,NODE_B0CBD8F33218,wormhole_a,4,B4:BF:E9:34:ED:81,-64,0,0,0,0,0
410767661,NODE_B0CBD8F33218,wormhole_a,4,B4:BF:E9:34:ED:81,-64,0,0,0,0,0
410867656,NODE_B0CBD8F33218,wormhole_a,4,B4:BF:E9:34:ED:81,-64,0,0,0,0,0
410967656,NODE_B0CBD8F33218,wormhole_a,4,B4:BF:E9:34:ED:81,-64,0,0,0,0,0
411077671,NODE_B0CBD8F33218,wormhole_a,4,B4:BF:E9:34:ED:81,-64,0,0,0,0,0
411177666,NODE_B0CBD8F33218,wormhole_a,4,B4:BF:E9:34:ED:81,-64,0,0,0,0,0
411287654,NODE_B0CBD8F33218,wormhole_a,4,B4:BF:E9:34:ED:81,-64,0,0,0,0,0
411387654,NODE_B0CBD8F33218,wormhole_a,4,B4:BF:E9:34:ED:81,-64,0,0,0,0,0
411487656,NODE_B0CBD8F33218,wormhole_a,4,B4:BF:E9:34:ED:81,-64,0,0,0,0,0
411587658,NODE_B0CBD8F33218,wormhole_a,4,B4:BF:E9:34:ED:81,-64,0,0,0,0,0
411697662,NODE_B0CBD8F33218,wormhole_a,4,B4:BF:E9:34:ED:81,-64,0,0,0,0,0
411797659,NODE_B0CBD8F33218,wormhole_a,4,B4:BF:E9:34:ED:81,-64,0,0,0,0,0
411897654,NODE_B0CBD8F33218,wormhole_a,4,B4:BF:E9:34:ED:81,-64,0,0,0,0,0
411997654,NODE_B0CBD8F33218,wormhole_a,4,B4:BF:E9:34:ED:81,-64,0,0,0,0,0
412107658,NODE_B0CBD8F33218,wormhole_a,4,B4:BF:E9:34:ED:81,-64,0,0,0,0,0
412207668,NODE_B0CBD8F33218,wormhole_a,4,B4:BF:E9:34:ED:81,-64,0,0,0,0,0
412317654,NODE_B0CBD8F33218,wormhole_a,4,B4:BF:E9:34:ED:81,-64,0,0,0,0,0
412417654,NODE_B0CBD8F33218,wormhole_a,4,B4:BF:E9:34:ED:81,-64,0,0,0,0,0
412517659,NODE_B0CBD8F33218,wormhole_a,4,B4:BF:E9:34:ED:81,-64,0,0,0,0,0
412617654,NODE_B0CBD8F33218,wormhole_a,4,B4:BF:E9:34:ED:81,-64,0,0,0,0,0
412717662,NODE_B0CBD8F33218,wormhole_a,4,B4:BF:E9:34:ED:81,-64,0,0,0,0,0
412817656,NODE_B0CBD8F33218,wormhole_a,4,B4:BF:E9:34:ED:81,-64,0,0,0,0,0
412927656,NODE_B0CBD8F33218,wormhole_a,4,B4:BF:E9:34:ED:81,-64,0,0,0,0,0
413027654,NODE_B0CBD8F33218,wormhole_a,4,B4:BF:E9:34:ED:81,-64,0,0,0,0,0
413137670,NODE_B0CBD8F33218,wormhole_a,4,B4:BF:E9:34:ED:81,-64,0,0,0,0,0
413237667,NODE_B0CBD8F33218,wormhole_a,4,B4:BF:E9:34:ED:81,-63,0,0,0,0,0
413347656,NODE_B0CBD8F33218,wormhole_a,4,B4:BF:E9:34:ED:81,-63,0,0,0,0,0
413447654,NODE_B0CBD8F33218,wormhole_a,4,B4:BF:E9:34:ED:81,-63,0,0,0,0,0
413547658,NODE_B0CBD8F33218,wormhole_a,4,B4:BF:E9:34:ED:81,-63,0,0,0,0,0
413647656,NODE_B0CBD8F33218,wormhole_a,4,B4:BF:E9:34:ED:81,-63,0,0,0,0,0
413747666,NODE_B0CBD8F33218,wormhole_a,4,B4:BF:E9:34:ED:81,-63,0,0,0,0,0
413847654,NODE_B0CBD8F33218,wormhole_a,4,B4:BF:E9:34:ED:81,-63,0,0,0,0,0
413957656,NODE_B0CBD8F33218,wormhole_a,4,B4:BF:E9:34:ED:81,-63,0,0,0,0,0
414057658,NODE_B0CBD8F33218,wormhole_a,4,B4:BF:E9:34:ED:81,-63,0,0,0,0,0
414157654,NODE_B0CBD8F33218,wormhole_a,4,B4:BF:E9:34:ED:81,-63,0,0,0,0,0
414267668,NODE_B0CBD8F33218,wormhole_a,4,B4:BF:E9:34:ED:81,-64,0,0,0,0,0
414367657,NODE_B0CBD8F33218,wormhole_a,4,B4:BF:E9:34:ED:81,-64,0,0,0,0,0
414467656,NODE_B0CBD8F33218,wormhole_a,4,B4:BF:E9:34:ED:81,-64,0,0,0,0,0
414577658,NODE_B0CBD8F33218,wormhole_a,4,B4:BF:E9:34:ED:81,-64,0,0,0,0,0
414677656,NODE_B0CBD8F33218,wormhole_a,4,B4:BF:E9:34:ED:81,-64,0,0,0,0,0
414777666,NODE_B0CBD8F33218,wormhole_a,4,B4:BF:E9:34:ED:81,-64,0,0,0,0,0
414877654,NODE_B0CBD8F33218,wormhole_a,4,B4:BF:E9:34:ED:81,-64,0,0,0,0,0
414987654,NODE_B0CBD8F33218,wormhole_a,4,B4:BF:E9:34:ED:81,-64,0,0,0,0,0
415087672,NODE_B0CBD8F33218,wormhole_a,4,B4:BF:E9:34:ED:81,-64,0,0,0,0,0
415187654,NODE_B0CBD8F33218,wormhole_a,4,B4:BF:E9:34:ED:81,-64,0,0,0,0,0
415297666,NODE_B0CBD8F33218,wormhole_a,4,B4:BF:E9:34:ED:81,-64,0,0,0,0,0
415397656,NODE_B0CBD8F33218,wormhole_a,4,B4:BF:E9:34:ED:81,-64,0,0,0,0,0
415497654,NODE_B0CBD8F33218,wormhole_a,4,B4:BF:E9:34:ED:81,-64,0,0,0,0,0
415607658,NODE_B0CBD8F33218,wormhole_a,4,B4:BF:E9:34:ED:81,-64,0,0,0,0,0
415707654,NODE_B0CBD8F33218,wormhole_a,4,B4:BF:E9:34:ED:81,-64,0,0,0,0,0
415807966,NODE_B0CBD8F33218,wormhole_a,4,B4:BF:E9:34:ED:81,-64,0,0,0,0,0
415907654,NODE_B0CBD8F33218,wormhole_a,4,B4:BF:E9:34:ED:81,-64,0,0,0,0,0
416017654,NODE_B0CBD8F33218,wormhole_a,4,B4:BF:E9:34:ED:81,-64,0,0,0,0,0
416117659,NODE_B0CBD8F33218,wormhole_a,4,B4:BF:E9:34:ED:81,-64,0,0,0,0,0
416217654,NODE_B0CBD8F33218,wormhole_a,4,B4:BF:E9:34:ED:81,-64,0,0,0,0,0
416327658,NODE_B0CBD8F33218,wormhole_a,4,B4:BF:E9:34:ED:81,-62,0,0,0,0,0
416427654,NODE_B0CBD8F33218,wormhole_a,4,B4:BF:E9:34:ED:81,-62,0,0,0,0,0
416527656,NODE_B0CBD8F33218,wormhole_a,4,B4:BF:E9:34:ED:81,-62,0,0,0,0,0
416637666,NODE_B0CBD8F33218,wormhole_a,4,B4:BF:E9:34:ED:81,-62,0,0,0,0,0
416737749,NODE_B0CBD8F33218,wormhole_a,4,B4:BF:E9:34:ED:81,-62,0,0,0,0,0
416837655,NODE_B0CBD8F33218,wormhole_a,4,B4:BF:E9:34:ED:81,-62,0,0,0,0,0
416937654,NODE_B0CBD8F33218,wormhole_a,4,B4:BF:E9:34:ED:81,-62,0,0,0,0,0
417048037,NODE_B0CBD8F33218,wormhole_a,4,B4:BF:E9:34:ED:81,-62,0,0,0,0,0
417147658,NODE_B0CBD8F33218,wormhole_a,4,B4:BF:E9:34:ED:81,-62,0,0,0,0,0
417247660,NODE_B0CBD8F33218,wormhole_a,4,B4:BF:E9:34:ED:81,-62,0,0,0,0,0
417357658,NODE_B0CBD8F33218,wormhole_a,4,B4:BF:E9:34:ED:81,-62,0,0,0,0,0
417457654,NODE_B0CBD8F33218,wormhole_a,4,B4:BF:E9:34:ED:81,-62,0,0,0,0,0
417557659,NODE_B0CBD8F33218,wormhole_a,4,B4:BF:E9:34:ED:81,-62,0,0,0,0,0
417667665,NODE_B0CBD8F33218,wormhole_a,4,B4:BF:E9:34:ED:81,-62,0,0,0,0,0
417767660,NODE_B0CBD8F33218,wormhole_a,4,B4:BF:E9:34:ED:81,-62,0,0,0,0,0
417867656,NODE_B0CBD8F33218,wormhole_a,4,B4:BF:E9:34:ED:81,-62,0,0,0,0,0
417967657,NODE_B0CBD8F33218,wormhole_a,4,B4:BF:E9:34:ED:81,-62,0,0,0,0,0
418077654,NODE_B0CBD8F33218,wormhole_a,4,B4:BF:E9:34:ED:81,-62,0,0,0,0,0
418177654,NODE_B0CBD8F33218,wormhole_a,4,B4:BF:E9:34:ED:81,-62,0,0,0,0,0
418277659,NODE_B0CBD8F33218,wormhole_a,4,B4:BF:E9:34:ED:81,-63,0,0,0,0,0
418387656,NODE_B0CBD8F33218,wormhole_a,4,B4:BF:E9:34:ED:81,-63,0,0,0,0,0
418487654,NODE_B0CBD8F33218,wormhole_a,4,B4:BF:E9:34:ED:81,-63,0,0,0,0,0
418587658,NODE_B0CBD8F33218,wormhole_a,4,B4:BF:E9:34:ED:81,-63,0,0,0,0,0
418697663,NODE_B0CBD8F33218,wormhole_a,4,B4:BF:E9:34:ED:81,-63,0,0,0,0,0
418797654,NODE_B0CBD8F33218,wormhole_a,4,B4:BF:E9:34:ED:81,-63,0,0,0,0,0
418897658,NODE_B0CBD8F33218,wormhole_a,4,B4:BF:E9:34:ED:81,-63,0,0,0,0,0
418997656,NODE_B0CBD8F33218,wormhole_a,4,B4:BF:E9:34:ED:81,-63,0,0,0,0,0
419097666,NODE_B0CBD8F33218,wormhole_a,4,B4:BF:E9:34:ED:81,-63,0,0,0,0,0
419197654,NODE_B0CBD8F33218,wormhole_a,4,B4:BF:E9:34:ED:81,-63,0,0,0,0,0
419307658,NODE_B0CBD8F33218,wormhole_a,4,B4:BF:E9:34:ED:81,-64,0,0,0,0,0
419407664,NODE_B0CBD8F33218,wormhole_a,4,B4:BF:E9:34:ED:81,-64,0,0,0,0,0
419517654,NODE_B0CBD8F33218,wormhole_a,4,B4:BF:E9:34:ED:81,-64,0,0,0,0,0
419617658,NODE_B0CBD8F33218,wormhole_a,4,B4:BF:E9:34:ED:81,-64,0,0,0,0,0
419717663,NODE_B0CBD8F33218,wormhole_a,4,B4:BF:E9:34:ED:81,-64,0,0,0,0,0
419817658,NODE_B0CBD8F33218,wormhole_a,4,B4:BF:E9:34:ED:81,-64,0,0,0,0,0
419927654,NODE_B0CBD8F33218,wormhole_a,4,B4:BF:E9:34:ED:81,-64,0,0,0,0,0
420027654,NODE_B0CBD8F33218,wormhole_a,4,B4:BF:E9:34:ED:81,-64,0,0,0,0,0
420127656,NODE_B0CBD8F33218,wormhole_a,4,B4:BF:E9:34:ED:81,-64,0,0,0,0,0
420227654,NODE_B0CBD8F33218,wormhole_a,4,B4:BF:E9:34:ED:81,-64,0,0,0,0,0
420337658,NODE_B0CBD8F33218,wormhole_a,4,B4:BF:E9:34:ED:81,-63,0,0,0,0,0
420437656,NODE_B0CBD8F33218,wormhole_a,4,B4:BF:E9:34:ED:81,-63,0,0,0,0,0
420547660,NODE_B0CBD8F33218,wormhole_a,4,B4:BF:E9:34:ED:81,-63,0,0,0,0,0
420647654,NODE_B0CBD8F33218,wormhole_a,4,B4:BF:E9:34:ED:81,-63,0,0,0,0,0
420747662,NODE_B0CBD8F33218,wormhole_a,4,B4:BF:E9:34:ED:81,-63,0,0,0,0,0
420847660,NODE_B0CBD8F33218,wormhole_a,4,B4:BF:E9:34:ED:81,-63,0,0,0,0,0
420957654,NODE_B0CBD8F33218,wormhole_a,4,B4:BF:E9:34:ED:81,-63,0,0,0,0,0
421057658,NODE_B0CBD8F33218,wormhole_a,4,B4:BF:E9:34:ED:81,-63,0,0,0,0,0
421157656,NODE_B0CBD8F33218,wormhole_a,4,B4:BF:E9:34:ED:81,-63,0,0,0,0,0
421257654,NODE_B0CBD8F33218,wormhole_a,4,B4:BF:E9:34:ED:81,-63,0,0,0,0,0
421367660,NODE_B0CBD8F33218,wormhole_a,4,B4:BF:E9:34:ED:81,-62,0,0,0,0,0
421467656,NODE_B0CBD8F33218,wormhole_a,4,B4:BF:E9:34:ED:81,-62,0,0,0,0,0
421577659,NODE_B0CBD8F33218,wormhole_a,4,B4:BF:E9:34:ED:81,-62,0,0,0,0,0
421677654,NODE_B0CBD8F33218,wormhole_a,4,B4:BF:E9:34:ED:81,-62,0,0,0,0,0
421777662,NODE_B0CBD8F33218,wormhole_a,4,B4:BF:E9:34:ED:81,-62,0,0,0,0,0
421877659,NODE_B0CBD8F33218,wormhole_a,4,B4:BF:E9:34:ED:81,-62,0,0,0,0,0
421987656,NODE_B0CBD8F33218,wormhole_a,4,B4:BF:E9:34:ED:81,-62,0,0,0,0,0
422087654,NODE_B0CBD8F33218,wormhole_a,4,B4:BF:E9:34:ED:81,-62,0,0,0,0,0
422187654,NODE_B0CBD8F33218,wormhole_a,4,B4:BF:E9:34:ED:81,-62,0,0,0,0,0
422287656,NODE_B0CBD8F33218,wormhole_a,4,B4:BF:E9:34:ED:81,-62,0,0,0,0,0
422397658,NODE_B0CBD8F33218,wormhole_a,4,B4:BF:E9:34:ED:81,-62,0,0,0,0,0
422497654,NODE_B0CBD8F33218,wormhole_a,4,B4:BF:E9:34:ED:81,-62,0,0,0,0,0
422607658,NODE_B0CBD8F33218,wormhole_a,4,B4:BF:E9:34:ED:81,-62,0,0,0,0,0
422707656,NODE_B0CBD8F33218,wormhole_a,4,B4:BF:E9:34:ED:81,-62,0,0,0,0,0
422807666,NODE_B0CBD8F33218,wormhole_a,4,B4:BF:E9:34:ED:81,-62,0,0,0,0,0
422907654,NODE_B0CBD8F33218,wormhole_a,4,B4:BF:E9:34:ED:81,-62,0,0,0,0,0
423017656,NODE_B0CBD8F33218,wormhole_a,4,B4:BF:E9:34:ED:81,-62,0,0,0,0,0
423117658,NODE_B0CBD8F33218,wormhole_a,4,B4:BF:E9:34:ED:81,-62,0,0,0,0,0
423217654,NODE_B0CBD8F33218,wormhole_a,4,B4:BF:E9:34:ED:81,-62,0,0,0,0,0
423317656,NODE_B0CBD8F33218,wormhole_a,4,B4:BF:E9:34:ED:81,-62,0,0,0,0,0
423427660,NODE_B0CBD8F33218,wormhole_a,4,B4:BF:E9:34:ED:81,-63,0,0,0,0,0
423527658,NODE_B0CBD8F33218,wormhole_a,4,B4:BF:E9:34:ED:81,-63,0,0,0,0,0
423637654,NODE_B0CBD8F33218,wormhole_a,4,B4:BF:E9:34:ED:81,-63,0,0,0,0,0
423737663,NODE_B0CBD8F33218,wormhole_a,4,B4:BF:E9:34:ED:81,-63,0,0,0,0,0
423837658,NODE_B0CBD8F33218,wormhole_a,4,B4:BF:E9:34:ED:81,-63,0,0,0,0,0
423937654,NODE_B0CBD8F33218,wormhole_a,4,B4:BF:E9:34:ED:81,-63,0,0,0,0,0
424037656,NODE_B0CBD8F33218,wormhole_a,4,B4:BF:E9:34:ED:81,-63,0,0,0,0,0
424137654,NODE_B0CBD8F33218,wormhole_a,4,B4:BF:E9:34:ED:81,-63,0,0,0,0,0
424247654,NODE_B0CBD8F33218,wormhole_a,4,B4:BF:E9:34:ED:81,-63,0,0,0,0,0
424347669,NODE_B0CBD8F33218,wormhole_a,4,B4:BF:E9:34:ED:81,-63,0,0,0,0,0
424457659,NODE_B0CBD8F33218,wormhole_a,4,B4:BF:E9:34:ED:81,-63,0,0,0,0,0
424567661,NODE_B0CBD8F33218,wormhole_a,4,B4:BF:E9:34:ED:81,-63,0,0,0,0,0
424677654,NODE_B0CBD8F33218,wormhole_a,4,B4:BF:E9:34:ED:81,-63,0,0,0,0,0
424777662,NODE_B0CBD8F33218,wormhole_a,4,B4:BF:E9:34:ED:81,-63,0,0,0,0,0
424877659,NODE_B0CBD8F33218,wormhole_a,4,B4:BF:E9:34:ED:81,-63,0,0,0,0,0
424977654,NODE_B0CBD8F33218,wormhole_a,4,B4:BF:E9:34:ED:81,-63,0,0,0,0,0
425077658,NODE_B0CBD8F33218,wormhole_a,4,B4:BF:E9:34:ED:81,-63,0,0,0,0,0
425177656,NODE_B0CBD8F33218,wormhole_a,4,B4:BF:E9:34:ED:81,-63,0,0,0,0,0
425287656,NODE_B0CBD8F33218,wormhole_a,4,B4:BF:E9:34:ED:81,-63,0,0,0,0,0
425387658,NODE_B0CBD8F33218,wormhole_a,4,B4:BF:E9:34:ED:81,-63,0,0,0,0,0
425487658,NODE_B0CBD8F33218,wormhole_a,4,B4:BF:E9:34:ED:81,-63,0,0,0,0,0
425597659,NODE_B0CBD8F33218,wormhole_a,4,B4:BF:E9:34:ED:81,-63,0,0,0,0,0
425697654,NODE_B0CBD8F33218,wormhole_a,4,B4:BF:E9:34:ED:81,-63,0,0,0,0,0
425797666,NODE_B0CBD8F33218,wormhole_a,4,B4:BF:E9:34:ED:81,-63,0,0,0,0,0
425907654,NODE_B0CBD8F33218,wormhole_a,4,B4:BF:E9:34:ED:81,-63,0,0,0,0,0
426007656,NODE_B0CBD8F33218,wormhole_a,4,B4:BF:E9:34:ED:81,-63,0,0,0,0,0
426107654,NODE_B0CBD8F33218,wormhole_a,4,B4:BF:E9:34:ED:81,-63,0,0,0,0,0
426207654,NODE_B0CBD8F33218,wormhole_a,4,B4:BF:E9:34:ED:81,-63,0,0,0,0,0
426317656,NODE_B0CBD8F33218,wormhole_a,4,B4:BF:E9:34:ED:81,-63,0,0,0,0,0
426417658,NODE_B0CBD8F33218,wormhole_a,4,B4:BF:E9:34:ED:81,-63,0,0,0,0,0
426517777,NODE_B0CBD8F33218,wormhole_a,4,B4:BF:E9:34:ED:81,-63,0,0,0,0,0
426627658,NODE_B0CBD8F33218,wormhole_a,4,B4:BF:E9:34:ED:81,-63,0,0,0,0,0
426727656,NODE_B0CBD8F33218,wormhole_a,4,B4:BF:E9:34:ED:81,-63,0,0,0,0,0
426827662,NODE_B0CBD8F33218,wormhole_a,4,B4:BF:E9:34:ED:81,-63,0,0,0,0,0
426937658,NODE_B0CBD8F33218,wormhole_a,4,B4:BF:E9:34:ED:81,-63,0,0,0,0,0
427037656,NODE_B0CBD8F33218,wormhole_a,4,B4:BF:E9:34:ED:81,-63,0,0,0,0,0
427137658,NODE_B0CBD8F33218,wormhole_a,4,B4:BF:E9:34:ED:81,-63,0,0,0,0,0
427237654,NODE_B0CBD8F33218,wormhole_a,4,B4:BF:E9:34:ED:81,-63,0,0,0,0,0
427347654,NODE_B0CBD8F33218,wormhole_a,4,B4:BF:E9:34:ED:81,-63,0,0,0,0,0
427447660,NODE_B0CBD8F33218,wormhole_a,4,B4:BF:E9:34:ED:81,-63,0,0,0,0,0
427547658,NODE_B0CBD8F33218,wormhole_a,4,B4:BF:E9:34:ED:81,-63,0,0,0,0,0
427657654,NODE_B0CBD8F33218,wormhole_a,4,B4:BF:E9:34:ED:81,-63,0,0,0,0,0
427757655,NODE_B0CBD8F33218,wormhole_a,4,B4:BF:E9:34:ED:81,-63,0,0,0,0,0
427857666,NODE_B0CBD8F33218,wormhole_a,4,B4:BF:E9:34:ED:81,-63,0,0,0,0,0
427967656,NODE_B0CBD8F33218,wormhole_a,4,B4:BF:E9:34:ED:81,-63,0,0,0,0,0
428067656,NODE_B0CBD8F33218,wormhole_a,4,B4:BF:E9:34:ED:81,-63,0,0,0,0,0
428167657,NODE_B0CBD8F33218,wormhole_a,4,B4:BF:E9:34:ED:81,-63,0,0,0,0,0
428267656,NODE_B0CBD8F33218,wormhole_a,4,B4:BF:E9:34:ED:81,-63,0,0,0,0,0
428377658,NODE_B0CBD8F33218,wormhole_a,4,B4:BF:E9:34:ED:81,-63,0,0,0,0,0
428477656,NODE_B0CBD8F33218,wormhole_a,4,B4:BF:E9:34:ED:81,-63,0,0,0,0,0
428577658,NODE_B0CBD8F33218,wormhole_a,4,B4:BF:E9:34:ED:81,-63,0,0,0,0,0
428687654,NODE_B0CBD8F33218,wormhole_a,4,B4:BF:E9:34:ED:81,-63,0,0,0,0,0
428787658,NODE_B0CBD8F33218,wormhole_a,4,B4:BF:E9:34:ED:81,-63,0,0,0,0,0
428887664,NODE_B0CBD8F33218,wormhole_a,4,B4:BF:E9:34:ED:81,-63,0,0,0,0,0
428997654,NODE_B0CBD8F33218,wormhole_a,4,B4:BF:E9:34:ED:81,-63,0,0,0,0,0
429097658,NODE_B0CBD8F33218,wormhole_a,4,B4:BF:E9:34:ED:81,-63,0,0,0,0,0
429197656,NODE_B0CBD8F33218,wormhole_a,4,B4:BF:E9:34:ED:81,-63,0,0,0,0,0
429297654,NODE_B0CBD8F33218,wormhole_a,4,B4:BF:E9:34:ED:81,-63,0,0,0,0,0
429407658,NODE_B0CBD8F33218,wormhole_a,4,B4:BF:E9:34:ED:81,-63,0,0,0,0,0
429507654,NODE_B0CBD8F33218,wormhole_a,4,B4:BF:E9:34:ED:81,-63,0,0,0,0,0
429607660,NODE_B0CBD8F33218,wormhole_a,4,B4:BF:E9:34:ED:81,-63,0,0,0,0,0
429717654,NODE_B0CBD8F33218,wormhole_a,4,B4:BF:E9:34:ED:81,-63,0,0,0,0,0
429817658,NODE_B0CBD8F33218,wormhole_a,4,B4:BF:E9:34:ED:81,-63,0,0,0,0,0
429917663,NODE_B0CBD8F33218,wormhole_a,4,B4:BF:E9:34:ED:81,-63,0,0,0,0,0
430027656,NODE_B0CBD8F33218,wormhole_a,4,B4:BF:E9:34:ED:81,-63,0,0,0,0,0
430127654,NODE_B0CBD8F33218,wormhole_a,4,B4:BF:E9:34:ED:81,-63,0,0,0,0,0
430227654,NODE_B0CBD8F33218,wormhole_a,4,B4:BF:E9:34:ED:81,-63,0,0,0,0,0
430327656,NODE_B0CBD8F33218,wormhole_a,4,B4:BF:E9:34:ED:81,-63,0,0,0,0,0
430427658,NODE_B0CBD8F33218,wormhole_a,4,B4:BF:E9:34:ED:81,-63,0,0,0,0,0
430527661,NODE_B0CBD8F33218,wormhole_a,4,B4:BF:E9:34:ED:81,-63,0,0,0,0,0
430637659,NODE_B0CBD8F33218,wormhole_a,4,B4:BF:E9:34:ED:81,-63,0,0,0,0,0
430737654,NODE_B0CBD8F33218,wormhole_a,4,B4:BF:E9:34:ED:81,-63,0,0,0,0,0
430847658,NODE_B0CBD8F33218,wormhole_a,4,B4:BF:E9:34:ED:81,-63,0,0,0,0,0
430947662,NODE_B0CBD8F33218,wormhole_a,4,B4:BF:E9:34:ED:81,-63,0,0,0,0,0
431048034,NODE_B0CBD8F33218,wormhole_a,4,B4:BF:E9:34:ED:81,-63,0,0,0,0,0
431147658,NODE_B0CBD8F33218,wormhole_a,4,B4:BF:E9:34:ED:81,-63,0,0,0,0,0
431257654,NODE_B0CBD8F33218,wormhole_a,4,B4:BF:E9:34:ED:81,-63,0,0,0,0,0
431357656,NODE_B0CBD8F33218,wormhole_a,4,B4:BF:E9:34:ED:81,-63,0,0,0,0,0
431457658,NODE_B0CBD8F33218,wormhole_a,4,B4:BF:E9:34:ED:81,-63,0,0,0,0,0
431557658,NODE_B0CBD8F33218,wormhole_a,4,B4:BF:E9:34:ED:81,-63,0,0,0,0,0
431667660,NODE_B0CBD8F33218,wormhole_a,4,B4:BF:E9:34:ED:81,-63,0,0,0,0,0
431767665,NODE_B0CBD8F33218,wormhole_a,4,B4:BF:E9:34:ED:81,-63,0,0,0,0,0
431877654,NODE_B0CBD8F33218,wormhole_a,4,B4:BF:E9:34:ED:81,-63,0,0,0,0,0
431977662,NODE_B0CBD8F33218,wormhole_a,4,B4:BF:E9:34:ED:81,-63,0,0,0,0,0
432077656,NODE_B0CBD8F33218,wormhole_a,4,B4:BF:E9:34:ED:81,-63,0,0,0,0,0
432177654,NODE_B0CBD8F33218,wormhole_a,4,B4:BF:E9:34:ED:81,-63,0,0,0,0,0
432287654,NODE_B0CBD8F33218,wormhole_a,4,B4:BF:E9:34:ED:81,-63,0,0,0,0,0
432387654,NODE_B0CBD8F33218,wormhole_a,4,B4:BF:E9:34:ED:81,-63,0,0,0,0,0
432487660,NODE_B0CBD8F33218,wormhole_a,4,B4:BF:E9:34:ED:81,-63,0,0,0,0,0
432587658,NODE_B0CBD8F33218,wormhole_a,4,B4:BF:E9:34:ED:81,-63,0,0,0,0,0
432697658,NODE_B0CBD8F33218,wormhole_a,4,B4:BF:E9:34:ED:81,-62,0,0,0,0,0
432797659,NODE_B0CBD8F33218,wormhole_a,4,B4:BF:E9:34:ED:81,-62,0,0,0,0,0
432907656,NODE_B0CBD8F33218,wormhole_a,4,B4:BF:E9:34:ED:81,-62,0,0,0,0,0
433007662,NODE_B0CBD8F33218,wormhole_a,4,B4:BF:E9:34:ED:81,-62,0,0,0,0,0
433107658,NODE_B0CBD8F33218,wormhole_a,4,B4:BF:E9:34:ED:81,-62,0,0,0,0,0
433207656,NODE_B0CBD8F33218,wormhole_a,4,B4:BF:E9:34:ED:81,-62,0,0,0,0,0
433317654,NODE_B0CBD8F33218,wormhole_a,4,B4:BF:E9:34:ED:81,-62,0,0,0,0,0
433417654,NODE_B0CBD8F33218,wormhole_a,4,B4:BF:E9:34:ED:81,-62,0,0,0,0,0
433517659,NODE_B0CBD8F33218,wormhole_a,4,B4:BF:E9:34:ED:81,-62,0,0,0,0,0
433617654,NODE_B0CBD8F33218,wormhole_a,4,B4:BF:E9:34:ED:81,-62,0,0,0,0,0
433727658,NODE_B0CBD8F33218,wormhole_a,4,B4:BF:E9:34:ED:81,-62,0,0,0,0,0
433827654,NODE_B0CBD8F33218,wormhole_a,4,B4:BF:E9:34:ED:81,-62,0,0,0,0,0
433937667,NODE_B0CBD8F33218,wormhole_a,4,B4:BF:E9:34:ED:81,-62,0,0,0,0,0
434037654,NODE_B0CBD8F33218,wormhole_a,4,B4:BF:E9:34:ED:81,-62,0,0,0,0,0
434137654,NODE_B0CBD8F33218,wormhole_a,4,B4:BF:E9:34:ED:81,-62,0,0,0,0,0
434237656,NODE_B0CBD8F33218,wormhole_a,4,B4:BF:E9:34:ED:81,-62,0,0,0,0,0
434347656,NODE_B0CBD8F33218,wormhole_a,4,B4:BF:E9:34:ED:81,-62,0,0,0,0,0
434447654,NODE_B0CBD8F33218,wormhole_a,4,B4:BF:E9:34:ED:81,-62,0,0,0,0,0
434547658,NODE_B0CBD8F33218,wormhole_a,4,B4:BF:E9:34:ED:81,-62,0,0,0,0,0
434647656,NODE_B0CBD8F33218,wormhole_a,4,B4:BF:E9:34:ED:81,-62,0,0,0,0,0
434757666,NODE_B0CBD8F33218,wormhole_a,4,B4:BF:E9:34:ED:81,-64,0,0,0,0,0
434857654,NODE_B0CBD8F33218,wormhole_a,4,B4:BF:E9:34:ED:81,-64,0,0,0,0,0
434967664,NODE_B0CBD8F33218,wormhole_a,4,B4:BF:E9:34:ED:81,-64,0,0,0,0,0
435067661,NODE_B0CBD8F33218,wormhole_a,4,B4:BF:E9:34:ED:81,-64,0,0,0,0,0
435167656,NODE_B0CBD8F33218,wormhole_a,4,B4:BF:E9:34:ED:81,-64,0,0,0,0,0
435267656,NODE_B0CBD8F33218,wormhole_a,4,B4:BF:E9:34:ED:81,-64,0,0,0,0,0
435367657,NODE_B0CBD8F33218,wormhole_a,4,B4:BF:E9:34:ED:81,-64,0,0,0,0,0
435467660,NODE_B0CBD8F33218,wormhole_a,4,B4:BF:E9:34:ED:81,-64,0,0,0,0,0
435577666,NODE_B0CBD8F33218,wormhole_a,4,B4:BF:E9:34:ED:81,-64,0,0,0,0,0
435677814,NODE_B0CBD8F33218,wormhole_a,4,B4:BF:E9:34:ED:81,-64,0,0,0,0,0
435777658,NODE_B0CBD8F33218,wormhole_a,4,B4:BF:E9:34:ED:81,-64,0,0,0,0,0
435887654,NODE_B0CBD8F33218,wormhole_a,4,B4:BF:E9:34:ED:81,-64,0,0,0,0,0
435997662,NODE_B0CBD8F33218,wormhole_a,4,B4:BF:E9:34:ED:81,-64,0,0,0,0,0
436097656,NODE_B0CBD8F33218,wormhole_a,4,B4:BF:E9:34:ED:81,-64,0,0,0,0,0
436197654,NODE_B0CBD8F33218,wormhole_a,4,B4:BF:E9:34:ED:81,-64,0,0,0,0,0
436297654,NODE_B0CBD8F33218,wormhole_a,4,B4:BF:E9:34:ED:81,-64,0,0,0,0,0
436397656,NODE_B0CBD8F33218,wormhole_a,4,B4:BF:E9:34:ED:81,-64,0,0,0,0,0
436497658,NODE_B0CBD8F33218,wormhole_a,4,B4:BF:E9:34:ED:81,-64,0,0,0,0,0
436607658,NODE_B0CBD8F33218,wormhole_a,4,B4:BF:E9:34:ED:81,-64,0,0,0,0,0
436707658,NODE_B0CBD8F33218,wormhole_a,4,B4:BF:E9:34:ED:81,-64,0,0,0,0,0
436807656,NODE_B0CBD8F33218,wormhole_a,4,B4:BF:E9:34:ED:81,-64,0,0,0,0,0
436917662,NODE_B0CBD8F33218,wormhole_a,4,B4:BF:E9:34:ED:81,-64,0,0,0,0,0
437017662,NODE_B0CBD8F33218,wormhole_a,4,B4:BF:E9:34:ED:81,-64,0,0,0,0,0
437117663,NODE_B0CBD8F33218,wormhole_a,4,B4:BF:E9:34:ED:81,-64,0,0,0,0,0
437227656,NODE_B0CBD8F33218,wormhole_a,4,B4:BF:E9:34:ED:81,-64,0,0,0,0,0
437327654,NODE_B0CBD8F33218,wormhole_a,4,B4:BF:E9:34:ED:81,-64,0,0,0,0,0
437427654,NODE_B0CBD8F33218,wormhole_a,4,B4:BF:E9:34:ED:81,-64,0,0,0,0,0
437527660,NODE_B0CBD8F33218,wormhole_a,4,B4:BF:E9:34:ED:81,-64,0,0,0,0,0
437637654,NODE_B0CBD8F33218,wormhole_a,4,B4:BF:E9:34:ED:81,-64,0,0,0,0,0
437737662,NODE_B0CBD8F33218,wormhole_a,4,B4:BF:E9:34:ED:81,-62,0,0,0,0,0
437837671,NODE_B0CBD8F33218,wormhole_a,4,B4:BF:E9:34:ED:81,-62,0,0,0,0,0
437947656,NODE_B0CBD8F33218,wormhole_a,4,B4:BF:E9:34:ED:81,-62,0,0,0,0,0
438048056,NODE_B0CBD8F33218,wormhole_a,4,B4:BF:E9:34:ED:81,-62,0,0,0,0,0
438147654,NODE_B0CBD8F33218,wormhole_a,4,B4:BF:E9:34:ED:81,-62,0,0,0,0,0
438257655,NODE_B0CBD8F33218,wormhole_a,4,B4:BF:E9:34:ED:81,-62,0,0,0,0,0
438357654,NODE_B0CBD8F33218,wormhole_a,4,B4:BF:E9:34:ED:81,-62,0,0,0,0,0
438457654,NODE_B0CBD8F33218,wormhole_a,4,B4:BF:E9:34:ED:81,-62,0,0,0,0,0
438557659,NODE_B0CBD8F33218,wormhole_a,4,B4:BF:E9:34:ED:81,-62,0,0,0,0,0
438667657,NODE_B0CBD8F33218,wormhole_a,4,B4:BF:E9:34:ED:81,-62,0,0,0,0,0
438767893,NODE_B0CBD8F33218,wormhole_a,4,B4:BF:E9:34:ED:81,-62,0,0,0,0,0
438867656,NODE_B0CBD8F33218,wormhole_a,4,B4:BF:E9:34:ED:81,-62,0,0,0,0,0
438977656,NODE_B0CBD8F33218,wormhole_a,4,B4:BF:E9:34:ED:81,-62,0,0,0,0,0
439077670,NODE_B0CBD8F33218,wormhole_a,4,B4:BF:E9:34:ED:81,-62,0,0,0,0,0
439177654,NODE_B0CBD8F33218,wormhole_a,4,B4:BF:E9:34:ED:81,-62,0,0,0,0,0
439287654,NODE_B0CBD8F33218,wormhole_a,4,B4:BF:E9:34:ED:81,-62,0,0,0,0,0
439387656,NODE_B0CBD8F33218,wormhole_a,4,B4:BF:E9:34:ED:81,-62,0,0,0,0,0
439487658,NODE_B0CBD8F33218,wormhole_a,4,B4:BF:E9:34:ED:81,-62,0,0,0,0,0
439587658,NODE_B0CBD8F33218,wormhole_a,4,B4:BF:E9:34:ED:81,-62,0,0,0,0,0
439697656,NODE_B0CBD8F33218,wormhole_a,4,B4:BF:E9:34:ED:81,-62,0,0,0,0,0
439797662,NODE_B0CBD8F33218,wormhole_a,4,B4:BF:E9:34:ED:81,-63,0,0,0,0,0
439897658,NODE_B0CBD8F33218,wormhole_a,4,B4:BF:E9:34:ED:81,-63,0,0,0,0,0
440007654,NODE_B0CBD8F33218,wormhole_a,4,B4:BF:E9:34:ED:81,-63,0,0,0,0,0
440107664,NODE_B0CBD8F33218,wormhole_a,4,B4:BF:E9:34:ED:81,-63,0,0,0,0,0
440207654,NODE_B0CBD8F33218,wormhole_a,4,B4:BF:E9:34:ED:81,-63,0,0,0,0,0
440317654,NODE_B0CBD8F33218,wormhole_a,4,B4:BF:E9:34:ED:81,-63,0,0,0,0,0
440417656,NODE_B0CBD8F33218,wormhole_a,4,B4:BF:E9:34:ED:81,-63,0,0,0,0,0
440517658,NODE_B0CBD8F33218,wormhole_a,4,B4:BF:E9:34:ED:81,-63,0,0,0,0,0
440617654,NODE_B0CBD8F33218,wormhole_a,4,B4:BF:E9:34:ED:81,-63,0,0,0,0,0
440727654,NODE_B0CBD8F33218,wormhole_a,4,B4:BF:E9:34:ED:81,-63,0,0,0,0,0
440827664,NODE_B0CBD8F33218,wormhole_a,4,B4:BF:E9:34:ED:81,-63,0,0,0,0,0
440927654,NODE_B0CBD8F33218,wormhole_a,4,B4:BF:E9:34:ED:81,-63,0,0,0,0,0
441037654,NODE_B0CBD8F33218,wormhole_a,4,B4:BF:E9:34:ED:81,-63,0,0,0,0,0
441137671,NODE_B0CBD8F33218,wormhole_a,4,B4:BF:E9:34:ED:81,-63,0,0,0,0,0
441237654,NODE_B0CBD8F33218,wormhole_a,4,B4:BF:E9:34:ED:81,-63,0,0,0,0,0
441347654,NODE_B0CBD8F33218,wormhole_a,4,B4:BF:E9:34:ED:81,-63,0,0,0,0,0
441447654,NODE_B0CBD8F33218,wormhole_a,4,B4:BF:E9:34:ED:81,-63,0,0,0,0,0
441547660,NODE_B0CBD8F33218,wormhole_a,4,B4:BF:E9:34:ED:81,-63,0,0,0,0,0
441647654,NODE_B0CBD8F33218,wormhole_a,4,B4:BF:E9:34:ED:81,-63,0,0,0,0,0
441747654,NODE_B0CBD8F33218,wormhole_a,4,B4:BF:E9:34:ED:81,-63,0,0,0,0,0
441847664,NODE_B0CBD8F33218,wormhole_a,4,B4:BF:E9:34:ED:81,-64,0,0,0,0,0
441957654,NODE_B0CBD8F33218,wormhole_a,4,B4:BF:E9:34:ED:81,-64,0,0,0,0,0
442057654,NODE_B0CBD8F33218,wormhole_a,4,B4:BF:E9:34:ED:81,-64,0,0,0,0,0
442167664,NODE_B0CBD8F33218,wormhole_a,4,B4:BF:E9:34:ED:81,-64,0,0,0,0,0
442267657,NODE_B0CBD8F33218,wormhole_a,4,B4:BF:E9:34:ED:81,-64,0,0,0,0,0
442367656,NODE_B0CBD8F33218,wormhole_a,4,B4:BF:E9:34:ED:81,-64,0,0,0,0,0
442467656,NODE_B0CBD8F33218,wormhole_a,4,B4:BF:E9:34:ED:81,-64,0,0,0,0,0
442577659,NODE_B0CBD8F33218,wormhole_a,4,B4:BF:E9:34:ED:81,-64,0,0,0,0,0
442677654,NODE_B0CBD8F33218,wormhole_a,4,B4:BF:E9:34:ED:81,-64,0,0,0,0,0
442777654,NODE_B0CBD8F33218,wormhole_a,4,B4:BF:E9:34:ED:81,-64,0,0,0,0,0
442877663,NODE_B0CBD8F33218,wormhole_a,4,B4:BF:E9:34:ED:81,-63,0,0,0,0,0
442987656,NODE_B0CBD8F33218,wormhole_a,4,B4:BF:E9:34:ED:81,-63,0,0,0,0,0
443087662,NODE_B0CBD8F33218,wormhole_a,4,B4:BF:E9:34:ED:81,-63,0,0,0,0,0
443197662,NODE_B0CBD8F33218,wormhole_a,4,B4:BF:E9:34:ED:81,-63,0,0,0,0,0
443297656,NODE_B0CBD8F33218,wormhole_a,4,B4:BF:E9:34:ED:81,-63,0,0,0,0,0
443397654,NODE_B0CBD8F33218,wormhole_a,4,B4:BF:E9:34:ED:81,-63,0,0,0,0,0
443497654,NODE_B0CBD8F33218,wormhole_a,4,B4:BF:E9:34:ED:81,-63,0,0,0,0,0
443607658,NODE_B0CBD8F33218,wormhole_a,4,B4:BF:E9:34:ED:81,-63,0,0,0,0,0
443707656,NODE_B0CBD8F33218,wormhole_a,4,B4:BF:E9:34:ED:81,-63,0,0,0,0,0
443807658,NODE_B0CBD8F33218,wormhole_a,4,B4:BF:E9:34:ED:81,-63,0,0,0,0,0
443907662,NODE_B0CBD8F33218,wormhole_a,4,B4:BF:E9:34:ED:81,-64,0,0,0,0,0
444017656,NODE_B0CBD8F33218,wormhole_a,4,B4:BF:E9:34:ED:81,-64,0,0,0,0,0
444117654,NODE_B0CBD8F33218,wormhole_a,4,B4:BF:E9:34:ED:81,-64,0,0,0,0,0
444227662,NODE_B0CBD8F33218,wormhole_a,4,B4:BF:E9:34:ED:81,-64,0,0,0,0,0
444327654,NODE_B0CBD8F33218,wormhole_a,4,B4:BF:E9:34:ED:81,-64,0,0,0,0,0
444427656,NODE_B0CBD8F33218,wormhole_a,4,B4:BF:E9:34:ED:81,-64,0,0,0,0,0
444527658,NODE_B0CBD8F33218,wormhole_a,4,B4:BF:E9:34:ED:81,-64,0,0,0,0,0
444637654,NODE_B0CBD8F33218,wormhole_a,4,B4:BF:E9:34:ED:81,-64,0,0,0,0,0
444737656,NODE_B0CBD8F33218,wormhole_a,4,B4:BF:E9:34:ED:81,-64,0,0,0,0,0
444837658,NODE_B0CBD8F33218,wormhole_a,4,B4:BF:E9:34:ED:81,-64,0,0,0,0,0
444937662,NODE_B0CBD8F33218,wormhole_a,4,B4:BF:E9:34:ED:81,-63,0,0,0,0,0
445048033,NODE_B0CBD8F33218,wormhole_a,4,B4:BF:E9:34:ED:81,-63,0,0,0,0,0
445147664,NODE_B0CBD8F33218,wormhole_a,4,B4:BF:E9:34:ED:81,-63,0,0,0,0,0
445257662,NODE_B0CBD8F33218,wormhole_a,4,B4:BF:E9:34:ED:81,-63,0,0,0,0,0
445357654,NODE_B0CBD8F33218,wormhole_a,4,B4:BF:E9:34:ED:81,-63,0,0,0,0,0
445457656,NODE_B0CBD8F33218,wormhole_a,4,B4:BF:E9:34:ED:81,-63,0,0,0,0,0
445557658,NODE_B0CBD8F33218,wormhole_a,4,B4:BF:E9:34:ED:81,-63,0,0,0,0,0
445667656,NODE_B0CBD8F33218,wormhole_a,4,B4:BF:E9:34:ED:81,-63,0,0,0,0,0
445767656,NODE_B0CBD8F33218,wormhole_a,4,B4:BF:E9:34:ED:81,-63,0,0,0,0,0
445867661,NODE_B0CBD8F33218,wormhole_a,4,B4:BF:E9:34:ED:81,-63,0,0,0,0,0
445967676,NODE_B0CBD8F33218,wormhole_a,4,B4:BF:E9:34:ED:81,-63,0,0,0,0,0
446077654,NODE_B0CBD8F33218,wormhole_a,4,B4:BF:E9:34:ED:81,-63,0,0,0,0,0
446177656,NODE_B0CBD8F33218,wormhole_a,4,B4:BF:E9:34:ED:81,-63,0,0,0,0,0
446287664,NODE_B0CBD8F33218,wormhole_a,4,B4:BF:E9:34:ED:81,-63,0,0,0,0,0
446387654,NODE_B0CBD8F33218,wormhole_a,4,B4:BF:E9:34:ED:81,-63,0,0,0,0,0
446487654,NODE_B0CBD8F33218,wormhole_a,4,B4:BF:E9:34:ED:81,-63,0,0,0,0,0
446587660,NODE_B0CBD8F33218,wormhole_a,4,B4:BF:E9:34:ED:81,-63,0,0,0,0,0
446687654,NODE_B0CBD8F33218,wormhole_a,4,B4:BF:E9:34:ED:81,-63,0,0,0,0,0
446787658,NODE_B0CBD8F33218,wormhole_a,4,B4:BF:E9:34:ED:81,-63,0,0,0,0,0
446897656,NODE_B0CBD8F33218,wormhole_a,4,B4:BF:E9:34:ED:81,-63,0,0,0,0,0
446997662,NODE_B0CBD8F33218,wormhole_a,4,B4:BF:E9:34:ED:81,-63,0,0,0,0,0
447097662,NODE_B0CBD8F33218,wormhole_a,4,B4:BF:E9:34:ED:81,-63,0,0,0,0,0
447207654,NODE_B0CBD8F33218,wormhole_a,4,B4:BF:E9:34:ED:81,-63,0,0,0,0,0
447317663,NODE_B0CBD8F33218,wormhole_a,4,B4:BF:E9:34:ED:81,-63,0,0,0,0,0
447417658,NODE_B0CBD8F33218,wormhole_a,4,B4:BF:E9:34:ED:81,-63,0,0,0,0,0
447517692,NODE_B0CBD8F33218,wormhole_a,4,B4:BF:E9:34:ED:81,-63,0,0,0,0,0
447617655,NODE_B0CBD8F33218,wormhole_a,4,B4:BF:E9:34:ED:81,-63,0,0,0,0,0
447717654,NODE_B0CBD8F33218,wormhole_a,4,B4:BF:E9:34:ED:81,-63,0,0,0,0,0
447817658,NODE_B0CBD8F33218,wormhole_a,4,B4:BF:E9:34:ED:81,-63,0,0,0,0,0
447927654,NODE_B0CBD8F33218,wormhole_a,4,B4:BF:E9:34:ED:81,-63,0,0,0,0,0
448027664,NODE_B0CBD8F33218,wormhole_a,4,B4:BF:E9:34:ED:81,-62,0,0,0,0,0
448127654,NODE_B0CBD8F33218,wormhole_a,4,B4:BF:E9:34:ED:81,-62,0,0,0,0,0
448237654,NODE_B0CBD8F33218,wormhole_a,4,B4:BF:E9:34:ED:81,-62,0,0,0,0,0
448337663,NODE_B0CBD8F33218,wormhole_a,4,B4:BF:E9:34:ED:81,-62,0,0,0,0,0
448437654,NODE_B0CBD8F33218,wormhole_a,4,B4:BF:E9:34:ED:81,-62,0,0,0,0,0
448547658,NODE_B0CBD8F33218,wormhole_a,4,B4:BF:E9:34:ED:81,-62,0,0,0,0,0
448647654,NODE_B0CBD8F33218,wormhole_a,4,B4:BF:E9:34:ED:81,-62,0,0,0,0,0
448747656,NODE_B0CBD8F33218,wormhole_a,4,B4:BF:E9:34:ED:81,-62,0,0,0,0,0
448847658,NODE_B0CBD8F33218,wormhole_a,4,B4:BF:E9:34:ED:81,-62,0,0,0,0,0
448957654,NODE_B0CBD8F33218,wormhole_a,4,B4:BF:E9:34:ED:81,-62,0,0,0,0,0
449057671,NODE_B0CBD8F33218,wormhole_a,4,B4:BF:E9:34:ED:81,-63,0,0,0,0,0
449157654,NODE_B0CBD8F33218,wormhole_a,4,B4:BF:E9:34:ED:81,-63,0,0,0,0,0
449267656,NODE_B0CBD8F33218,wormhole_a,4,B4:BF:E9:34:ED:81,-63,0,0,0,0,0
449367664,NODE_B0CBD8F33218,wormhole_a,4,B4:BF:E9:34:ED:81,-63,0,0,0,0,0
449467657,NODE_B0CBD8F33218,wormhole_a,4,B4:BF:E9:34:ED:81,-63,0,0,0,0,0
449577658,NODE_B0CBD8F33218,wormhole_a,4,B4:BF:E9:34:ED:81,-63,0,0,0,0,0
449677654,NODE_B0CBD8F33218,wormhole_a,4,B4:BF:E9:34:ED:81,-63,0,0,0,0,0
449777667,NODE_B0CBD8F33218,wormhole_a,4,B4:BF:E9:34:ED:81,-63,0,0,0,0,0
449877654,NODE_B0CBD8F33218,wormhole_a,4,B4:BF:E9:34:ED:81,-63,0,0,0,0,0
449987654,NODE_B0CBD8F33218,wormhole_a,4,B4:BF:E9:34:ED:81,-63,0,0,0,0,0
450087666,NODE_B0CBD8F33218,wormhole_a,4,B4:BF:E9:34:ED:81,-63,0,0,0,0,0
450187656,NODE_B0CBD8F33218,wormhole_a,4,B4:BF:E9:34:ED:81,-63,0,0,0,0,0
450297654,NODE_B0CBD8F33218,wormhole_a,4,B4:BF:E9:34:ED:81,-63,0,0,0,0,0
450397662,NODE_B0CBD8F33218,wormhole_a,4,B4:BF:E9:34:ED:81,-63,0,0,0,0,0
450497656,NODE_B0CBD8F33218,wormhole_a,4,B4:BF:E9:34:ED:81,-63,0,0,0,0,0
450607660,NODE_B0CBD8F33218,wormhole_a,4,B4:BF:E9:34:ED:81,-63,0,0,0,0,0
450707654,NODE_B0CBD8F33218,wormhole_a,4,B4:BF:E9:34:ED:81,-63,0,0,0,0,0
450807658,NODE_B0CBD8F33218,wormhole_a,4,B4:BF:E9:34:ED:81,-63,0,0,0,0,0
450907656,NODE_B0CBD8F33218,wormhole_a,4,B4:BF:E9:34:ED:81,-63,0,0,0,0,0
451017654,NODE_B0CBD8F33218,wormhole_a,4,B4:BF:E9:34:ED:81,-63,0,0,0,0,0
451117670,NODE_B0CBD8F33218,wormhole_a,4,B4:BF:E9:34:ED:81,-63,0,0,0,0,0
451217656,NODE_B0CBD8F33218,wormhole_a,4,B4:BF:E9:34:ED:81,-63,0,0,0,0,0
451327656,NODE_B0CBD8F33218,wormhole_a,4,B4:BF:E9:34:ED:81,-63,0,0,0,0,0
451427662,NODE_B0CBD8F33218,wormhole_a,4,B4:BF:E9:34:ED:81,-63,0,0,0,0,0
451527658,NODE_B0CBD8F33218,wormhole_a,4,B4:BF:E9:34:ED:81,-63,0,0,0,0,0
451637656,NODE_B0CBD8F33218,wormhole_a,4,B4:BF:E9:34:ED:81,-63,0,0,0,0,0
451737654,NODE_B0CBD8F33218,wormhole_a,4,B4:BF:E9:34:ED:81,-63,0,0,0,0,0
451837658,NODE_B0CBD8F33218,wormhole_a,4,B4:BF:E9:34:ED:81,-63,0,0,0,0,0
451937656,NODE_B0CBD8F33218,wormhole_a,4,B4:BF:E9:34:ED:81,-63,0,0,0,0,0
452048014,NODE_B0CBD8F33218,wormhole_a,4,B4:BF:E9:34:ED:81,-63,0,0,0,0,0
452147666,NODE_B0CBD8F33218,wormhole_a,4,B4:BF:E9:34:ED:81,-63,0,0,0,0,0
452247654,NODE_B0CBD8F33218,wormhole_a,4,B4:BF:E9:34:ED:81,-63,0,0,0,0,0
452357656,NODE_B0CBD8F33218,wormhole_a,4,B4:BF:E9:34:ED:81,-63,0,0,0,0,0
452457662,NODE_B0CBD8F33218,wormhole_a,4,B4:BF:E9:34:ED:81,-63,0,0,0,0,0
452557658,NODE_B0CBD8F33218,wormhole_a,4,B4:BF:E9:34:ED:81,-63,0,0,0,0,0
452667656,NODE_B0CBD8F33218,wormhole_a,4,B4:BF:E9:34:ED:81,-63,0,0,0,0,0
452767661,NODE_B0CBD8F33218,wormhole_a,4,B4:BF:E9:34:ED:81,-63,0,0,0,0,0
452867656,NODE_B0CBD8F33218,wormhole_a,4,B4:BF:E9:34:ED:81,-63,0,0,0,0,0
452967656,NODE_B0CBD8F33218,wormhole_a,4,B4:BF:E9:34:ED:81,-63,0,0,0,0,0
453067669,NODE_B0CBD8F33218,wormhole_a,4,B4:BF:E9:34:ED:81,-63,0,0,0,0,0
453167668,NODE_B0CBD8F33218,wormhole_a,4,B4:BF:E9:34:ED:81,-63,0,0,0,0,0
453277654,NODE_B0CBD8F33218,wormhole_a,4,B4:BF:E9:34:ED:81,-63,0,0,0,0,0
453377656,NODE_B0CBD8F33218,wormhole_a,4,B4:BF:E9:34:ED:81,-63,0,0,0,0,0
453487664,NODE_B0CBD8F33218,wormhole_a,4,B4:BF:E9:34:ED:81,-63,0,0,0,0,0
453587658,NODE_B0CBD8F33218,wormhole_a,4,B4:BF:E9:34:ED:81,-63,0,0,0,0,0
453687654,NODE_B0CBD8F33218,wormhole_a,4,B4:BF:E9:34:ED:81,-63,0,0,0,0,0
453787660,NODE_B0CBD8F33218,wormhole_a,4,B4:BF:E9:34:ED:81,-63,0,0,0,0,0
453897654,NODE_B0CBD8F33218,wormhole_a,4,B4:BF:E9:34:ED:81,-63,0,0,0,0,0
453997654,NODE_B0CBD8F33218,wormhole_a,4,B4:BF:E9:34:ED:81,-63,0,0,0,0,0
454097663,NODE_B0CBD8F33218,wormhole_a,4,B4:BF:E9:34:ED:81,-63,0,0,0,0,0
454197666,NODE_B0CBD8F33218,wormhole_a,4,B4:BF:E9:34:ED:81,-63,0,0,0,0,0
454307654,NODE_B0CBD8F33218,wormhole_a,4,B4:BF:E9:34:ED:81,-63,0,0,0,0,0
454407654,NODE_B0CBD8F33218,wormhole_a,4,B4:BF:E9:34:ED:81,-63,0,0,0,0,0
454517667,NODE_B0CBD8F33218,wormhole_a,4,B4:BF:E9:34:ED:81,-63,0,0,0,0,0
454617654,NODE_B0CBD8F33218,wormhole_a,4,B4:BF:E9:34:ED:81,-63,0,0,0,0,0
454717654,NODE_B0CBD8F33218,wormhole_a,4,B4:BF:E9:34:ED:81,-63,0,0,0,0,0
454817656,NODE_B0CBD8F33218,wormhole_a,4,B4:BF:E9:34:ED:81,-63,0,0,0,0,0
454927660,NODE_B0CBD8F33218,wormhole_a,4,B4:BF:E9:34:ED:81,-63,0,0,0,0,0
455027654,NODE_B0CBD8F33218,wormhole_a,4,B4:BF:E9:34:ED:81,-63,0,0,0,0,0
455127666,NODE_B0CBD8F33218,wormhole_a,4,B4:BF:E9:34:ED:81,-63,0,0,0,0,0
455227668,NODE_B0CBD8F33218,wormhole_a,4,B4:BF:E9:34:ED:81,-62,0,0,0,0,0
455337654,NODE_B0CBD8F33218,wormhole_a,4,B4:BF:E9:34:ED:81,-62,0,0,0,0,0
455437662,NODE_B0CBD8F33218,wormhole_a,4,B4:BF:E9:34:ED:81,-62,0,0,0,0,0
455547658,NODE_B0CBD8F33218,wormhole_a,4,B4:BF:E9:34:ED:81,-62,0,0,0,0,0
455647656,NODE_B0CBD8F33218,wormhole_a,4,B4:BF:E9:34:ED:81,-62,0,0,0,0,0
455747654,NODE_B0CBD8F33218,wormhole_a,4,B4:BF:E9:34:ED:81,-62,0,0,0,0,0
455847666,NODE_B0CBD8F33218,wormhole_a,4,B4:BF:E9:34:ED:81,-62,0,0,0,0,0
455957656,NODE_B0CBD8F33218,wormhole_a,4,B4:BF:E9:34:ED:81,-62,0,0,0,0,0
456057654,NODE_B0CBD8F33218,wormhole_a,4,B4:BF:E9:34:ED:81,-62,0,0,0,0,0
456157815,NODE_B0CBD8F33218,wormhole_a,4,B4:BF:E9:34:ED:81,-62,0,0,0,0,0
456257663,NODE_B0CBD8F33218,wormhole_a,4,B4:BF:E9:34:ED:81,-62,0,0,0,0,0
456367657,NODE_B0CBD8F33218,wormhole_a,4,B4:BF:E9:34:ED:81,-62,0,0,0,0,0
456467664,NODE_B0CBD8F33218,wormhole_a,4,B4:BF:E9:34:ED:81,-62,0,0,0,0,0
456577658,NODE_B0CBD8F33218,wormhole_a,4,B4:BF:E9:34:ED:81,-62,0,0,0,0,0
456677656,NODE_B0CBD8F33218,wormhole_a,4,B4:BF:E9:34:ED:81,-62,0,0,0,0,0
456777658,NODE_B0CBD8F33218,wormhole_a,4,B4:BF:E9:34:ED:81,-62,0,0,0,0,0
456877654,NODE_B0CBD8F33218,wormhole_a,4,B4:BF:E9:34:ED:81,-62,0,0,0,0,0
456987654,NODE_B0CBD8F33218,wormhole_a,4,B4:BF:E9:34:ED:81,-62,0,0,0,0,0
457087668,NODE_B0CBD8F33218,wormhole_a,4,B4:BF:E9:34:ED:81,-62,0,0,0,0,0
457187666,NODE_B0CBD8F33218,wormhole_a,4,B4:BF:E9:34:ED:81,-63,0,0,0,0,0
457287654,NODE_B0CBD8F33218,wormhole_a,4,B4:BF:E9:34:ED:81,-63,0,0,0,0,0
457397656,NODE_B0CBD8F33218,wormhole_a,4,B4:BF:E9:34:ED:81,-63,0,0,0,0,0
457497662,NODE_B0CBD8F33218,wormhole_a,4,B4:BF:E9:34:ED:81,-63,0,0,0,0,0
457607658,NODE_B0CBD8F33218,wormhole_a,4,B4:BF:E9:34:ED:81,-63,0,0,0,0,0
457707654,NODE_B0CBD8F33218,wormhole_a,4,B4:BF:E9:34:ED:81,-63,0,0,0,0,0
457807656,NODE_B0CBD8F33218,wormhole_a,4,B4:BF:E9:34:ED:81,-63,0,0,0,0,0
457907658,NODE_B0CBD8F33218,wormhole_a,4,B4:BF:E9:34:ED:81,-63,0,0,0,0,0
458007654,NODE_B0CBD8F33218,wormhole_a,4,B4:BF:E9:34:ED:81,-63,0,0,0,0,0
458107656,NODE_B0CBD8F33218,wormhole_a,4,B4:BF:E9:34:ED:81,-63,0,0,0,0,0
458217666,NODE_B0CBD8F33218,wormhole_a,4,B4:BF:E9:34:ED:81,-62,0,0,0,0,0
458317654,NODE_B0CBD8F33218,wormhole_a,4,B4:BF:E9:34:ED:81,-62,0,0,0,0,0
458417656,NODE_B0CBD8F33218,wormhole_a,4,B4:BF:E9:34:ED:81,-62,0,0,0,0,0
458527668,NODE_B0CBD8F33218,wormhole_a,4,B4:BF:E9:34:ED:81,-62,0,0,0,0,0
458627666,NODE_B0CBD8F33218,wormhole_a,4,B4:BF:E9:34:ED:81,-62,0,0,0,0,0
458727654,NODE_B0CBD8F33218,wormhole_a,4,B4:BF:E9:34:ED:81,-62,0,0,0,0,0
458837659,NODE_B0CBD8F33218,wormhole_a,4,B4:BF:E9:34:ED:81,-62,0,0,0,0,0
458937654,NODE_B0CBD8F33218,wormhole_a,4,B4:BF:E9:34:ED:81,-62,0,0,0,0,0
459037654,NODE_B0CBD8F33218,wormhole_a,4,B4:BF:E9:34:ED:81,-62,0,0,0,0,0
459137667,NODE_B0CBD8F33218,wormhole_a,4,B4:BF:E9:34:ED:81,-62,0,0,0,0,0
459247668,NODE_B0CBD8F33218,wormhole_a,4,B4:BF:E9:34:ED:81,-62,0,0,0,0,0
459347654,NODE_B0CBD8F33218,wormhole_a,4,B4:BF:E9:34:ED:81,-62,0,0,0,0,0
459447654,NODE_B0CBD8F33218,wormhole_a,4,B4:BF:E9:34:ED:81,-62,0,0,0,0,0
459557667,NODE_B0CBD8F33218,wormhole_a,4,B4:BF:E9:34:ED:81,-62,0,0,0,0,0
459657654,NODE_B0CBD8F33218,wormhole_a,4,B4:BF:E9:34:ED:81,-62,0,0,0,0,0
459757654,NODE_B0CBD8F33218,wormhole_a,4,B4:BF:E9:34:ED:81,-62,0,0,0,0,0
459867660,NODE_B0CBD8F33218,wormhole_a,4,B4:BF:E9:34:ED:81,-62,0,0,0,0,0
459967666,NODE_B0CBD8F33218,wormhole_a,4,B4:BF:E9:34:ED:81,-62,0,0,0,0,0
460067656,NODE_B0CBD8F33218,wormhole_a,4,B4:BF:E9:34:ED:81,-62,0,0,0,0,0
460167660,NODE_B0CBD8F33218,wormhole_a,4,B4:BF:E9:34:ED:81,-62,0,0,0,0,0
460277667,NODE_B0CBD8F33218,wormhole_a,4,B4:BF:E9:34:ED:81,-62,0,0,0,0,0
460377654,NODE_B0CBD8F33218,wormhole_a,4,B4:BF:E9:34:ED:81,-62,0,0,0,0,0
460477654,NODE_B0CBD8F33218,wormhole_a,4,B4:BF:E9:34:ED:81,-62,0,0,0,0,0
460587666,NODE_B0CBD8F33218,wormhole_a,4,B4:BF:E9:34:ED:81,-62,0,0,0,0,0
460687656,NODE_B0CBD8F33218,wormhole_a,4,B4:BF:E9:34:ED:81,-62,0,0,0,0,0
460787654,NODE_B0CBD8F33218,wormhole_a,4,B4:BF:E9:34:ED:81,-62,0,0,0,0,0
460897658,NODE_B0CBD8F33218,wormhole_a,4,B4:BF:E9:34:ED:81,-62,0,0,0,0,0
460997656,NODE_B0CBD8F33218,wormhole_a,4,B4:BF:E9:34:ED:81,-62,0,0,0,0,0
461097666,NODE_B0CBD8F33218,wormhole_a,4,B4:BF:E9:34:ED:81,-62,0,0,0,0,0
461197654,NODE_B0CBD8F33218,wormhole_a,4,B4:BF:E9:34:ED:81,-62,0,0,0,0,0
461307666,NODE_B0CBD8F33218,wormhole_a,4,B4:BF:E9:34:ED:81,-63,0,0,0,0,0
461407656,NODE_B0CBD8F33218,wormhole_a,4,B4:BF:E9:34:ED:81,-63,0,0,0,0,0
461507654,NODE_B0CBD8F33218,wormhole_a,4,B4:BF:E9:34:ED:81,-63,0,0,0,0,0
461617666,NODE_B0CBD8F33218,wormhole_a,4,B4:BF:E9:34:ED:81,-63,0,0,0,0,0
461717656,NODE_B0CBD8F33218,wormhole_a,4,B4:BF:E9:34:ED:81,-63,0,0,0,0,0
461817658,NODE_B0CBD8F33218,wormhole_a,4,B4:BF:E9:34:ED:81,-63,0,0,0,0,0
461927654,NODE_B0CBD8F33218,wormhole_a,4,B4:BF:E9:34:ED:81,-63,0,0,0,0,0
462027654,NODE_B0CBD8F33218,wormhole_a,4,B4:BF:E9:34:ED:81,-63,0,0,0,0,0
462127656,NODE_B0CBD8F33218,wormhole_a,4,B4:BF:E9:34:ED:81,-63,0,0,0,0,0
462227654,NODE_B0CBD8F33218,wormhole_a,4,B4:BF:E9:34:ED:81,-63,0,0,0,0,0
462337666,NODE_B0CBD8F33218,wormhole_a,4,B4:BF:E9:34:ED:81,-63,0,0,0,0,0
462437656,NODE_B0CBD8F33218,wormhole_a,4,B4:BF:E9:34:ED:81,-63,0,0,0,0,0
462537658,NODE_B0CBD8F33218,wormhole_a,4,B4:BF:E9:34:ED:81,-63,0,0,0,0,0
462647666,NODE_B0CBD8F33218,wormhole_a,4,B4:BF:E9:34:ED:81,-63,0,0,0,0,0
462747654,NODE_B0CBD8F33218,wormhole_a,4,B4:BF:E9:34:ED:81,-63,0,0,0,0,0
462847717,NODE_B0CBD8F33218,wormhole_a,4,B4:BF:E9:34:ED:81,-63,0,0,0,0,0
462957654,NODE_B0CBD8F33218,wormhole_a,4,B4:BF:E9:34:ED:81,-63,0,0,0,0,0
463057666,NODE_B0CBD8F33218,wormhole_a,4,B4:BF:E9:34:ED:81,-63,0,0,0,0,0
463157656,NODE_B0CBD8F33218,wormhole_a,4,B4:BF:E9:34:ED:81,-63,0,0,0,0,0
463257654,NODE_B0CBD8F33218,wormhole_a,4,B4:BF:E9:34:ED:81,-63,0,0,0,0,0
463367668,NODE_B0CBD8F33218,wormhole_a,4,B4:BF:E9:34:ED:81,-64,0,0,0,0,0
463467656,NODE_B0CBD8F33218,wormhole_a,4,B4:BF:E9:34:ED:81,-64,0,0,0,0,0
463567661,NODE_B0CBD8F33218,wormhole_a,4,B4:BF:E9:34:ED:81,-64,0,0,0,0,0
463677662,NODE_B0CBD8F33218,wormhole_a,4,B4:BF:E9:34:ED:81,-64,0,0,0,0,0
463777654,NODE_B0CBD8F33218,wormhole_a,4,B4:BF:E9:34:ED:81,-64,0,0,0,0,0
463877659,NODE_B0CBD8F33218,wormhole_a,4,B4:BF:E9:34:ED:81,-64,0,0,0,0,0
463987842,NODE_B0CBD8F33218,wormhole_a,4,B4:BF:E9:34:ED:81,-64,0,0,0,0,0
464087654,NODE_B0CBD8F33218,wormhole_a,4,B4:BF:E9:34:ED:81,-64,0,0,0,0,0
464187654,NODE_B0CBD8F33218,wormhole_a,4,B4:BF:E9:34:ED:81,-64,0,0,0,0,0
464287656,NODE_B0CBD8F33218,wormhole_a,4,B4:BF:E9:34:ED:81,-64,0,0,0,0,0
464387666,NODE_B0CBD8F33218,wormhole_a,4,B4:BF:E9:34:ED:81,-62,0,0,0,0,0
464487654,NODE_B0CBD8F33218,wormhole_a,4,B4:BF:E9:34:ED:81,-62,0,0,0,0,0
464597659,NODE_B0CBD8F33218,wormhole_a,4,B4:BF:E9:34:ED:81,-62,0,0,0,0,0
464697662,NODE_B0CBD8F33218,wormhole_a,4,B4:BF:E9:34:ED:81,-62,0,0,0,0,0
464807666,NODE_B0CBD8F33218,wormhole_a,4,B4:BF:E9:34:ED:81,-62,0,0,0,0,0
464907654,NODE_B0CBD8F33218,wormhole_a,4,B4:BF:E9:34:ED:81,-62,0,0,0,0,0
465007656,NODE_B0CBD8F33218,wormhole_a,4,B4:BF:E9:34:ED:81,-62,0,0,0,0,0
465107666,NODE_B0CBD8F33218,wormhole_a,4,B4:BF:E9:34:ED:81,-62,0,0,0,0,0
465217654,NODE_B0CBD8F33218,wormhole_a,4,B4:BF:E9:34:ED:81,-62,0,0,0,0,0
465317656,NODE_B0CBD8F33218,wormhole_a,4,B4:BF:E9:34:ED:81,-62,0,0,0,0,0
465417666,NODE_B0CBD8F33218,wormhole_a,4,B4:BF:E9:34:ED:81,-64,0,0,0,0,0
465517658,NODE_B0CBD8F33218,wormhole_a,4,B4:BF:E9:34:ED:81,-64,0,0,0,0,0
465627658,NODE_B0CBD8F33218,wormhole_a,4,B4:BF:E9:34:ED:81,-64,0,0,0,0,0
465727664,NODE_B0CBD8F33218,wormhole_a,4,B4:BF:E9:34:ED:81,-64,0,0,0,0,0
465837658,NODE_B0CBD8F33218,wormhole_a,4,B4:BF:E9:34:ED:81,-64,0,0,0,0,0
465937654,NODE_B0CBD8F33218,wormhole_a,4,B4:BF:E9:34:ED:81,-64,0,0,0,0,0
466037656,NODE_B0CBD8F33218,wormhole_a,4,B4:BF:E9:34:ED:81,-64,0,0,0,0,0
466137654,NODE_B0CBD8F33218,wormhole_a,4,B4:BF:E9:34:ED:81,-64,0,0,0,0,0
466247654,NODE_B0CBD8F33218,wormhole_a,4,B4:BF:E9:34:ED:81,-64,0,0,0,0,0
466347654,NODE_B0CBD8F33218,wormhole_a,4,B4:BF:E9:34:ED:81,-64,0,0,0,0,0
466447668,NODE_B0CBD8F33218,wormhole_a,4,B4:BF:E9:34:ED:81,-64,0,0,0,0,0
466547890,NODE_B0CBD8F33218,wormhole_a,4,B4:BF:E9:34:ED:81,-64,0,0,0,0,0
466657658,NODE_B0CBD8F33218,wormhole_a,4,B4:BF:E9:34:ED:81,-64,0,0,0,0,0
466757663,NODE_B0CBD8F33218,wormhole_a,4,B4:BF:E9:34:ED:81,-64,0,0,0,0,0
466867661,NODE_B0CBD8F33218,wormhole_a,4,B4:BF:E9:34:ED:81,-64,0,0,0,0,0
466967656,NODE_B0CBD8F33218,wormhole_a,4,B4:BF:E9:34:ED:81,-64,0,0,0,0,0
467067668,NODE_B0CBD8F33218,wormhole_a,4,B4:BF:E9:34:ED:81,-64,0,0,0,0,0
467167657,NODE_B0CBD8F33218,wormhole_a,4,B4:BF:E9:34:ED:81,-64,0,0,0,0,0
467277654,NODE_B0CBD8F33218,wormhole_a,4,B4:BF:E9:34:ED:81,-64,0,0,0,0,0
467377654,NODE_B0CBD8F33218,wormhole_a,4,B4:BF:E9:34:ED:81,-64,0,0,0,0,0
467477667,NODE_B0CBD8F33218,wormhole_a,4,B4:BF:E9:34:ED:81,-64,0,0,0,0,0
467577658,NODE_B0CBD8F33218,wormhole_a,4,B4:BF:E9:34:ED:81,-64,0,0,0,0,0
467687654,NODE_B0CBD8F33218,wormhole_a,4,B4:BF:E9:34:ED:81,-64,0,0,0,0,0
467787666,NODE_B0CBD8F33218,wormhole_a,4,B4:BF:E9:34:ED:81,-64,0,0,0,0,0
467897656,NODE_B0CBD8F33218,wormhole_a,4,B4:BF:E9:34:ED:81,-64,0,0,0,0,0
467997654,NODE_B0CBD8F33218,wormhole_a,4,B4:BF:E9:34:ED:81,-64,0,0,0,0,0
468097654,NODE_B0CBD8F33218,wormhole_a,4,B4:BF:E9:34:ED:81,-64,0,0,0,0,0
468197656,NODE_B0CBD8F33218,wormhole_a,4,B4:BF:E9:34:ED:81,-64,0,0,0,0,0
468307656,NODE_B0CBD8F33218,wormhole_a,4,B4:BF:E9:34:ED:81,-64,0,0,0,0,0
468407654,NODE_B0CBD8F33218,wormhole_a,4,B4:BF:E9:34:ED:81,-64,0,0,0,0,0
468507666,NODE_B0CBD8F33218,wormhole_a,4,B4:BF:E9:34:ED:81,-64,0,0,0,0,0
468607660,NODE_B0CBD8F33218,wormhole_a,4,B4:BF:E9:34:ED:81,-64,0,0,0,0,0
468717654,NODE_B0CBD8F33218,wormhole_a,4,B4:BF:E9:34:ED:81,-64,0,0,0,0,0
468817666,NODE_B0CBD8F33218,wormhole_a,4,B4:BF:E9:34:ED:81,-64,0,0,0,0,0
468927654,NODE_B0CBD8F33218,wormhole_a,4,B4:BF:E9:34:ED:81,-64,0,0,0,0,0
469027656,NODE_B0CBD8F33218,wormhole_a,4,B4:BF:E9:34:ED:81,-64,0,0,0,0,0
469127666,NODE_B0CBD8F33218,wormhole_a,4,B4:BF:E9:34:ED:81,-64,0,0,0,0,0
469227654,NODE_B0CBD8F33218,wormhole_a,4,B4:BF:E9:34:ED:81,-64,0,0,0,0,0
469327656,NODE_B0CBD8F33218,wormhole_a,4,B4:BF:E9:34:ED:81,-64,0,0,0,0,0
469427654,NODE_B0CBD8F33218,wormhole_a,4,B4:BF:E9:34:ED:81,-64,0,0,0,0,0
469537666,NODE_B0CBD8F33218,wormhole_a,4,B4:BF:E9:34:ED:81,-63,0,0,0,0,0
469637656,NODE_B0CBD8F33218,wormhole_a,4,B4:BF:E9:34:ED:81,-63,0,0,0,0,0
469737658,NODE_B0CBD8F33218,wormhole_a,4,B4:BF:E9:34:ED:81,-63,0,0,0,0,0
469847666,NODE_B0CBD8F33218,wormhole_a,4,B4:BF:E9:34:ED:81,-63,0,0,0,0,0
469947654,NODE_B0CBD8F33218,wormhole_a,4,B4:BF:E9:34:ED:81,-63,0,0,0,0,0
470048038,NODE_B0CBD8F33218,wormhole_a,4,B4:BF:E9:34:ED:81,-63,0,0,0,0,0
470157654,NODE_B0CBD8F33218,wormhole_a,4,B4:BF:E9:34:ED:81,-63,0,0,0,0,0
470257654,NODE_B0CBD8F33218,wormhole_a,4,B4:BF:E9:34:ED:81,-63,0,0,0,0,0
470357655,NODE_B0CBD8F33218,wormhole_a,4,B4:BF:E9:34:ED:81,-63,0,0,0,0,0
470457654,NODE_B0CBD8F33218,wormhole_a,4,B4:BF:E9:34:ED:81,-63,0,0,0,0,0
470567668,NODE_B0CBD8F33218,wormhole_a,4,B4:BF:E9:34:ED:81,-64,0,0,0,0,0
470667656,NODE_B0CBD8F33218,wormhole_a,4,B4:BF:E9:34:ED:81,-64,0,0,0,0,0
470767661,NODE_B0CBD8F33218,wormhole_a,4,B4:BF:E9:34:ED:81,-64,0,0,0,0,0
470877662,NODE_B0CBD8F33218,wormhole_a,4,B4:BF:E9:34:ED:81,-64,0,0,0,0,0
470977654,NODE_B0CBD8F33218,wormhole_a,4,B4:BF:E9:34:ED:81,-64,0,0,0,0,0
471077667,NODE_B0CBD8F33218,wormhole_a,4,B4:BF:E9:34:ED:81,-64,0,0,0,0,0
471187656,NODE_B0CBD8F33218,wormhole_a,4,B4:BF:E9:34:ED:81,-64,0,0,0,0,0
471287654,NODE_B0CBD8F33218,wormhole_a,4,B4:BF:E9:34:ED:81,-64,0,0,0,0,0
471387654,NODE_B0CBD8F33218,wormhole_a,4,B4:BF:E9:34:ED:81,-64,0,0,0,0,0
471487656,NODE_B0CBD8F33218,wormhole_a,4,B4:BF:E9:34:ED:81,-64,0,0,0,0,0
471597666,NODE_B0CBD8F33218,wormhole_a,4,B4:BF:E9:34:ED:81,-64,0,0,0,0,0
471697654,NODE_B0CBD8F33218,wormhole_a,4,B4:BF:E9:34:ED:81,-64,0,0,0,0,0
471797659,NODE_B0CBD8F33218,wormhole_a,4,B4:BF:E9:34:ED:81,-64,0,0,0,0,0
471907664,NODE_B0CBD8F33218,wormhole_a,4,B4:BF:E9:34:ED:81,-64,0,0,0,0,0
472007654,NODE_B0CBD8F33218,wormhole_a,4,B4:BF:E9:34:ED:81,-64,0,0,0,0,0
472107654,NODE_B0CBD8F33218,wormhole_a,4,B4:BF:E9:34:ED:81,-64,0,0,0,0,0
472217656,NODE_B0CBD8F33218,wormhole_a,4,B4:BF:E9:34:ED:81,-64,0,0,0,0,0
472317654,NODE_B0CBD8F33218,wormhole_a,4,B4:BF:E9:34:ED:81,-64,0,0,0,0,0
472417654,NODE_B0CBD8F33218,wormhole_a,4,B4:BF:E9:34:ED:81,-64,0,0,0,0,0
472517659,NODE_B0CBD8F33218,wormhole_a,4,B4:BF:E9:34:ED:81,-64,0,0,0,0,0
472627668,NODE_B0CBD8F33218,wormhole_a,4,B4:BF:E9:34:ED:81,-64,0,0,0,0,0
472727654,NODE_B0CBD8F33218,wormhole_a,4,B4:BF:E9:34:ED:81,-64,0,0,0,0,0
472827654,NODE_B0CBD8F33218,wormhole_a,4,B4:BF:E9:34:ED:81,-64,0,0,0,0,0
472937667,NODE_B0CBD8F33218,wormhole_a,4,B4:BF:E9:34:ED:81,-64,0,0,0,0,0
473037654,NODE_B0CBD8F33218,wormhole_a,4,B4:BF:E9:34:ED:81,-64,0,0,0,0,0
473137666,NODE_B0CBD8F33218,wormhole_a,4,B4:BF:E9:34:ED:81,-64,0,0,0,0,0
473247654,NODE_B0CBD8F33218,wormhole_a,4,B4:BF:E9:34:ED:81,-64,0,0,0,0,0
473347717,NODE_B0CBD8F33218,wormhole_a,4,B4:BF:E9:34:ED:81,-64,0,0,0,0,0
473447654,NODE_B0CBD8F33218,wormhole_a,4,B4:BF:E9:34:ED:81,-64,0,0,0,2,2
473547666,NODE_B0CBD8F33218,wormhole_a,4,B4:BF:E9:34:ED:81,-64,0,1,1,2,2
473657667,NODE_B0CBD8F33218,wormhole_a,4,B4:BF:E9:34:ED:81,-63,0,1,1,2,2
473758193,NODE_B0CBD8F33218,wormhole_a,4,B4:BF:E9:34:ED:81,-63,0,1,1,2,2
473857666,NODE_B0CBD8F33218,wormhole_a,4,B4:BF:E9:34:ED:81,-63,0,1,1,2,2
473967662,NODE_B0CBD8F33218,wormhole_a,4,B4:BF:E9:34:ED:81,-63,0,1,1,2,2
474067656,NODE_B0CBD8F33218,wormhole_a,4,B4:BF:E9:34:ED:81,-63,0,1,1,2,2
474167654,NODE_B0CBD8F33218,wormhole_a,4,B4:BF:E9:34:ED:81,-63,0,1,1,2,2
474277654,NODE_B0CBD8F33218,wormhole_a,4,B4:BF:E9:34:ED:81,-63,0,1,1,2,2
474377656,NODE_B0CBD8F33218,wormhole_a,4,B4:BF:E9:34:ED:81,-63,0,1,1,2,2
474477654,NODE_B0CBD8F33218,wormhole_a,4,B4:BF:E9:34:ED:81,-63,0,1,1,2,2
474577674,NODE_B0CBD8F33218,wormhole_a,4,B4:BF:E9:34:ED:81,-63,0,2,2,2,2
474677667,NODE_B0CBD8F33218,wormhole_a,4,B4:BF:E9:34:ED:81,-63,0,2,2,2,2
474777655,NODE_B0CBD8F33218,wormhole_a,4,B4:BF:E9:34:ED:81,-63,0,2,2,2,2
474887658,NODE_B0CBD8F33218,wormhole_a,4,B4:BF:E9:34:ED:81,-63,0,2,2,2,2
474997662,NODE_B0CBD8F33218,wormhole_a,4,B4:BF:E9:34:ED:81,-63,0,2,2,2,2
475097667,NODE_B0CBD8F33218,wormhole_a,4,B4:BF:E9:34:ED:81,-63,0,2,2,2,2
475197654,NODE_B0CBD8F33218,wormhole_a,4,B4:BF:E9:34:ED:81,-63,0,2,2,2,2
475307656,NODE_B0CBD8F33218,wormhole_a,4,B4:BF:E9:34:ED:81,-63,0,2,2,2,2
475407656,NODE_B0CBD8F33218,wormhole_a,4,B4:BF:E9:34:ED:81,-63,0,2,2,2,2
475507881,NODE_B0CBD8F33218,wormhole_a,4,B4:BF:E9:34:ED:81,-63,0,2,2,2,2
475607676,NODE_B0CBD8F33218,wormhole_a,4,B4:BF:E9:34:ED:81,-63,0,3,3,2,2
475707668,NODE_B0CBD8F33218,wormhole_a,4,B4:BF:E9:34:ED:81,-64,0,3,3,2,2
475807657,NODE_B0CBD8F33218,wormhole_a,4,B4:BF:E9:34:ED:81,-64,0,3,3,2,2
475917666,NODE_B0CBD8F33218,wormhole_a,4,B4:BF:E9:34:ED:81,-64,0,3,3,2,2
476017654,NODE_B0CBD8F33218,wormhole_a,4,B4:BF:E9:34:ED:81,-64,0,3,3,2,2
476127654,NODE_B0CBD8F33218,wormhole_a,4,B4:BF:E9:34:ED:81,-64,0,3,3,2,2
476227656,NODE_B0CBD8F33218,wormhole_a,4,B4:BF:E9:34:ED:81,-64,0,3,3,2,2
476327654,NODE_B0CBD8F33218,wormhole_a,4,B4:BF:E9:34:ED:81,-64,0,3,3,2,2
476427654,NODE_B0CBD8F33218,wormhole_a,4,B4:BF:E9:34:ED:81,-64,0,3,3,2,2
476537667,NODE_B0CBD8F33218,wormhole_a,4,B4:BF:E9:34:ED:81,-64,0,4,4,2,2
476638089,NODE_B0CBD8F33218,wormhole_a,4,B4:BF:E9:34:ED:81,-63,0,4,4,2,2
476737666,NODE_B0CBD8F33218,wormhole_a,4,B4:BF:E9:34:ED:81,-63,0,4,4,2,2
476837663,NODE_B0CBD8F33218,wormhole_a,4,B4:BF:E9:34:ED:81,-63,0,4,4,2,2
476947664,NODE_B0CBD8F33218,wormhole_a,4,B4:BF:E9:34:ED:81,-63,0,4,4,2,2
477048060,NODE_B0CBD8F33218,wormhole_a,4,B4:BF:E9:34:ED:81,-63,0,4,4,2,2
477157658,NODE_B0CBD8F33218,wormhole_a,4,B4:BF:E9:34:ED:81,-63,0,4,4,2,2
477257656,NODE_B0CBD8F33218,wormhole_a,4,B4:BF:E9:34:ED:81,-63,0,4,4,2,2
477357654,NODE_B0CBD8F33218,wormhole_a,4,B4:BF:E9:34:ED:81,-63,0,4,4,2,2
477457654,NODE_B0CBD8F33218,wormhole_a,4,B4:BF:E9:34:ED:81,-63,0,4,4,2,2
477567666,NODE_B0CBD8F33218,wormhole_a,4,B4:BF:E9:34:ED:81,-63,0,5,5,2,2
477667668,NODE_B0CBD8F33218,wormhole_a,4,B4:BF:E9:34:ED:81,-63,0,5,5,2,2
477767662,NODE_B0CBD8F33218,wormhole_a,4,B4:BF:E9:34:ED:81,-63,0,5,5,2,2
477867654,NODE_B0CBD8F33218,wormhole_a,4,B4:BF:E9:34:ED:81,-63,0,5,5,2,2
477977667,NODE_B0CBD8F33218,wormhole_a,4,B4:BF:E9:34:ED:81,-63,0,5,5,2,2
478077654,NODE_B0CBD8F33218,wormhole_a,4,B4:BF:E9:34:ED:81,-63,0,5,5,2,2
478187654,NODE_B0CBD8F33218,wormhole_a,4,B4:BF:E9:34:ED:81,-63,0,5,5,2,2
478287654,NODE_B0CBD8F33218,wormhole_a,4,B4:BF:E9:34:ED:81,-63,0,5,5,2,2
478387656,NODE_B0CBD8F33218,wormhole_a,4,B4:BF:E9:34:ED:81,-63,0,5,5,2,2
478487654,NODE_B0CBD8F33218,wormhole_a,4,B4:BF:E9:34:ED:81,-63,0,5,5,2,2
478597666,NODE_B0CBD8F33218,wormhole_a,4,B4:BF:E9:34:ED:81,-63,0,6,6,2,2
478697667,NODE_B0CBD8F33218,wormhole_a,4,B4:BF:E9:34:ED:81,-59,0,6,6,2,2
478797654,NODE_B0CBD8F33218,wormhole_a,4,B4:BF:E9:34:ED:81,-59,0,6,6,2,2
478897658,NODE_B0CBD8F33218,wormhole_a,4,B4:BF:E9:34:ED:81,-59,0,6,6,2,2
479007664,NODE_B0CBD8F33218,wormhole_a,4,B4:BF:E9:34:ED:81,-59,0,6,6,2,2
479107669,NODE_B0CBD8F33218,wormhole_a,4,B4:BF:E9:34:ED:81,-59,0,6,6,2,2
479217654,NODE_B0CBD8F33218,wormhole_a,4,B4:BF:E9:34:ED:81,-59,0,6,6,2,2
479317654,NODE_B0CBD8F33218,wormhole_a,4,B4:BF:E9:34:ED:81,-59,0,6,6,2,2
479417656,NODE_B0CBD8F33218,wormhole_a,4,B4:BF:E9:34:ED:81,-59,0,6,6,2,2
479517666,NODE_B0CBD8F33218,wormhole_a,4,B4:BF:E9:34:ED:81,-59,0,7,7,2,2
479627658,NODE_B0CBD8F33218,wormhole_a,4,B4:BF:E9:34:ED:81,-59,0,7,7,2,2
479727666,NODE_B0CBD8F33218,wormhole_a,4,B4:BF:E9:34:ED:81,-64,0,7,7,2,2
479827668,NODE_B0CBD8F33218,wormhole_a,4,B4:BF:E9:34:ED:81,-64,0,7,7,2,2
479927655,NODE_B0CBD8F33218,wormhole_a,4,B4:BF:E9:34:ED:81,-64,0,7,7,2,2
480037662,NODE_B0CBD8F33218,wormhole_a,4,B4:BF:E9:34:ED:81,-64,0,7,7,2,2
480137656,NODE_B0CBD8F33218,wormhole_a,4,B4:BF:E9:34:ED:81,-64,0,7,7,2,2
480247656,NODE_B0CBD8F33218,wormhole_a,4,B4:BF:E9:34:ED:81,-64,0,7,7,2,2
480347654,NODE_B0CBD8F33218,wormhole_a,4,B4:BF:E9:34:ED:81,-64,0,7,7,2,2
480447654,NODE_B0CBD8F33218,wormhole_a,4,B4:BF:E9:34:ED:81,-64,0,7,7,2,2
480547668,NODE_B0CBD8F33218,wormhole_a,4,B4:BF:E9:34:ED:81,-64,0,8,8,2,2
480647658,NODE_B0CBD8F33218,wormhole_a,4,B4:BF:E9:34:ED:81,-64,0,8,8,2,2
480747666,NODE_B0CBD8F33218,wormhole_a,4,B4:BF:E9:34:ED:81,-64,0,8,8,2,2
480857740,NODE_B0CBD8F33218,wormhole_a,4,B4:BF:E9:34:ED:81,-64,0,8,8,2,2
480957654,NODE_B0CBD8F33218,wormhole_a,4,B4:BF:E9:34:ED:81,-64,0,8,8,2,2
481057674,NODE_B0CBD8F33218,wormhole_a,4,B4:BF:E9:34:ED:81,-64,0,8,8,2,2
481167654,NODE_B0CBD8F33218,wormhole_a,4,B4:BF:E9:34:ED:81,-64,0,8,8,2,2
481267656,NODE_B0CBD8F33218,wormhole_a,4,B4:BF:E9:34:ED:81,-64,0,8,8,2,2
481367654,NODE_B0CBD8F33218,wormhole_a,4,B4:BF:E9:34:ED:81,-64,0,8,8,2,2
481477654,NODE_B0CBD8F33218,wormhole_a,4,B4:BF:E9:34:ED:81,-64,0,8,8,2,2
481577667,NODE_B0CBD8F33218,wormhole_a,4,B4:BF:E9:34:ED:81,-64,0,9,9,2,2
481677658,NODE_B0CBD8F33218,wormhole_a,4,B4:BF:E9:34:ED:81,-64,0,9,9,2,2
481777666,NODE_B0CBD8F33218,wormhole_a,4,B4:BF:E9:34:ED:81,-62,0,9,9,2,2
481887658,NODE_B0CBD8F33218,wormhole_a,4,B4:BF:E9:34:ED:81,-62,0,9,9,2,2
481987656,NODE_B0CBD8F33218,wormhole_a,4,B4:BF:E9:34:ED:81,-62,0,9,9,2,2
482087662,NODE_B0CBD8F33218,wormhole_a,4,B4:BF:E9:34:ED:81,-62,0,9,9,2,2
482197654,NODE_B0CBD8F33218,wormhole_a,4,B4:BF:E9:34:ED:81,-62,0,9,9,2,2
482297656,NODE_B0CBD8F33218,wormhole_a,4,B4:BF:E9:34:ED:81,-62,0,9,9,2,2
482397654,NODE_B0CBD8F33218,wormhole_a,4,B4:BF:E9:34:ED:81,-62,0,9,9,2,2
482507656,NODE_B0CBD8F33218,wormhole_a,4,B4:BF:E9:34:ED:81,-62,0,9,9,2,2
482607666,NODE_B0CBD8F33218,wormhole_a,4,B4:BF:E9:34:ED:81,-62,0,10,10,2,2
482707656,NODE_B0CBD8F33218,wormhole_a,4,B4:BF:E9:34:ED:81,-62,0,10,10,2,2
482807666,NODE_B0CBD8F33218,wormhole_a,4,B4:BF:E9:34:ED:81,-62,0,10,10,2,2
482917656,NODE_B0CBD8F33218,wormhole_a,4,B4:BF:E9:34:ED:81,-62,0,10,10,2,2
483017657,NODE_B0CBD8F33218,wormhole_a,4,B4:BF:E9:34:ED:81,-62,0,10,10,2,2
483117676,NODE_B0CBD8F33218,wormhole_a,4,B4:BF:E9:34:ED:81,-62,0,10,10,2,2
483227654,NODE_B0CBD8F33218,wormhole_a,4,B4:BF:E9:34:ED:81,-62,0,10,10,2,2
483327654,NODE_B0CBD8F33218,wormhole_a,4,B4:BF:E9:34:ED:81,-62,0,10,10,2,2
483427656,NODE_B0CBD8F33218,wormhole_a,4,B4:BF:E9:34:ED:81,-62,0,10,10,2,2
483537666,NODE_B0CBD8F33218,wormhole_a,4,B4:BF:E9:34:ED:81,-62,0,11,11,2,2
483637658,NODE_B0CBD8F33218,wormhole_a,4,B4:BF:E9:34:ED:81,-62,0,11,11,2,2
483737656,NODE_B0CBD8F33218,wormhole_a,4,B4:BF:E9:34:ED:81,-62,0,11,11,2,2
483837666,NODE_B0CBD8F33218,wormhole_a,4,B4:BF:E9:34:ED:81,-63,0,11,11,2,2
483947654,NODE_B0CBD8F33218,wormhole_a,4,B4:BF:E9:34:ED:81,-63,0,11,11,2,2
484048049,NODE_B0CBD8F33218,wormhole_a,4,B4:BF:E9:34:ED:81,-63,0,11,11,2,2
484147664,NODE_B0CBD8F33218,wormhole_a,4,B4:BF:E9:34:ED:81,-63,0,11,11,2,2
484257654,NODE_B0CBD8F33218,wormhole_a,4,B4:BF:E9:34:ED:81,-63,0,11,11,2,2
484357654,NODE_B0CBD8F33218,wormhole_a,4,B4:BF:E9:34:ED:81,-63,0,11,11,2,2
484457656,NODE_B0CBD8F33218,wormhole_a,4,B4:BF:E9:34:ED:81,-63,0,11,11,2,2
484567668,NODE_B0CBD8F33218,wormhole_a,4,B4:BF:E9:34:ED:81,-63,0,12,12,2,2
484667658,NODE_B0CBD8F33218,wormhole_a,4,B4:BF:E9:34:ED:81,-63,0,12,12,2,2
484767654,NODE_B0CBD8F33218,wormhole_a,4,B4:BF:E9:34:ED:81,-63,0,12,12,2,2
484867668,NODE_B0CBD8F33218,wormhole_a,4,B4:BF:E9:34:ED:81,-63,0,12,12,2,2
484977654,NODE_B0CBD8F33218,wormhole_a,4,B4:BF:E9:34:ED:81,-63,0,12,12,2,2
485077666,NODE_B0CBD8F33218,wormhole_a,4,B4:BF:E9:34:ED:81,-63,0,12,12,2,2
485177663,NODE_B0CBD8F33218,wormhole_a,4,B4:BF:E9:34:ED:81,-63,0,12,12,2,2
485287656,NODE_B0CBD8F33218,wormhole_a,4,B4:BF:E9:34:ED:81,-63,0,12,12,2,2
485387654,NODE_B0CBD8F33218,wormhole_a,4,B4:BF:E9:34:ED:81,-63,0,12,12,2,2
485487654,NODE_B0CBD8F33218,wormhole_a,4,B4:BF:E9:34:ED:81,-63,0,12,12,2,2
485597667,NODE_B0CBD8F33218,wormhole_a,4,B4:BF:E9:34:ED:81,-63,0,13,13,2,2
485697654,NODE_B0CBD8F33218,wormhole_a,4,B4:BF:E9:34:ED:81,-63,0,13,13,2,2
485797658,NODE_B0CBD8F33218,wormhole_a,4,B4:BF:E9:34:ED:81,-63,0,13,13,2,2
485897667,NODE_B0CBD8F33218,wormhole_a,4,B4:BF:E9:34:ED:81,-63,0,13,13,2,2
486007657,NODE_B0CBD8F33218,wormhole_a,4,B4:BF:E9:34:ED:81,-63,0,13,13,2,2
486107656,NODE_B0CBD8F33218,wormhole_a,4,B4:BF:E9:34:ED:81,-63,0,13,13,2,2
486207664,NODE_B0CBD8F33218,wormhole_a,4,B4:BF:E9:34:ED:81,-63,0,13,13,2,2
486317656,NODE_B0CBD8F33218,wormhole_a,4,B4:BF:E9:34:ED:81,-63,0,13,13,2,2
486417654,NODE_B0CBD8F33218,wormhole_a,4,B4:BF:E9:34:ED:81,-63,0,13,13,2,2
486517855,NODE_B0CBD8F33218,wormhole_a,4,B4:BF:E9:34:ED:81,-63,0,13,14,2,2
486627658,NODE_B0CBD8F33218,wormhole_a,4,B4:BF:E9:34:ED:81,-63,0,14,14,2,2
486727656,NODE_B0CBD8F33218,wormhole_a,4,B4:BF:E9:34:ED:81,-63,0,14,14,2,2
486827658,NODE_B0CBD8F33218,wormhole_a,4,B4:BF:E9:34:ED:81,-63,0,14,14,2,2
486927666,NODE_B0CBD8F33218,wormhole_a,4,B4:BF:E9:34:ED:81,-63,0,14,14,2,2
487037656,NODE_B0CBD8F33218,wormhole_a,4,B4:BF:E9:34:ED:81,-63,0,14,14,2,2
487137666,NODE_B0CBD8F33218,wormhole_a,4,B4:BF:E9:34:ED:81,-63,0,14,14,2,2
487237662,NODE_B0CBD8F33218,wormhole_a,4,B4:BF:E9:34:ED:81,-63,0,14,14,2,2
487347654,NODE_B0CBD8F33218,wormhole_a,4,B4:BF:E9:34:ED:81,-63,0,14,14,2,2
487447656,NODE_B0CBD8F33218,wormhole_a,4,B4:BF:E9:34:ED:81,-63,0,14,14,2,2
487547666,NODE_B0CBD8F33218,wormhole_a,4,B4:BF:E9:34:ED:81,-63,0,15,15,2,2
487657658,NODE_B0CBD8F33218,wormhole_a,4,B4:BF:E9:34:ED:81,-63,0,15,15,2,2
487757656,NODE_B0CBD8F33218,wormhole_a,4,B4:BF:E9:34:ED:81,-63,0,15,15,2,2
487857658,NODE_B0CBD8F33218,wormhole_a,4,B4:BF:E9:34:ED:81,-63,0,15,15,2,2
487957666,NODE_B0CBD8F33218,wormhole_a,4,B4:BF:E9:34:ED:81,-62,0,15,15,2,2
488067654,NODE_B0CBD8F33218,wormhole_a,4,B4:BF:E9:34:ED:81,-62,0,15,15,2,2
488167656,NODE_B0CBD8F33218,wormhole_a,4,B4:BF:E9:34:ED:81,-62,0,15,15,2,2
488267662,NODE_B0CBD8F33218,wormhole_a,4,B4:BF:E9:34:ED:81,-62,0,15,15,2,2
488377654,NODE_B0CBD8F33218,wormhole_a,4,B4:BF:E9:34:ED:81,-62,0,15,15,2,2
488477656,NODE_B0CBD8F33218,wormhole_a,4,B4:BF:E9:34:ED:81,-62,0,15,15,2,2
488577666,NODE_B0CBD8F33218,wormhole_a,4,B4:BF:E9:34:ED:81,-62,0,16,16,2,2
488687658,NODE_B0CBD8F33218,wormhole_a,4,B4:BF:E9:34:ED:81,-62,0,16,16,2,2
488787658,NODE_B0CBD8F33218,wormhole_a,4,B4:BF:E9:34:ED:81,-62,0,16,16,2,2
488887656,NODE_B0CBD8F33218,wormhole_a,4,B4:BF:E9:34:ED:81,-62,0,16,16,2,2
488987666,NODE_B0CBD8F33218,wormhole_a,4,B4:BF:E9:34:ED:81,-63,0,16,16,2,2
489097658,NODE_B0CBD8F33218,wormhole_a,4,B4:BF:E9:34:ED:81,-63,0,16,16,2,2
489197656,NODE_B0CBD8F33218,wormhole_a,4,B4:BF:E9:34:ED:81,-63,0,16,16,2,2
489297662,NODE_B0CBD8F33218,wormhole_a,4,B4:BF:E9:34:ED:81,-63,0,16,16,2,2
489407656,NODE_B0CBD8F33218,wormhole_a,4,B4:BF:E9:34:ED:81,-63,0,16,16,2,2
489507656,NODE_B0CBD8F33218,wormhole_a,4,B4:BF:E9:34:ED:81,-63,0,16,16,2,2
489607668,NODE_B0CBD8F33218,wormhole_a,4,B4:BF:E9:34:ED:81,-63,0,17,17,2,2
489717656,NODE_B0CBD8F33218,wormhole_a,4,B4:BF:E9:34:ED:81,-63,0,17,17,2,2
489817660,NODE_B0CBD8F33218,wormhole_a,4,B4:BF:E9:34:ED:81,-63,0,17,17,2,2
489917657,NODE_B0CBD8F33218,wormhole_a,4,B4:BF:E9:34:ED:81,-63,0,17,17,2,2
490017660,NODE_B0CBD8F33218,wormhole_a,4,B4:BF:E9:34:ED:81,-63,0,17,17,2,2
490127654,NODE_B0CBD8F33218,wormhole_a,4,B4:BF:E9:34:ED:81,-63,0,17,17,2,2
490227654,NODE_B0CBD8F33218,wormhole_a,4,B4:BF:E9:34:ED:81,-63,0,17,17,2,2
490327664,NODE_B0CBD8F33218,wormhole_a,4,B4:BF:E9:34:ED:81,-63,0,17,17,2,2
490437654,NODE_B0CBD8F33218,wormhole_a,4,B4:BF:E9:34:ED:81,-63,0,17,17,2,2
490537666,NODE_B0CBD8F33218,wormhole_a,4,B4:BF:E9:34:ED:81,-63,0,18,18,2,2
490637659,NODE_B0CBD8F33218,wormhole_a,4,B4:BF:E9:34:ED:81,-63,0,18,18,2,2
490747656,NODE_B0CBD8F33218,wormhole_a,4,B4:BF:E9:34:ED:81,-63,0,18,18,2,2
490847654,NODE_B0CBD8F33218,wormhole_a,4,B4:BF:E9:34:ED:81,-63,0,18,18,2,2
490947658,NODE_B0CBD8F33218,wormhole_a,4,B4:BF:E9:34:ED:81,-63,0,18,18,2,2
491048046,NODE_B0CBD8F33218,wormhole_a,4,B4:BF:E9:34:ED:81,-63,0,18,18,2,2
491157658,NODE_B0CBD8F33218,wormhole_a,4,B4:BF:E9:34:ED:81,-63,0,18,18,2,2
491257654,NODE_B0CBD8F33218,wormhole_a,4,B4:BF:E9:34:ED:81,-63,0,18,18,2,2
491357663,NODE_B0CBD8F33218,wormhole_a,4,B4:BF:E9:34:ED:81,-63,0,18,18,2,2
491467656,NODE_B0CBD8F33218,wormhole_a,4,B4:BF:E9:34:ED:81,-63,0,18,18,2,2
491567666,NODE_B0CBD8F33218,wormhole_a,4,B4:BF:E9:34:ED:81,-63,0,19,19,2,2
491667658,NODE_B0CBD8F33218,wormhole_a,4,B4:BF:E9:34:ED:81,-63,0,19,19,2,2
491777663,NODE_B0CBD8F33218,wormhole_a,4,B4:BF:E9:34:ED:81,-63,0,19,19,2,2
491877654,NODE_B0CBD8F33218,wormhole_a,4,B4:BF:E9:34:ED:81,-63,0,19,19,2,2
491977654,NODE_B0CBD8F33218,wormhole_a,4,B4:BF:E9:34:ED:81,-63,0,19,19,2,2
492077659,NODE_B0CBD8F33218,wormhole_a,4,B4:BF:E9:34:ED:81,-63,0,19,19,2,2
492187656,NODE_B0CBD8F33218,wormhole_a,4,B4:BF:E9:34:ED:81,-63,0,19,19,2,2
492287654,NODE_B0CBD8F33218,wormhole_a,4,B4:BF:E9:34:ED:81,-63,0,19,19,2,2
492387662,NODE_B0CBD8F33218,wormhole_a,4,B4:BF:E9:34:ED:81,-63,0,19,19,2,2
492497656,NODE_B0CBD8F33218,wormhole_a,4,B4:BF:E9:34:ED:81,-63,0,19,19,2,2
492597666,NODE_B0CBD8F33218,wormhole_a,4,B4:BF:E9:34:ED:81,-63,0,20,20,2,2
492697658,NODE_B0CBD8F33218,wormhole_a,4,B4:BF:E9:34:ED:81,-63,0,20,20,2,2
492807658,NODE_B0CBD8F33218,wormhole_a,4,B4:BF:E9:34:ED:81,-63,0,20,20,2,2
492907656,NODE_B0CBD8F33218,wormhole_a,4,B4:BF:E9:34:ED:81,-63,0,20,20,2,2
493007654,NODE_B0CBD8F33218,wormhole_a,4,B4:BF:E9:34:ED:81,-63,0,20,20,2,2
493107670,NODE_B0CBD8F33218,wormhole_a,4,B4:BF:E9:34:ED:81,-64,0,20,20,2,2
493217657,NODE_B0CBD8F33218,wormhole_a,4,B4:BF:E9:34:ED:81,-64,0,20,20,2,2
493317656,NODE_B0CBD8F33218,wormhole_a,4,B4:BF:E9:34:ED:81,-64,0,20,20,2,2
493417664,NODE_B0CBD8F33218,wormhole_a,4,B4:BF:E9:34:ED:81,-64,0,20,20,2,2
493527666,NODE_B0CBD8F33218,wormhole_a,4,B4:BF:E9:34:ED:81,-64,0,21,21,2,2
493627660,NODE_B0CBD8F33218,wormhole_a,4,B4:BF:E9:34:ED:81,-64,0,21,21,2,2
493727654,NODE_B0CBD8F33218,wormhole_a,4,B4:BF:E9:34:ED:81,-64,0,21,21,2,2
493837797,NODE_B0CBD8F33218,wormhole_a,4,B4:BF:E9:34:ED:81,-64,0,21,21,2,2
493937659,NODE_B0CBD8F33218,wormhole_a,4,B4:BF:E9:34:ED:81,-64,0,21,21,2,2
494037662,NODE_B0CBD8F33218,wormhole_a,4,B4:BF:E9:34:ED:81,-64,0,21,21,2,2
494137666,NODE_B0CBD8F33218,wormhole_a,4,B4:BF:E9:34:ED:81,-64,0,21,21,2,2
494247654,NODE_B0CBD8F33218,wormhole_a,4,B4:BF:E9:34:ED:81,-64,0,21,21,2,2
494347656,NODE_B0CBD8F33218,wormhole_a,4,B4:BF:E9:34:ED:81,-64,0,21,21,2,2
494447662,NODE_B0CBD8F33218,wormhole_a,4,B4:BF:E9:34:ED:81,-64,0,21,21,2,2
494557666,NODE_B0CBD8F33218,wormhole_a,4,B4:BF:E9:34:ED:81,-64,0,22,22,2,2
494657659,NODE_B0CBD8F33218,wormhole_a,4,B4:BF:E9:34:ED:81,-64,0,22,22,2,2
494757654,NODE_B0CBD8F33218,wormhole_a,4,B4:BF:E9:34:ED:81,-64,0,22,22,2,2
494867658,NODE_B0CBD8F33218,wormhole_a,4,B4:BF:E9:34:ED:81,-64,0,22,22,2,2
494967654,NODE_B0CBD8F33218,wormhole_a,4,B4:BF:E9:34:ED:81,-64,0,22,22,2,2
495067672,NODE_B0CBD8F33218,wormhole_a,4,B4:BF:E9:34:ED:81,-64,0,22,22,2,2
495167662,NODE_B0CBD8F33218,wormhole_a,4,B4:BF:E9:34:ED:81,-63,0,22,22,2,2
495277654,NODE_B0CBD8F33218,wormhole_a,4,B4:BF:E9:34:ED:81,-63,0,22,22,2,2
495377663,NODE_B0CBD8F33218,wormhole_a,4,B4:BF:E9:34:ED:81,-63,0,22,22,2,2
495477654,NODE_B0CBD8F33218,wormhole_a,4,B4:BF:E9:34:ED:81,-63,0,22,22,2,2
495587666,NODE_B0CBD8F33218,wormhole_a,4,B4:BF:E9:34:ED:81,-63,0,23,23,2,2
495687658,NODE_B0CBD8F33218,wormhole_a,4,B4:BF:E9:34:ED:81,-63,0,23,23,2,2
495787656,NODE_B0CBD8F33218,wormhole_a,4,B4:BF:E9:34:ED:81,-63,0,23,23,2,2
495897658,NODE_B0CBD8F33218,wormhole_a,4,B4:BF:E9:34:ED:81,-63,0,23,23,2,2
495997654,NODE_B0CBD8F33218,wormhole_a,4,B4:BF:E9:34:ED:81,-63,0,23,23,2,2
496097667,NODE_B0CBD8F33218,wormhole_a,4,B4:BF:E9:34:ED:81,-63,0,23,23,2,2
496197662,NODE_B0CBD8F33218,wormhole_a,4,B4:BF:E9:34:ED:81,-63,0,23,23,2,2
496307654,NODE_B0CBD8F33218,wormhole_a,4,B4:BF:E9:34:ED:81,-63,0,23,23,2,2
496407662,NODE_B0CBD8F33218,wormhole_a,4,B4:BF:E9:34:ED:81,-63,0,23,23,2,2
496507656,NODE_B0CBD8F33218,wormhole_a,4,B4:BF:E9:34:ED:81,-63,0,23,23,2,2
496617666,NODE_B0CBD8F33218,wormhole_a,4,B4:BF:E9:34:ED:81,-63,0,24,24,2,2
496717658,NODE_B0CBD8F33218,wormhole_a,4,B4:BF:E9:34:ED:81,-63,0,24,24,2,2
496817656,NODE_B0CBD8F33218,wormhole_a,4,B4:BF:E9:34:ED:81,-63,0,24,24,2,2
496927660,NODE_B0CBD8F33218,wormhole_a,4,B4:BF:E9:34:ED:81,-63,0,24,24,2,2
497027654,NODE_B0CBD8F33218,wormhole_a,4,B4:BF:E9:34:ED:81,-63,0,24,24,2,2
497127670,NODE_B0CBD8F33218,wormhole_a,4,B4:BF:E9:34:ED:81,-63,0,24,24,2,2
497227656,NODE_B0CBD8F33218,wormhole_a,4,B4:BF:E9:34:ED:81,-63,0,24,24,2,2
497337654,NODE_B0CBD8F33218,wormhole_a,4,B4:BF:E9:34:ED:81,-63,0,24,24,2,2
497437662,NODE_B0CBD8F33218,wormhole_a,4,B4:BF:E9:34:ED:81,-63,0,24,24,2,2
497537659,NODE_B0CBD8F33218,wormhole_a,4,B4:BF:E9:34:ED:81,-63,0,25,25,2,2
497647668,NODE_B0CBD8F33218,wormhole_a,4,B4:BF:E9:34:ED:81,-63,0,25,25,2,2
497747654,NODE_B0CBD8F33218,wormhole_a,4,B4:BF:E9:34:ED:81,-63,0,25,25,2,2
497847658,NODE_B0CBD8F33218,wormhole_a,4,B4:BF:E9:34:ED:81,-63,0,25,25,2,2
497957656,NODE_B0CBD8F33218,wormhole_a,4,B4:BF:E9:34:ED:81,-63,0,25,25,2,2
498057654,NODE_B0CBD8F33218,wormhole_a,4,B4:BF:E9:34:ED:81,-63,0,25,25,2,2
498157666,NODE_B0CBD8F33218,wormhole_a,4,B4:BF:E9:34:ED:81,-64,0,25,25,2,2
498257656,NODE_B0CBD8F33218,wormhole_a,4,B4:BF:E9:34:ED:81,-64,0,25,25,2,2
498367656,NODE_B0CBD8F33218,wormhole_a,4,B4:BF:E9:34:ED:81,-64,0,25,25,2,2
498467654,NODE_B0CBD8F33218,wormhole_a,4,B4:BF:E9:34:ED:81,-64,0,25,25,2,2
498567666,NODE_B0CBD8F33218,wormhole_a,4,B4:BF:E9:34:ED:81,-64,0,26,26,2,2
498677659,NODE_B0CBD8F33218,wormhole_a,4,B4:BF:E9:34:ED:81,-64,0,26,26,2,2
498777654,NODE_B0CBD8F33218,wormhole_a,4,B4:BF:E9:34:ED:81,-64,0,26,26,2,2
498877658,NODE_B0CBD8F33218,wormhole_a,4,B4:BF:E9:34:ED:81,-64,0,26,26,2,2
498987654,NODE_B0CBD8F33218,wormhole_a,4,B4:BF:E9:34:ED:81,-64,0,26,26,2,2
499087668,NODE_B0CBD8F33218,wormhole_a,4,B4:BF:E9:34:ED:81,-64,0,26,26,2,2
499187666,NODE_B0CBD8F33218,wormhole_a,4,B4:BF:E9:34:ED:81,-64,0,26,26,2,2
499287654,NODE_B0CBD8F33218,wormhole_a,4,B4:BF:E9:34:ED:81,-64,0,26,26,2,2
499397656,NODE_B0CBD8F33218,wormhole_a,4,B4:BF:E9:34:ED:81,-64,0,26,26,2,2
499497662,NODE_B0CBD8F33218,wormhole_a,4,B4:BF:E9:34:ED:81,-64,0,26,26,2,2
499597658,NODE_B0CBD8F33218,wormhole_a,4,B4:BF:E9:34:ED:81,-64,0,27,27,2,2
499707666,NODE_B0CBD8F33218,wormhole_a,4,B4:BF:E9:34:ED:81,-64,0,27,27,2,2
499807656,NODE_B0CBD8F33218,wormhole_a,4,B4:BF:E9:34:ED:81,-64,0,27,27,2,2
499907658,NODE_B0CBD8F33218,wormhole_a,4,B4:BF:E9:34:ED:81,-64,0,27,27,2,2
500017656,NODE_B0CBD8F33218,wormhole_a,4,B4:BF:E9:34:ED:81,-64,0,27,27,2,2
500117657,NODE_B0CBD8F33218,wormhole_a,4,B4:BF:E9:34:ED:81,-64,0,27,27,2,2
500217668,NODE_B0CBD8F33218,wormhole_a,4,B4:BF:E9:34:ED:81,-63,0,27,27,2,2
500317656,NODE_B0CBD8F33218,wormhole_a,4,B4:BF:E9:34:ED:81,-63,0,27,27,2,2
500427654,NODE_B0CBD8F33218,wormhole_a,4,B4:BF:E9:34:ED:81,-63,0,27,27,2,2
500527668,NODE_B0CBD8F33218,wormhole_a,4,B4:BF:E9:34:ED:81,-63,0,28,28,2,2
500627658,NODE_B0CBD8F33218,wormhole_a,4,B4:BF:E9:34:ED:81,-63,0,28,28,2,2
500737654,NODE_B0CBD8F33218,wormhole_a,4,B4:BF:E9:34:ED:81,-63,0,28,28,2,2
500837663,NODE_B0CBD8F33218,wormhole_a,4,B4:BF:E9:34:ED:81,-63,0,28,28,2,2
500937654,NODE_B0CBD8F33218,wormhole_a,4,B4:BF:E9:34:ED:81,-63,0,28,28,2,2
501048056,NODE_B0CBD8F33218,wormhole_a,4,B4:BF:E9:34:ED:81,-63,0,28,28,2,2
501147666,NODE_B0CBD8F33218,wormhole_a,4,B4:BF:E9:34:ED:81,-63,0,28,28,2,2
501247668,NODE_B0CBD8F33218,wormhole_a,4,B4:BF:E9:34:ED:81,-64,0,28,28,2,2
501347655,NODE_B0CBD8F33218,wormhole_a,4,B4:BF:E9:34:ED:81,-64,0,28,28,2,2
501457654,NODE_B0CBD8F33218,wormhole_a,4,B4:BF:E9:34:ED:81,-64,0,28,28,2,2
501557667,NODE_B0CBD8F33218,wormhole_a,4,B4:BF:E9:34:ED:81,-64,0,29,29,2,2
501657658,NODE_B0CBD8F33218,wormhole_a,4,B4:BF:E9:34:ED:81,-64,0,29,29,2,2
501767654,NODE_B0CBD8F33218,wormhole_a,4,B4:BF:E9:34:ED:81,-64,0,29,29,2,2
501867658,NODE_B0CBD8F33218,wormhole_a,4,B4:BF:E9:34:ED:81,-64,0,29,29,2,2
501967656,NODE_B0CBD8F33218,wormhole_a,4,B4:BF:E9:34:ED:81,-64,0,29,29,2,2
502077654,NODE_B0CBD8F33218,wormhole_a,4,B4:BF:E9:34:ED:81,-64,0,29,29,2,2
502177654,NODE_B0CBD8F33218,wormhole_a,4,B4:BF:E9:34:ED:81,-64,0,29,29,2,2
502277667,NODE_B0CBD8F33218,wormhole_a,4,B4:BF:E9:34:ED:81,-64,0,29,29,2,2
502377654,NODE_B0CBD8F33218,wormhole_a,4,B4:BF:E9:34:ED:81,-64,0,29,29,2,2
502487654,NODE_B0CBD8F33218,wormhole_a,4,B4:BF:E9:34:ED:81,-64,0,29,29,2,2
502587666,NODE_B0CBD8F33218,wormhole_a,4,B4:BF:E9:34:ED:81,-64,0,30,30,2,2
502687660,NODE_B0CBD8F33218,wormhole_a,4,B4:BF:E9:34:ED:81,-64,0,30,30,2,2
502797654,NODE_B0CBD8F33218,wormhole_a,4,B4:BF:E9:34:ED:81,-64,0,30,30,2,2
502897658,NODE_B0CBD8F33218,wormhole_a,4,B4:BF:E9:34:ED:81,-64,0,30,30,2,2
502997656,NODE_B0CBD8F33218,wormhole_a,4,B4:BF:E9:34:ED:81,-64,0,30,30,2,2
503107668,NODE_B0CBD8F33218,wormhole_a,4,B4:BF:E9:34:ED:81,-64,0,30,30,2,2
503207715,NODE_B0CBD8F33218,wormhole_a,4,B4:BF:E9:34:ED:81,-64,0,30,30,2,2
503307666,NODE_B0CBD8F33218,wormhole_a,4,B4:BF:E9:34:ED:81,-63,0,30,30,2,2
503407656,NODE_B0CBD8F33218,wormhole_a,4,B4:BF:E9:34:ED:81,-63,0,30,30,2,2
503517660,NODE_B0CBD8F33218,wormhole_a,4,B4:BF:E9:34:ED:81,-63,0,30,30,2,2
503617668,NODE_B0CBD8F33218,wormhole_a,4,B4:BF:E9:34:ED:81,-63,0,31,31,2,2
503717661,NODE_B0CBD8F33218,wormhole_a,4,B4:BF:E9:34:ED:81,-63,0,31,31,2,2
503827660,NODE_B0CBD8F33218,wormhole_a,4,B4:BF:E9:34:ED:81,-63,0,31,31,2,2
503927654,NODE_B0CBD8F33218,wormhole_a,4,B4:BF:E9:34:ED:81,-63,0,31,31,2,2
504027654,NODE_B0CBD8F33218,wormhole_a,4,B4:BF:E9:34:ED:81,-63,0,31,31,2,2
504137656,NODE_B0CBD8F33218,wormhole_a,4,B4:BF:E9:34:ED:81,-63,0,31,31,2,2
504237654,NODE_B0CBD8F33218,wormhole_a,4,B4:BF:E9:34:ED:81,-63,0,31,31,2,2
504337666,NODE_B0CBD8F33218,wormhole_a,4,B4:BF:E9:34:ED:81,-63,0,31,31,2,2
504437656,NODE_B0CBD8F33218,wormhole_a,4,B4:BF:E9:34:ED:81,-63,0,31,31,2,2
504537666,NODE_B0CBD8F33218,wormhole_a,4,B4:BF:E9:34:ED:81,-63,0,32,32,2,2
504647666,NODE_B0CBD8F33218,wormhole_a,4,B4:BF:E9:34:ED:81,-63,0,32,32,2,2
504747654,NODE_B0CBD8F33218,wormhole_a,4,B4:BF:E9:34:ED:81,-63,0,32,32,2,2
504857659,NODE_B0CBD8F33218,wormhole_a,4,B4:BF:E9:34:ED:81,-63,0,32,32,2,2
504957654,NODE_B0CBD8F33218,wormhole_a,4,B4:BF:E9:34:ED:81,-63,0,32,32,2,2
505057666,NODE_B0CBD8F33218,wormhole_a,4,B4:BF:E9:34:ED:81,-63,0,32,32,2,2
505167654,NODE_B0CBD8F33218,wormhole_a,4,B4:BF:E9:34:ED:81,-63,0,32,32,2,2
505267656,NODE_B0CBD8F33218,wormhole_a,4,B4:BF:E9:34:ED:81,-63,0,32,32,2,2
505367666,NODE_B0CBD8F33218,wormhole_a,4,B4:BF:E9:34:ED:81,-63,0,32,32,2,2
505467654,NODE_B0CBD8F33218,wormhole_a,4,B4:BF:E9:34:ED:81,-63,0,32,32,2,2
505567668,NODE_B0CBD8F33218,wormhole_a,4,B4:BF:E9:34:ED:81,-63,0,33,33,2,2
505677666,NODE_B0CBD8F33218,wormhole_a,4,B4:BF:E9:34:ED:81,-63,0,33,33,2,2
505777654,NODE_B0CBD8F33218,wormhole_a,4,B4:BF:E9:34:ED:81,-63,0,33,33,2,2
505877659,NODE_B0CBD8F33218,wormhole_a,4,B4:BF:E9:34:ED:81,-63,0,33,33,2,2
505987656,NODE_B0CBD8F33218,wormhole_a,4,B4:BF:E9:34:ED:81,-63,0,33,33,2,2
506087654,NODE_B0CBD8F33218,wormhole_a,4,B4:BF:E9:34:ED:81,-63,0,33,33,2,2
506197654,NODE_B0CBD8F33218,wormhole_a,4,B4:BF:E9:34:ED:81,-63,0,33,33,2,2
506297656,NODE_B0CBD8F33218,wormhole_a,4,B4:BF:E9:34:ED:81,-63,0,33,33,2,2
506397666,NODE_B0CBD8F33218,wormhole_a,4,B4:BF:E9:34:ED:81,-63,0,33,33,2,2
506497654,NODE_B0CBD8F33218,wormhole_a,4,B4:BF:E9:34:ED:81,-63,0,33,33,2,2
506597667,NODE_B0CBD8F33218,wormhole_a,4,B4:BF:E9:34:ED:81,-63,0,34,34,2,2
506707669,NODE_B0CBD8F33218,wormhole_a,4,B4:BF:E9:34:ED:81,-63,0,34,34,2,2
506807660,NODE_B0CBD8F33218,wormhole_a,4,B4:BF:E9:34:ED:81,-63,0,34,34,2,2
506907664,NODE_B0CBD8F33218,wormhole_a,4,B4:BF:E9:34:ED:81,-63,0,34,34,2,2
507017655,NODE_B0CBD8F33218,wormhole_a,4,B4:BF:E9:34:ED:81,-63,0,34,34,2,2
507117666,NODE_B0CBD8F33218,wormhole_a,4,B4:BF:E9:34:ED:81,-63,0,34,34,2,2
507227654,NODE_B0CBD8F33218,wormhole_a,4,B4:BF:E9:34:ED:81,-63,0,34,34,2,2
507327654,NODE_B0CBD8F33218,wormhole_a,4,B4:BF:E9:34:ED:81,-63,0,34,34,2,2
507427668,NODE_B0CBD8F33218,wormhole_a,4,B4:BF:E9:34:ED:81,-63,0,34,34,2,2
507527658,NODE_B0CBD8F33218,wormhole_a,4,B4:BF:E9:34:ED:81,-63,0,35,35,2,2
507628352,NODE_B0CBD8F33218,wormhole_a,4,B4:BF:E9:34:ED:81,-63,0,35,35,2,2
507737659,NODE_B0CBD8F33218,wormhole_a,4,B4:BF:E9:34:ED:81,-63,0,35,35,2,2
507837654,NODE_B0CBD8F33218,wormhole_a,4,B4:BF:E9:34:ED:81,-63,0,35,35,2,2
507937666,NODE_B0CBD8F33218,wormhole_a,4,B4:BF:E9:34:ED:81,-63,0,35,35,2,2
508048053,NODE_B0CBD8F33218,wormhole_a,4,B4:BF:E9:34:ED:81,-63,0,35,35,2,2
508147656,NODE_B0CBD8F33218,wormhole_a,4,B4:BF:E9:34:ED:81,-63,0,35,35,2,2
508247654,NODE_B0CBD8F33218,wormhole_a,4,B4:BF:E9:34:ED:81,-63,0,35,35,2,2
508347654,NODE_B0CBD8F33218,wormhole_a,4,B4:BF:E9:34:ED:81,-63,0,35,35,2,2
508457667,NODE_B0CBD8F33218,wormhole_a,4,B4:BF:E9:34:ED:81,-63,0,35,35,2,2
508557737,NODE_B0CBD8F33218,wormhole_a,4,B4:BF:E9:34:ED:81,-63,0,36,36,2,2
508657666,NODE_B0CBD8F33218,wormhole_a,4,B4:BF:E9:34:ED:81,-63,0,36,36,2,2
508767654,NODE_B0CBD8F33218,wormhole_a,4,B4:BF:E9:34:ED:81,-63,0,36,36,2,2
508867660,NODE_B0CBD8F33218,wormhole_a,4,B4:BF:E9:34:ED:81,-63,0,36,36,2,2
508967662,NODE_B0CBD8F33218,wormhole_a,4,B4:BF:E9:34:ED:81,-63,0,36,36,2,2
509077666,NODE_B0CBD8F33218,wormhole_a,4,B4:BF:E9:34:ED:81,-63,0,36,36,2,2
509177656,NODE_B0CBD8F33218,wormhole_a,4,B4:BF:E9:34:ED:81,-63,0,36,36,2,2
509277654,NODE_B0CBD8F33218,wormhole_a,4,B4:BF:E9:34:ED:81,-63,0,36,36,2,2
509377654,NODE_B0CBD8F33218,wormhole_a,4,B4:BF:E9:34:ED:81,-63,0,36,36,2,2
509487666,NODE_B0CBD8F33218,wormhole_a,4,B4:BF:E9:34:ED:81,-64,0,36,36,2,2
509587660,NODE_B0CBD8F33218,wormhole_a,4,B4:BF:E9:34:ED:81,-64,0,37,37,2,2
509687666,NODE_B0CBD8F33218,wormhole_a,4,B4:BF:E9:34:ED:81,-64,0,37,37,2,2
509797658,NODE_B0CBD8F33218,wormhole_a,4,B4:BF:E9:34:ED:81,-64,0,37,37,2,2
509897656,NODE_B0CBD8F33218,wormhole_a,4,B4:BF:E9:34:ED:81,-64,0,37,37,2,2
509997662,NODE_B0CBD8F33218,wormhole_a,4,B4:BF:E9:34:ED:81,-64,0,37,37,2,2
510107656,NODE_B0CBD8F33218,wormhole_a,4,B4:BF:E9:34:ED:81,-64,0,37,37,2,2
510207656,NODE_B0CBD8F33218,wormhole_a,4,B4:BF:E9:34:ED:81,-64,0,37,37,2,2
510307657,NODE_B0CBD8F33218,wormhole_a,4,B4:BF:E9:34:ED:81,-64,0,37,37,2,2
510407656,NODE_B0CBD8F33218,wormhole_a,4,B4:BF:E9:34:ED:81,-64,0,37,37,2,2
510517864,NODE_B0CBD8F33218,wormhole_a,4,B4:BF:E9:34:ED:81,-63,0,37,38,2,2
510617655,NODE_B0CBD8F33218,wormhole_a,4,B4:BF:E9:34:ED:81,-63,0,38,38,2,2
510717658,NODE_B0CBD8F33218,wormhole_a,4,B4:BF:E9:34:ED:81,-63,0,38,38,2,2
510827666,NODE_B0CBD8F33218,wormhole_a,4,B4:BF:E9:34:ED:81,-63,0,38,38,2,2
510927654,NODE_B0CBD8F33218,wormhole_a,4,B4:BF:E9:34:ED:81,-63,0,38,38,2,2
511027656,NODE_B0CBD8F33218,wormhole_a,4,B4:BF:E9:34:ED:81,-63,0,38,38,2,2
511137666,NODE_B0CBD8F33218,wormhole_a,4,B4:BF:E9:34:ED:81,-63,0,38,38,2,2
511237654,NODE_B0CBD8F33218,wormhole_a,4,B4:BF:E9:34:ED:81,-63,0,38,38,2,2
511337656,NODE_B0CBD8F33218,wormhole_a,4,B4:BF:E9:34:ED:81,-63,0,38,38,2,2
511437654,NODE_B0CBD8F33218,wormhole_a,4,B4:BF:E9:34:ED:81,-63,0,38,38,2,2
511547666,NODE_B0CBD8F33218,wormhole_a,4,B4:BF:E9:34:ED:81,-63,0,39,39,2,2
511647654,NODE_B0CBD8F33218,wormhole_a,4,B4:BF:E9:34:ED:81,-63,0,39,39,2,2
511747660,NODE_B0CBD8F33218,wormhole_a,4,B4:BF:E9:34:ED:81,-63,0,39,39,2,2
511857666,NODE_B0CBD8F33218,wormhole_a,4,B4:BF:E9:34:ED:81,-63,0,39,39,2,2
511957654,NODE_B0CBD8F33218,wormhole_a,4,B4:BF:E9:34:ED:81,-63,0,39,39,2,2
512057656,NODE_B0CBD8F33218,wormhole_a,4,B4:BF:E9:34:ED:81,-63,0,39,39,2,2
512167713,NODE_B0CBD8F33218,wormhole_a,4,B4:BF:E9:34:ED:81,-63,0,39,39,2,2
512267654,NODE_B0CBD8F33218,wormhole_a,4,B4:BF:E9:34:ED:81,-63,0,39,39,2,2
512367654,NODE_B0CBD8F33218,wormhole_a,4,B4:BF:E9:34:ED:81,-63,0,39,39,2,2
512467664,NODE_B0CBD8F33218,wormhole_a,4,B4:BF:E9:34:ED:81,-63,0,39,39,2,2
512577674,NODE_B0CBD8F33218,wormhole_a,4,B4:BF:E9:34:ED:81,-65,0,40,40,2,2
512677654,NODE_B0CBD8F33218,wormhole_a,4,B4:BF:E9:34:ED:81,-65,0,40,40,2,2
512777659,NODE_B0CBD8F33218,wormhole_a,4,B4:BF:E9:34:ED:81,-65,0,40,40,2,2
512887664,NODE_B0CBD8F33218,wormhole_a,4,B4:BF:E9:34:ED:81,-65,0,40,40,2,2
512987654,NODE_B0CBD8F33218,wormhole_a,4,B4:BF:E9:34:ED:81,-65,0,40,40,2,2
513087666,NODE_B0CBD8F33218,wormhole_a,4,B4:BF:E9:34:ED:81,-65,0,40,40,2,2
513197656,NODE_B0CBD8F33218,wormhole_a,4,B4:BF:E9:34:ED:81,-65,0,40,40,2,2
513297654,NODE_B0CBD8F33218,wormhole_a,4,B4:BF:E9:34:ED:81,-65,0,40,40,2,2
513397654,NODE_B0CBD8F33218,wormhole_a,4,B4:BF:E9:34:ED:81,-65,0,40,40,2,2
513497663,NODE_B0CBD8F33218,wormhole_a,4,B4:BF:E9:34:ED:81,-65,0,40,40,2,2
513607669,NODE_B0CBD8F33218,wormhole_a,4,B4:BF:E9:34:ED:81,-65,0,41,41,2,2
513707660,NODE_B0CBD8F33218,wormhole_a,4,B4:BF:E9:34:ED:81,-65,0,41,41,2,2
513807668,NODE_B0CBD8F33218,wormhole_a,4,B4:BF:E9:34:ED:81,-65,0,41,41,2,2
513917656,NODE_B0CBD8F33218,wormhole_a,4,B4:BF:E9:34:ED:81,-65,0,41,41,2,2
514017654,NODE_B0CBD8F33218,wormhole_a,4,B4:BF:E9:34:ED:81,-65,0,41,41,2,2
514117654,NODE_B0CBD8F33218,wormhole_a,4,B4:BF:E9:34:ED:81,-65,0,41,41,2,2
514227654,NODE_B0CBD8F33218,wormhole_a,4,B4:BF:E9:34:ED:81,-65,0,41,41,2,2
514327656,NODE_B0CBD8F33218,wormhole_a,4,B4:BF:E9:34:ED:81,-65,0,41,41,2,2
514427654,NODE_B0CBD8F33218,wormhole_a,4,B4:BF:E9:34:ED:81,-65,0,41,41,2,2
514527674,NODE_B0CBD8F33218,wormhole_a,4,B4:BF:E9:34:ED:81,-65,0,41,42,2,2
514637659,NODE_B0CBD8F33218,wormhole_a,4,B4:BF:E9:34:ED:81,-65,0,42,42,2,2
514737654,NODE_B0CBD8F33218,wormhole_a,4,B4:BF:E9:34:ED:81,-65,0,42,42,2,2
514837662,NODE_B0CBD8F33218,wormhole_a,4,B4:BF:E9:34:ED:81,-65,0,42,42,2,2
514947658,NODE_B0CBD8F33218,wormhole_a,4,B4:BF:E9:34:ED:81,-65,0,42,42,2,2
515048062,NODE_B0CBD8F33218,wormhole_a,4,B4:BF:E9:34:ED:81,-65,0,42,42,2,2
515147666,NODE_B0CBD8F33218,wormhole_a,4,B4:BF:E9:34:ED:81,-65,0,42,42,2,2
515257654,NODE_B0CBD8F33218,wormhole_a,4,B4:BF:E9:34:ED:81,-65,0,42,42,2,2
515357656,NODE_B0CBD8F33218,wormhole_a,4,B4:BF:E9:34:ED:81,-65,0,42,42,2,2
515457654,NODE_B0CBD8F33218,wormhole_a,4,B4:BF:E9:34:ED:81,-65,0,42,42,2,2
515557674,NODE_B0CBD8F33218,wormhole_a,4,B4:BF:E9:34:ED:81,-65,0,43,43,2,2
515667658,NODE_B0CBD8F33218,wormhole_a,4,B4:BF:E9:34:ED:81,-65,0,43,43,2,2
515767656,NODE_B0CBD8F33218,wormhole_a,4,B4:BF:E9:34:ED:81,-65,0,43,43,2,2
515867666,NODE_B0CBD8F33218,wormhole_a,4,B4:BF:E9:34:ED:81,-65,0,43,43,2,2
515977654,NODE_B0CBD8F33218,wormhole_a,4,B4:BF:E9:34:ED:81,-65,0,43,43,2,2
516077656,NODE_B0CBD8F33218,wormhole_a,4,B4:BF:E9:34:ED:81,-65,0,43,43,2,2
516177654,NODE_B0CBD8F33218,wormhole_a,4,B4:BF:E9:34:ED:81,-65,0,43,43,2,2
516287654,NODE_B0CBD8F33218,wormhole_a,4,B4:BF:E9:34:ED:81,-65,0,43,43,2,2
516387654,NODE_B0CBD8F33218,wormhole_a,4,B4:BF:E9:34:ED:81,-65,0,43,43,2,2
516487656,NODE_B0CBD8F33218,wormhole_a,4,B4:BF:E9:34:ED:81,-65,0,43,43,2,2
516587674,NODE_B0CBD8F33218,wormhole_a,4,B4:BF:E9:34:ED:81,-64,0,44,44,2,2
516697658,NODE_B0CBD8F33218,wormhole_a,4,B4:BF:E9:34:ED:81,-64,0,44,44,2,2
516797655,NODE_B0CBD8F33218,wormhole_a,4,B4:BF:E9:34:ED:81,-64,0,44,44,2,2
516897666,NODE_B0CBD8F33218,wormhole_a,4,B4:BF:E9:34:ED:81,-64,0,44,44,2,2
517007656,NODE_B0CBD8F33218,wormhole_a,4,B4:BF:E9:34:ED:81,-64,0,44,44,2,2
517107668,NODE_B0CBD8F33218,wormhole_a,4,B4:BF:E9:34:ED:81,-64,0,44,44,2,2
517207657,NODE_B0CBD8F33218,wormhole_a,4,B4:BF:E9:34:ED:81,-64,0,44,44,2,2
517317654,NODE_B0CBD8F33218,wormhole_a,4,B4:BF:E9:34:ED:81,-64,0,44,44,2,2
517417654,NODE_B0CBD8F33218,wormhole_a,4,B4:BF:E9:34:ED:81,-64,0,44,44,2,2
517518107,NODE_B0CBD8F33218,wormhole_a,4,B4:BF:E9:34:ED:81,-64,0,44,44,2,2
517617676,NODE_B0CBD8F33218,wormhole_a,4,B4:BF:E9:34:ED:81,-65,0,45,45,2,2
517727658,NODE_B0CBD8F33218,wormhole_a,4,B4:BF:E9:34:ED:81,-65,0,45,45,2,2
517827654,NODE_B0CBD8F33218,wormhole_a,4,B4:BF:E9:34:ED:81,-65,0,45,45,2,2
517927668,NODE_B0CBD8F33218,wormhole_a,4,B4:BF:E9:34:ED:81,-65,0,45,45,2,2
518037654,NODE_B0CBD8F33218,wormhole_a,4,B4:BF:E9:34:ED:81,-65,0,45,45,2,2
518137654,NODE_B0CBD8F33218,wormhole_a,4,B4:BF:E9:34:ED:81,-65,0,45,45,2,2
518237656,NODE_B0CBD8F33218,wormhole_a,4,B4:BF:E9:34:ED:81,-65,0,45,45,2,2
518347656,NODE_B0CBD8F33218,wormhole_a,4,B4:BF:E9:34:ED:81,-65,0,45,45,2,2
518447654,NODE_B0CBD8F33218,wormhole_a,4,B4:BF:E9:34:ED:81,-65,0,45,45,2,2
518547666,NODE_B0CBD8F33218,wormhole_a,4,B4:BF:E9:34:ED:81,-65,0,46,46,2,2
518647668,NODE_B0CBD8F33218,wormhole_a,4,B4:BF:E9:34:ED:81,-65,0,46,46,2,2
518757658,NODE_B0CBD8F33218,wormhole_a,4,B4:BF:E9:34:ED:81,-65,0,46,46,2,2
518857658,NODE_B0CBD8F33218,wormhole_a,4,B4:BF:E9:34:ED:81,-65,0,46,46,2,2
518957663,NODE_B0CBD8F33218,wormhole_a,4,B4:BF:E9:34:ED:81,-65,0,46,46,2,2
519067668,NODE_B0CBD8F33218,wormhole_a,4,B4:BF:E9:34:ED:81,-65,0,46,46,2,2
519167654,NODE_B0CBD8F33218,wormhole_a,4,B4:BF:E9:34:ED:81,-65,0,46,46,2,2
519267654,NODE_B0CBD8F33218,wormhole_a,4,B4:BF:E9:34:ED:81,-65,0,46,46,2,2
519377656,NODE_B0CBD8F33218,wormhole_a,4,B4:BF:E9:34:ED:81,-65,0,46,46,2,2
519477654,NODE_B0CBD8F33218,wormhole_a,4,B4:BF:E9:34:ED:81,-65,0,46,46,2,2
519577666,NODE_B0CBD8F33218,wormhole_a,4,B4:BF:E9:34:ED:81,-65,0,46,47,2,2
519677667,NODE_B0CBD8F33218,wormhole_a,4,B4:BF:E9:34:ED:81,-65,0,47,47,2,2
519787660,NODE_B0CBD8F33218,wormhole_a,4,B4:BF:E9:34:ED:81,-65,0,47,47,2,2
519887654,NODE_B0CBD8F33218,wormhole_a,4,B4:BF:E9:34:ED:81,-65,0,47,47,2,2
519987662,NODE_B0CBD8F33218,wormhole_a,4,B4:BF:E9:34:ED:81,-65,0,47,47,2,2
520097656,NODE_B0CBD8F33218,wormhole_a,4,B4:BF:E9:34:ED:81,-65,0,47,47,2,2
520197654,NODE_B0CBD8F33218,wormhole_a,4,B4:BF:E9:34:ED:81,-65,0,47,47,2,2
520297654,NODE_B0CBD8F33218,wormhole_a,4,B4:BF:E9:34:ED:81,-65,0,47,47,2,2
520407656,NODE_B0CBD8F33218,wormhole_a,4,B4:BF:E9:34:ED:81,-65,0,47,47,2,2
520507657,NODE_B0CBD8F33218,wormhole_a,4,B4:BF:E9:34:ED:81,-65,0,47,47,2,2
520607666,NODE_B0CBD8F33218,wormhole_a,4,B4:BF:E9:34:ED:81,-65,0,48,48,2,2
520707666,NODE_B0CBD8F33218,wormhole_a,4,B4:BF:E9:34:ED:81,-64,0,48,48,2,2
520817661,NODE_B0CBD8F33218,wormhole_a,4,B4:BF:E9:34:ED:81,-64,0,48,48,2,2
520917660,NODE_B0CBD8F33218,wormhole_a,4,B4:BF:E9:34:ED:81,-64,0,48,48,2,2
521017664,NODE_B0CBD8F33218,wormhole_a,4,B4:BF:E9:34:ED:81,-64,0,48,48,2,2
521127666,NODE_B0CBD8F33218,wormhole_a,4,B4:BF:E9:34:ED:81,-64,0,48,48,2,2
521227656,NODE_B0CBD8F33218,wormhole_a,4,B4:BF:E9:34:ED:81,-64,0,48,48,2,2
521327654,NODE_B0CBD8F33218,wormhole_a,4,B4:BF:E9:34:ED:81,-64,0,48,48,2,2
521437654,NODE_B0CBD8F33218,wormhole_a,4,B4:BF:E9:34:ED:81,-64,0,48,48,2,2
521537667,NODE_B0CBD8F33218,wormhole_a,4,B4:BF:E9:34:ED:81,-64,0,49,49,2,2
521637654,NODE_B0CBD8F33218,wormhole_a,4,B4:BF:E9:34:ED:81,-64,0,49,49,2,2
521737666,NODE_B0CBD8F33218,wormhole_a,4,B4:BF:E9:34:ED:81,-65,0,49,49,2,2
521847658,NODE_B0CBD8F33218,wormhole_a,4,B4:BF:E9:34:ED:81,-65,0,49,49,2,2
521947656,NODE_B0CBD8F33218,wormhole_a,4,B4:BF:E9:34:ED:81,-65,0,49,49,2,2
522048056,NODE_B0CBD8F33218,wormhole_a,4,B4:BF:E9:34:ED:81,-65,0,49,49,2,2
522157654,NODE_B0CBD8F33218,wormhole_a,4,B4:BF:E9:34:ED:81,-65,0,49,49,2,2
522257656,NODE_B0CBD8F33218,wormhole_a,4,B4:BF:E9:34:ED:81,-65,0,49,49,2,2
522357654,NODE_B0CBD8F33218,wormhole_a,4,B4:BF:E9:34:ED:81,-65,0,49,49,2,2
522467654,NODE_B0CBD8F33218,wormhole_a,4,B4:BF:E9:34:ED:81,-65,0,49,49,2,2
522567666,NODE_B0CBD8F33218,wormhole_a,4,B4:BF:E9:34:ED:81,-65,0,50,50,2,2
522667656,NODE_B0CBD8F33218,wormhole_a,4,B4:BF:E9:34:ED:81,-65,0,50,50,2,2
522767666,NODE_B0CBD8F33218,wormhole_a,4,B4:BF:E9:34:ED:81,-65,0,50,50,2,2
522877658,NODE_B0CBD8F33218,wormhole_a,4,B4:BF:E9:34:ED:81,-65,0,50,50,2,2
522977656,NODE_B0CBD8F33218,wormhole_a,4,B4:BF:E9:34:ED:81,-65,0,50,50,2,2
523077674,NODE_B0CBD8F33218,wormhole_a,4,B4:BF:E9:34:ED:81,-65,0,50,50,2,2
523187654,NODE_B0CBD8F33218,wormhole_a,4,B4:BF:E9:34:ED:81,-65,0,50,50,2,2
523287654,NODE_B0CBD8F33218,wormhole_a,4,B4:BF:E9:34:ED:81,-65,0,50,50,2,2
523387656,NODE_B0CBD8F33218,wormhole_a,4,B4:BF:E9:34:ED:81,-65,0,50,50,2,2
523497654,NODE_B0CBD8F33218,wormhole_a,4,B4:BF:E9:34:ED:81,-65,0,50,50,2,2
523597666,NODE_B0CBD8F33218,wormhole_a,4,B4:BF:E9:34:ED:81,-65,0,51,51,2,2
523697656,NODE_B0CBD8F33218,wormhole_a,4,B4:BF:E9:34:ED:81,-65,0,51,51,2,2
523797666,NODE_B0CBD8F33218,wormhole_a,4,B4:BF:E9:34:ED:81,-65,0,51,51,2,2
523907660,NODE_B0CBD8F33218,wormhole_a,4,B4:BF:E9:34:ED:81,-65,0,51,51,2,2
524007656,NODE_B0CBD8F33218,wormhole_a,4,B4:BF:E9:34:ED:81,-65,0,51,51,2,2
524107665,NODE_B0CBD8F33218,wormhole_a,4,B4:BF:E9:34:ED:81,-65,0,51,51,2,2
524217654,NODE_B0CBD8F33218,wormhole_a,4,B4:BF:E9:34:ED:81,-65,0,51,51,2,2
524317654,NODE_B0CBD8F33218,wormhole_a,4,B4:BF:E9:34:ED:81,-65,0,51,51,2,2
524417656,NODE_B0CBD8F33218,wormhole_a,4,B4:BF:E9:34:ED:81,-65,0,51,51,2,2
524527668,NODE_B0CBD8F33218,wormhole_a,4,B4:BF:E9:34:ED:81,-65,0,52,52,2,2
524627654,NODE_B0CBD8F33218,wormhole_a,4,B4:BF:E9:34:ED:81,-65,0,52,52,2,2
524727658,NODE_B0CBD8F33218,wormhole_a,4,B4:BF:E9:34:ED:81,-65,0,52,52,2,2
524827672,NODE_B0CBD8F33218,wormhole_a,4,B4:BF:E9:34:ED:81,-65,0,52,52,2,2
524937654,NODE_B0CBD8F33218,wormhole_a,4,B4:BF:E9:34:ED:81,-65,0,52,52,2,2
525037654,NODE_B0CBD8F33218,wormhole_a,4,B4:BF:E9:34:ED:81,-65,0,52,52,2,2
525137675,NODE_B0CBD8F33218,wormhole_a,4,B4:BF:E9:34:ED:81,-65,0,52,52,2,2
525247656,NODE_B0CBD8F33218,wormhole_a,4,B4:BF:E9:34:ED:81,-65,0,52,52,2,2
525347654,NODE_B0CBD8F33218,wormhole_a,4,B4:BF:E9:34:ED:81,-65,0,52,52,2,2
525447654,NODE_B0CBD8F33218,wormhole_a,4,B4:BF:E9:34:ED:81,-65,0,52,52,2,2
525557667,NODE_B0CBD8F33218,wormhole_a,4,B4:BF:E9:34:ED:81,-65,0,53,53,2,2
525657654,NODE_B0CBD8F33218,wormhole_a,4,B4:BF:E9:34:ED:81,-65,0,53,53,2,2
525757658,NODE_B0CBD8F33218,wormhole_a,4,B4:BF:E9:34:ED:81,-65,0,53,53,2,2
525857667,NODE_B0CBD8F33218,wormhole_a,4,B4:BF:E9:34:ED:81,-65,0,53,53,2,2
525967656,NODE_B0CBD8F33218,wormhole_a,4,B4:BF:E9:34:ED:81,-65,0,53,53,2,2
526067654,NODE_B0CBD8F33218,wormhole_a,4,B4:BF:E9:34:ED:81,-65,0,53,53,2,2
526167662,NODE_B0CBD8F33218,wormhole_a,4,B4:BF:E9:34:ED:81,-65,0,53,53,2,2
526277656,NODE_B0CBD8F33218,wormhole_a,4,B4:BF:E9:34:ED:81,-65,0,53,53,2,2
526377654,NODE_B0CBD8F33218,wormhole_a,4,B4:BF:E9:34:ED:81,-65,0,53,53,2,2
526477654,NODE_B0CBD8F33218,wormhole_a,4,B4:BF:E9:34:ED:81,-65,0,53,53,2,2
526587666,NODE_B0CBD8F33218,wormhole_a,4,B4:BF:E9:34:ED:81,-65,0,54,54,2,2
526687656,NODE_B0CBD8F33218,wormhole_a,4,B4:BF:E9:34:ED:81,-65,0,54,54,2,2
526787658,NODE_B0CBD8F33218,wormhole_a,4,B4:BF:E9:34:ED:81,-65,0,54,54,2,2
526887666,NODE_B0CBD8F33218,wormhole_a,4,B4:BF:E9:34:ED:81,-63,0,54,54,2,2
526997656,NODE_B0CBD8F33218,wormhole_a,4,B4:BF:E9:34:ED:81,-63,0,54,54,2,2
527097666,NODE_B0CBD8F33218,wormhole_a,4,B4:BF:E9:34:ED:81,-63,0,54,54,2,2
527197662,NODE_B0CBD8F33218,wormhole_a,4,B4:BF:E9:34:ED:81,-63,0,54,54,2,2
527307656,NODE_B0CBD8F33218,wormhole_a,4,B4:BF:E9:34:ED:81,-63,0,54,54,2,2
527407657,NODE_B0CBD8F33218,wormhole_a,4,B4:BF:E9:34:ED:81,-63,0,54,54,2,2
527507656,NODE_B0CBD8F33218,wormhole_a,4,B4:BF:E9:34:ED:81,-63,0,54,54,2,2
527617668,NODE_B0CBD8F33218,wormhole_a,4,B4:BF:E9:34:ED:81,-63,0,55,55,2,2
527717657,NODE_B0CBD8F33218,wormhole_a,4,B4:BF:E9:34:ED:81,-63,0,55,55,2,2
527817660,NODE_B0CBD8F33218,wormhole_a,4,B4:BF:E9:34:ED:81,-63,0,55,55,2,2
527917668,NODE_B0CBD8F33218,wormhole_a,4,B4:BF:E9:34:ED:81,-63,0,55,55,2,2
528027654,NODE_B0CBD8F33218,wormhole_a,4,B4:BF:E9:34:ED:81,-63,0,55,55,2,2
528127656,NODE_B0CBD8F33218,wormhole_a,4,B4:BF:E9:34:ED:81,-63,0,55,55,2,2
528227662,NODE_B0CBD8F33218,wormhole_a,4,B4:BF:E9:34:ED:81,-63,0,55,55,2,2
528337654,NODE_B0CBD8F33218,wormhole_a,4,B4:BF:E9:34:ED:81,-63,0,55,55,2,2
528437656,NODE_B0CBD8F33218,wormhole_a,4,B4:BF:E9:34:ED:81,-63,0,55,55,2,2
528537666,NODE_B0CBD8F33218,wormhole_a,4,B4:BF:E9:34:ED:81,-63,0,56,56,2,2
528647654,NODE_B0CBD8F33218,wormhole_a,4,B4:BF:E9:34:ED:81,-63,0,56,56,2,2
528747658,NODE_B0CBD8F33218,wormhole_a,4,B4:BF:E9:34:ED:81,-63,0,56,56,2,2
528847660,NODE_B0CBD8F33218,wormhole_a,4,B4:BF:E9:34:ED:81,-63,0,56,56,2,2
528947666,NODE_B0CBD8F33218,wormhole_a,4,B4:BF:E9:34:ED:81,-64,0,56,56,2,2
529057666,NODE_B0CBD8F33218,wormhole_a,4,B4:BF:E9:34:ED:81,-64,0,56,56,2,2
529157656,NODE_B0CBD8F33218,wormhole_a,4,B4:BF:E9:34:ED:81,-64,0,56,56,2,2
529257662,NODE_B0CBD8F33218,wormhole_a,4,B4:BF:E9:34:ED:81,-64,0,56,56,2,2
529367654,NODE_B0CBD8F33218,wormhole_a,4,B4:BF:E9:34:ED:81,-64,0,56,56,2,2
529467654,NODE_B0CBD8F33218,wormhole_a,4,B4:BF:E9:34:ED:81,-64,0,56,56,2,2
529567668,NODE_B0CBD8F33218,wormhole_a,4,B4:BF:E9:34:ED:81,-64,0,57,57,2,2
529677654,NODE_B0CBD8F33218,wormhole_a,4,B4:BF:E9:34:ED:81,-64,0,57,57,2,2
529777658,NODE_B0CBD8F33218,wormhole_a,4,B4:BF:E9:34:ED:81,-64,0,57,57,2,2
529877667,NODE_B0CBD8F33218,wormhole_a,4,B4:BF:E9:34:ED:81,-64,0,57,57,2,2
529977666,NODE_B0CBD8F33218,wormhole_a,4,B4:BF:E9:34:ED:81,-63,0,57,57,2,2
530087654,NODE_B0CBD8F33218,wormhole_a,4,B4:BF:E9:34:ED:81,-63,0,57,57,2,2
530187654,NODE_B0CBD8F33218,wormhole_a,4,B4:BF:E9:34:ED:81,-63,0,57,57,2,2
530287664,NODE_B0CBD8F33218,wormhole_a,4,B4:BF:E9:34:ED:81,-63,0,57,57,2,2
530397654,NODE_B0CBD8F33218,wormhole_a,4,B4:BF:E9:34:ED:81,-63,0,57,57,2,2
530497654,NODE_B0CBD8F33218,wormhole_a,4,B4:BF:E9:34:ED:81,-63,0,57,57,2,2
530597667,NODE_B0CBD8F33218,wormhole_a,4,B4:BF:E9:34:ED:81,-63,0,58,58,2,2
530707657,NODE_B0CBD8F33218,wormhole_a,4,B4:BF:E9:34:ED:81,-63,0,58,58,2,2
530807660,NODE_B0CBD8F33218,wormhole_a,4,B4:BF:E9:34:ED:81,-63,0,58,58,2,2
530907962,NODE_B0CBD8F33218,wormhole_a,4,B4:BF:E9:34:ED:81,-63,0,58,58,2,2
531007665,NODE_B0CBD8F33218,wormhole_a,4,B4:BF:E9:34:ED:81,-64,0,58,58,2,2
531117666,NODE_B0CBD8F33218,wormhole_a,4,B4:BF:E9:34:ED:81,-64,0,58,58,2,2
531217662,NODE_B0CBD8F33218,wormhole_a,4,B4:BF:E9:34:ED:81,-64,0,58,58,2,2
531317656,NODE_B0CBD8F33218,wormhole_a,4,B4:BF:E9:34:ED:81,-64,0,58,58,2,2
531427656,NODE_B0CBD8F33218,wormhole_a,4,B4:BF:E9:34:ED:81,-64,0,58,58,2,2
531527666,NODE_B0CBD8F33218,wormhole_a,4,B4:BF:E9:34:ED:81,-64,0,59,59,2,2
531627654,NODE_B0CBD8F33218,wormhole_a,4,B4:BF:E9:34:ED:81,-64,0,59,59,2,2
531737659,NODE_B0CBD8F33218,wormhole_a,4,B4:BF:E9:34:ED:81,-64,0,59,59,2,2
531837654,NODE_B0CBD8F33218,wormhole_a,4,B4:BF:E9:34:ED:81,-64,0,59,59,2,2
531937666,NODE_B0CBD8F33218,wormhole_a,4,B4:BF:E9:34:ED:81,-63,0,59,59,2,2
532037663,NODE_B0CBD8F33218,wormhole_a,4,B4:BF:E9:34:ED:81,-63,0,59,59,2,2
532147656,NODE_B0CBD8F33218,wormhole_a,4,B4:BF:E9:34:ED:81,-63,0,59,59,2,2
532247662,NODE_B0CBD8F33218,wormhole_a,4,B4:BF:E9:34:ED:81,-63,0,59,59,2,2
532347654,NODE_B0CBD8F33218,wormhole_a,4,B4:BF:E9:34:ED:81,-63,0,59,59,2,2
532457656,NODE_B0CBD8F33218,wormhole_a,4,B4:BF:E9:34:ED:81,-63,0,59,59,2,2
532557666,NODE_B0CBD8F33218,wormhole_a,4,B4:BF:E9:34:ED:81,-63,0,60,60,2,2
532657654,NODE_B0CBD8F33218,wormhole_a,4,B4:BF:E9:34:ED:81,-63,0,60,60,2,2
532767658,NODE_B0CBD8F33218,wormhole_a,4,B4:BF:E9:34:ED:81,-63,0,60,60,2,2
532867660,NODE_B0CBD8F33218,wormhole_a,4,B4:BF:E9:34:ED:81,-63,0,60,60,2,2
532967849,NODE_B0CBD8F33218,wormhole_a,4,B4:BF:E9:34:ED:81,-64,0,60,60,2,2
533067666,NODE_B0CBD8F33218,wormhole_a,4,B4:BF:E9:34:ED:81,-64,0,60,60,2,2
533177656,NODE_B0CBD8F33218,wormhole_a,4,B4:BF:E9:34:ED:81,-64,0,60,60,2,2
533277662,NODE_B0CBD8F33218,wormhole_a,4,B4:BF:E9:34:ED:81,-64,0,60,60,2,2
533377654,NODE_B0CBD8F33218,wormhole_a,4,B4:BF:E9:34:ED:81,-64,0,60,60,2,2
533487654,NODE_B0CBD8F33218,wormhole_a,4,B4:BF:E9:34:ED:81,-64,0,60,60,2,2
533587668,NODE_B0CBD8F33218,wormhole_a,4,B4:BF:E9:34:ED:81,-64,0,61,61,2,2
533687654,NODE_B0CBD8F33218,wormhole_a,4,B4:BF:E9:34:ED:81,-64,0,61,61,2,2
533797662,NODE_B0CBD8F33218,wormhole_a,4,B4:BF:E9:34:ED:81,-64,0,61,61,2,2
533897656,NODE_B0CBD8F33218,wormhole_a,4,B4:BF:E9:34:ED:81,-64,0,61,61,2,2
533997666,NODE_B0CBD8F33218,wormhole_a,4,B4:BF:E9:34:ED:81,-64,0,61,61,2,2
534097654,NODE_B0CBD8F33218,wormhole_a,4,B4:BF:E9:34:ED:81,-64,0,61,61,2,2
534207656,NODE_B0CBD8F33218,wormhole_a,4,B4:BF:E9:34:ED:81,-64,0,61,61,2,2
534307665,NODE_B0CBD8F33218,wormhole_a,4,B4:BF:E9:34:ED:81,-64,0,61,61,2,2
534407656,NODE_B0CBD8F33218,wormhole_a,4,B4:BF:E9:34:ED:81,-64,0,61,61,2,2
534518063,NODE_B0CBD8F33218,wormhole_a,4,B4:BF:E9:34:ED:81,-64,0,61,62,2,2
534617655,NODE_B0CBD8F33218,wormhole_a,4,B4:BF:E9:34:ED:81,-64,0,62,62,2,2
534717654,NODE_B0CBD8F33218,wormhole_a,4,B4:BF:E9:34:ED:81,-64,0,62,62,2,2
534827658,NODE_B0CBD8F33218,wormhole_a,4,B4:BF:E9:34:ED:81,-64,0,62,62,2,2
534927654,NODE_B0CBD8F33218,wormhole_a,4,B4:BF:E9:34:ED:81,-64,0,62,62,2,2
535027668,NODE_B0CBD8F33218,wormhole_a,4,B4:BF:E9:34:ED:81,-65,0,62,62,2,2
535127666,NODE_B0CBD8F33218,wormhole_a,4,B4:BF:E9:34:ED:81,-65,0,62,62,2,2
535237654,NODE_B0CBD8F33218,wormhole_a,4,B4:BF:E9:34:ED:81,-65,0,62,62,2,2
535337663,NODE_B0CBD8F33218,wormhole_a,4,B4:BF:E9:34:ED:81,-65,0,62,62,2,2
535437654,NODE_B0CBD8F33218,wormhole_a,4,B4:BF:E9:34:ED:81,-65,0,62,62,2,2
535547666,NODE_B0CBD8F33218,wormhole_a,4,B4:BF:E9:34:ED:81,-65,0,63,63,2,2
535647654,NODE_B0CBD8F33218,wormhole_a,4,B4:BF:E9:34:ED:81,-65,0,63,63,2,2
535747660,NODE_B0CBD8F33218,wormhole_a,4,B4:BF:E9:34:ED:81,-65,0,63,63,2,2
535857654,NODE_B0CBD8F33218,wormhole_a,4,B4:BF:E9:34:ED:81,-65,0,63,63,2,2
535957658,NODE_B0CBD8F33218,wormhole_a,4,B4:BF:E9:34:ED:81,-65,0,63,63,2,2
536057667,NODE_B0CBD8F33218,wormhole_a,4,B4:BF:E9:34:ED:81,-64,0,63,63,2,2
536157654,NODE_B0CBD8F33218,wormhole_a,4,B4:BF:E9:34:ED:81,-64,0,63,63,2,2
536267654,NODE_B0CBD8F33218,wormhole_a,4,B4:BF:E9:34:ED:81,-64,0,63,63,2,2
536367662,NODE_B0CBD8F33218,wormhole_a,4,B4:BF:E9:34:ED:81,-64,0,63,63,2,2
536467656,NODE_B0CBD8F33218,wormhole_a,4,B4:BF:E9:34:ED:81,-64,0,63,63,2,2
536577666,NODE_B0CBD8F33218,wormhole_a,4,B4:BF:E9:34:ED:81,-64,0,64,64,2,2
536677654,NODE_B0CBD8F33218,wormhole_a,4,B4:BF:E9:34:ED:81,-64,0,64,64,2,2
536777659,NODE_B0CBD8F33218,wormhole_a,4,B4:BF:E9:34:ED:81,-64,0,64,64,2,2
536887668,NODE_B0CBD8F33218,wormhole_a,4,B4:BF:E9:34:ED:81,-64,0,64,64,2,2
536987654,NODE_B0CBD8F33218,wormhole_a,4,B4:BF:E9:34:ED:81,-64,0,64,64,2,2
537087670,NODE_B0CBD8F33218,wormhole_a,4,B4:BF:E9:34:ED:81,-64,0,64,64,2,2
537187656,NODE_B0CBD8F33218,wormhole_a,4,B4:BF:E9:34:ED:81,-64,0,64,64,2,2
537297654,NODE_B0CBD8F33218,wormhole_a,4,B4:BF:E9:34:ED:81,-64,0,64,64,2,2
537397662,NODE_B0CBD8F33218,wormhole_a,4,B4:BF:E9:34:ED:81,-64,0,64,64,2,2
537497656,NODE_B0CBD8F33218,wormhole_a,4,B4:BF:E9:34:ED:81,-64,0,64,64,2,2
537607668,NODE_B0CBD8F33218,wormhole_a,4,B4:BF:E9:34:ED:81,-64,0,65,65,2,2
537707654,NODE_B0CBD8F33218,wormhole_a,4,B4:BF:E9:34:ED:81,-64,0,65,65,2,2
537807658,NODE_B0CBD8F33218,wormhole_a,4,B4:BF:E9:34:ED:81,-64,0,65,65,2,2
537917661,NODE_B0CBD8F33218,wormhole_a,4,B4:BF:E9:34:ED:81,-64,0,65,65,2,2
538017656,NODE_B0CBD8F33218,wormhole_a,4,B4:BF:E9:34:ED:81,-64,0,65,65,2,2
538117668,NODE_B0CBD8F33218,wormhole_a,4,B4:BF:E9:34:ED:81,-65,0,65,65,2,2
538217657,NODE_B0CBD8F33218,wormhole_a,4,B4:BF:E9:34:ED:81,-65,0,65,65,2,2
538327656,NODE_B0CBD8F33218,wormhole_a,4,B4:BF:E9:34:ED:81,-65,0,65,65,2,2
538427662,NODE_B0CBD8F33218,wormhole_a,4,B4:BF:E9:34:ED:81,-65,0,65,65,2,2
538527666,NODE_B0CBD8F33218,wormhole_a,4,B4:BF:E9:34:ED:81,-65,0,66,66,2,2
538637656,NODE_B0CBD8F33218,wormhole_a,4,B4:BF:E9:34:ED:81,-65,0,66,66,2,2
538737658,NODE_B0CBD8F33218,wormhole_a,4,B4:BF:E9:34:ED:81,-65,0,66,66,2,2
538837654,NODE_B0CBD8F33218,wormhole_a,4,B4:BF:E9:34:ED:81,-65,0,66,66,2,2
538947666,NODE_B0CBD8F33218,wormhole_a,4,B4:BF:E9:34:ED:81,-65,0,66,66,2,2
539048066,NODE_B0CBD8F33218,wormhole_a,4,B4:BF:E9:34:ED:81,-65,0,66,66,2,2
539147670,NODE_B0CBD8F33218,wormhole_a,4,B4:BF:E9:34:ED:81,-64,0,66,66,2,2
539247654,NODE_B0CBD8F33218,wormhole_a,4,B4:BF:E9:34:ED:81,-64,0,66,66,2,2
539357656,NODE_B0CBD8F33218,wormhole_a,4,B4:BF:E9:34:ED:81,-64,0,66,66,2,2
539457662,NODE_B0CBD8F33218,wormhole_a,4,B4:BF:E9:34:ED:81,-64,0,66,66,2,2
539557666,NODE_B0CBD8F33218,wormhole_a,4,B4:BF:E9:34:ED:81,-64,0,67,67,2,2
539667654,NODE_B0CBD8F33218,wormhole_a,4,B4:BF:E9:34:ED:81,-64,0,67,67,2,2
539767660,NODE_B0CBD8F33218,wormhole_a,4,B4:BF:E9:34:ED:81,-64,0,67,67,2,2
539867658,NODE_B0CBD8F33218,wormhole_a,4,B4:BF:E9:34:ED:81,-64,0,67,67,2,2
539977654,NODE_B0CBD8F33218,wormhole_a,4,B4:BF:E9:34:ED:81,-64,0,67,67,2,2
540077656,NODE_B0CBD8F33218,wormhole_a,4,B4:BF:E9:34:ED:81,-64,0,67,67,2,2
540177666,NODE_B0CBD8F33218,wormhole_a,4,B4:BF:E9:34:ED:81,-64,0,67,67,2,2
540277654,NODE_B0CBD8F33218,wormhole_a,4,B4:BF:E9:34:ED:81,-64,0,67,67,2,2
540387654,NODE_B0CBD8F33218,wormhole_a,4,B4:BF:E9:34:ED:81,-64,0,67,67,2,2
540487664,NODE_B0CBD8F33218,wormhole_a,4,B4:BF:E9:34:ED:81,-64,0,67,67,2,2
540587666,NODE_B0CBD8F33218,wormhole_a,4,B4:BF:E9:34:ED:81,-64,0,68,68,2,2
540697654,NODE_B0CBD8F33218,wormhole_a,4,B4:BF:E9:34:ED:81,-64,0,68,68,2,2
540797659,NODE_B0CBD8F33218,wormhole_a,4,B4:BF:E9:34:ED:81,-64,0,68,68,2,2
540897658,NODE_B0CBD8F33218,wormhole_a,4,B4:BF:E9:34:ED:81,-64,0,68,68,2,2
541007656,NODE_B0CBD8F33218,wormhole_a,4,B4:BF:E9:34:ED:81,-64,0,68,68,2,2
541107668,NODE_B0CBD8F33218,wormhole_a,4,B4:BF:E9:34:ED:81,-64,0,68,68,2,2
541207669,NODE_B0CBD8F33218,wormhole_a,4,B4:BF:E9:34:ED:81,-65,0,68,68,2,2
541307656,NODE_B0CBD8F33218,wormhole_a,4,B4:BF:E9:34:ED:81,-65,0,68,68,2,2
541417654,NODE_B0CBD8F33218,wormhole_a,4,B4:BF:E9:34:ED:81,-65,0,68,68,2,2
541517674,NODE_B0CBD8F33218,wormhole_a,4,B4:BF:E9:34:ED:81,-65,0,69,69,2,2
541617654,NODE_B0CBD8F33218,wormhole_a,4,B4:BF:E9:34:ED:81,-65,0,69,69,2,2
541727654,NODE_B0CBD8F33218,wormhole_a,4,B4:BF:E9:34:ED:81,-65,0,69,69,2,2
541827658,NODE_B0CBD8F33218,wormhole_a,4,B4:BF:E9:34:ED:81,-65,0,69,69,2,2
541927660,NODE_B0CBD8F33218,wormhole_a,4,B4:BF:E9:34:ED:81,-65,0,69,69,2,2
542037654,NODE_B0CBD8F33218,wormhole_a,4,B4:BF:E9:34:ED:81,-65,0,69,69,2,2
542137654,NODE_B0CBD8F33218,wormhole_a,4,B4:BF:E9:34:ED:81,-65,0,69,69,2,2
542237667,NODE_B0CBD8F33218,wormhole_a,4,B4:BF:E9:34:ED:81,-65,0,69,69,2,2
542337654,NODE_B0CBD8F33218,wormhole_a,4,B4:BF:E9:34:ED:81,-65,0,69,69,2,2
542447654,NODE_B0CBD8F33218,wormhole_a,4,B4:BF:E9:34:ED:81,-65,0,69,69,2,2
542547666,NODE_B0CBD8F33218,wormhole_a,4,B4:BF:E9:34:ED:81,-65,0,70,70,2,2
542647656,NODE_B0CBD8F33218,wormhole_a,4,B4:BF:E9:34:ED:81,-65,0,70,70,2,2
542757658,NODE_B0CBD8F33218,wormhole_a,4,B4:BF:E9:34:ED:81,-65,0,70,70,2,2
542857662,NODE_B0CBD8F33218,wormhole_a,4,B4:BF:E9:34:ED:81,-65,0,70,70,2,2
542957656,NODE_B0CBD8F33218,wormhole_a,4,B4:BF:E9:34:ED:81,-65,0,70,70,2,2
543067668,NODE_B0CBD8F33218,wormhole_a,4,B4:BF:E9:34:ED:81,-65,0,70,70,2,2
543167654,NODE_B0CBD8F33218,wormhole_a,4,B4:BF:E9:34:ED:81,-65,0,70,70,2,2
543267666,NODE_B0CBD8F33218,wormhole_a,4,B4:BF:E9:34:ED:81,-64,0,70,70,2,2
543367656,NODE_B0CBD8F33218,wormhole_a,4,B4:BF:E9:34:ED:81,-64,0,70,70,2,2
543477654,NODE_B0CBD8F33218,wormhole_a,4,B4:BF:E9:34:ED:81,-64,0,70,70,2,2
543577666,NODE_B0CBD8F33218,wormhole_a,4,B4:BF:E9:34:ED:81,-64,0,71,71,2,2
543677656,NODE_B0CBD8F33218,wormhole_a,4,B4:BF:E9:34:ED:81,-64,0,71,71,2,2
543787660,NODE_B0CBD8F33218,wormhole_a,4,B4:BF:E9:34:ED:81,-64,0,71,71,2,2
543887654,NODE_B0CBD8F33218,wormhole_a,4,B4:BF:E9:34:ED:81,-64,0,71,71,2,2
543987654,NODE_B0CBD8F33218,wormhole_a,4,B4:BF:E9:34:ED:81,-64,0,71,71,2,2
544097656,NODE_B0CBD8F33218,wormhole_a,4,B4:BF:E9:34:ED:81,-64,0,71,71,2,2
544197654,NODE_B0CBD8F33218,wormhole_a,4,B4:BF:E9:34:ED:81,-64,0,71,71,2,2
544297666,NODE_B0CBD8F33218,wormhole_a,4,B4:BF:E9:34:ED:81,-64,0,71,71,2,2
544397656,NODE_B0CBD8F33218,wormhole_a,4,B4:BF:E9:34:ED:81,-64,0,71,71,2,2
544507657,NODE_B0CBD8F33218,wormhole_a,4,B4:BF:E9:34:ED:81,-64,0,71,71,2,2
544607668,NODE_B0CBD8F33218,wormhole_a,4,B4:BF:E9:34:ED:81,-64,0,72,72,2,2
544707656,NODE_B0CBD8F33218,wormhole_a,4,B4:BF:E9:34:ED:81,-64,0,72,72,2,2
544817659,NODE_B0CBD8F33218,wormhole_a,4,B4:BF:E9:34:ED:81,-64,0,72,72,2,2
544917658,NODE_B0CBD8F33218,wormhole_a,4,B4:BF:E9:34:ED:81,-64,0,72,72,2,2
545017654,NODE_B0CBD8F33218,wormhole_a,4,B4:BF:E9:34:ED:81,-64,0,72,72,2,2
545127666,NODE_B0CBD8F33218,wormhole_a,4,B4:BF:E9:34:ED:81,-64,0,72,72,2,2
545227656,NODE_B0CBD8F33218,wormhole_a,4,B4:BF:E9:34:ED:81,-64,0,72,72,2,2
545327666,NODE_B0CBD8F33218,wormhole_a,4,B4:BF:E9:34:ED:81,-64,0,72,72,2,2
545427654,NODE_B0CBD8F33218,wormhole_a,4,B4:BF:E9:34:ED:81,-64,0,72,72,2,2
545537876,NODE_B0CBD8F33218,wormhole_a,4,B4:BF:E9:34:ED:81,-64,0,73,73,2,2
545637654,NODE_B0CBD8F33218,wormhole_a,4,B4:BF:E9:34:ED:81,-64,0,73,73,2,2
545737666,NODE_B0CBD8F33218,wormhole_a,4,B4:BF:E9:34:ED:81,-64,0,73,73,2,2
545847658,NODE_B0CBD8F33218,wormhole_a,4,B4:BF:E9:34:ED:81,-64,0,73,73,2,2
545947656,NODE_B0CBD8F33218,wormhole_a,4,B4:BF:E9:34:ED:81,-64,0,73,73,2,2
546048044,NODE_B0CBD8F33218,wormhole_a,4,B4:BF:E9:34:ED:81,-64,0,73,73,2,2
546157654,NODE_B0CBD8F33218,wormhole_a,4,B4:BF:E9:34:ED:81,-64,0,73,73,2,2
546257663,NODE_B0CBD8F33218,wormhole_a,4,B4:BF:E9:34:ED:81,-64,0,73,73,2,2
546357666,NODE_B0CBD8F33218,wormhole_a,4,B4:BF:E9:34:ED:81,-64,0,73,73,2,2
546457654,NODE_B0CBD8F33218,wormhole_a,4,B4:BF:E9:34:ED:81,-64,0,73,73,2,2
546557659,NODE_B0CBD8F33218,wormhole_a,4,B4:BF:E9:34:ED:81,-64,0,74,74,2,2
546657662,NODE_B0CBD8F33218,wormhole_a,4,B4:BF:E9:34:ED:81,-64,0,74,74,2,2
546767658,NODE_B0CBD8F33218,wormhole_a,4,B4:BF:E9:34:ED:81,-64,0,74,74,2,2
546877658,NODE_B0CBD8F33218,wormhole_a,4,B4:BF:E9:34:ED:81,-64,0,74,74,2,2
546977656,NODE_B0CBD8F33218,wormhole_a,4,B4:BF:E9:34:ED:81,-64,0,74,74,2,2
547077666,NODE_B0CBD8F33218,wormhole_a,4,B4:BF:E9:34:ED:81,-64,0,74,74,2,2
547187654,NODE_B0CBD8F33218,wormhole_a,4,B4:BF:E9:34:ED:81,-64,0,74,74,2,2
547287662,NODE_B0CBD8F33218,wormhole_a,4,B4:BF:E9:34:ED:81,-64,0,74,74,2,2
547387660,NODE_B0CBD8F33218,wormhole_a,4,B4:BF:E9:34:ED:81,-64,0,74,74,2,2
547487654,NODE_B0CBD8F33218,wormhole_a,4,B4:BF:E9:34:ED:81,-64,0,74,74,2,2
547587666,NODE_B0CBD8F33218,wormhole_a,4,B4:BF:E9:34:ED:81,-64,0,75,75,2,2
547687656,NODE_B0CBD8F33218,wormhole_a,4,B4:BF:E9:34:ED:81,-64,0,75,75,2,2
547797666,NODE_B0CBD8F33218,wormhole_a,4,B4:BF:E9:34:ED:81,-64,0,75,75,2,2
547897658,NODE_B0CBD8F33218,wormhole_a,4,B4:BF:E9:34:ED:81,-64,0,75,75,2,2
547997656,NODE_B0CBD8F33218,wormhole_a,4,B4:BF:E9:34:ED:81,-64,0,75,75,2,2
548107656,NODE_B0CBD8F33218,wormhole_a,4,B4:BF:E9:34:ED:81,-64,0,75,75,2,2
548217656,NODE_B0CBD8F33218,wormhole_a,4,B4:BF:E9:34:ED:81,-64,0,75,75,2,2
548317668,NODE_B0CBD8F33218,wormhole_a,4,B4:BF:E9:34:ED:81,-64,0,75,75,2,2
548417657,NODE_B0CBD8F33218,wormhole_a,4,B4:BF:E9:34:ED:81,-64,0,75,75,2,2
548517666,NODE_B0CBD8F33218,wormhole_a,4,B4:BF:E9:34:ED:81,-64,0,75,76,2,2
548617658,NODE_B0CBD8F33218,wormhole_a,4,B4:BF:E9:34:ED:81,-64,0,76,76,2,2
548717663,NODE_B0CBD8F33218,wormhole_a,4,B4:BF:E9:34:ED:81,-64,0,76,76,2,2
548827660,NODE_B0CBD8F33218,wormhole_a,4,B4:BF:E9:34:ED:81,-64,0,76,76,2,2
548927654,NODE_B0CBD8F33218,wormhole_a,4,B4:BF:E9:34:ED:81,-64,0,76,76,2,2
549027654,NODE_B0CBD8F33218,wormhole_a,4,B4:BF:E9:34:ED:81,-64,0,76,76,2,2
549137667,NODE_B0CBD8F33218,wormhole_a,4,B4:BF:E9:34:ED:81,-64,0,76,76,2,2
549247656,NODE_B0CBD8F33218,wormhole_a,4,B4:BF:E9:34:ED:81,-64,0,76,76,2,2
549347666,NODE_B0CBD8F33218,wormhole_a,4,B4:BF:E9:34:ED:81,-64,0,76,76,2,2
549447654,NODE_B0CBD8F33218,wormhole_a,4,B4:BF:E9:34:ED:81,-64,0,76,76,2,2
549547668,NODE_B0CBD8F33218,wormhole_a,4,B4:BF:E9:34:ED:81,-64,0,76,77,2,2
549647662,NODE_B0CBD8F33218,wormhole_a,4,B4:BF:E9:34:ED:81,-64,0,77,77,2,2
549747654,NODE_B0CBD8F33218,wormhole_a,4,B4:BF:E9:34:ED:81,-64,0,77,77,2,2
549857659,NODE_B0CBD8F33218,wormhole_a,4,B4:BF:E9:34:ED:81,-64,0,77,77,2,2
549957654,NODE_B0CBD8F33218,wormhole_a,4,B4:BF:E9:34:ED:81,-64,0,77,77,2,2
550057654,NODE_B0CBD8F33218,wormhole_a,4,B4:BF:E9:34:ED:81,-64,0,77,77,2,2
550167654,NODE_B0CBD8F33218,wormhole_a,4,B4:BF:E9:34:ED:81,-64,0,77,77,2,2
550267656,NODE_B0CBD8F33218,wormhole_a,4,B4:BF:E9:34:ED:81,-64,0,77,77,2,2
550367666,NODE_B0CBD8F33218,wormhole_a,4,B4:BF:E9:34:ED:81,-63,0,77,77,2,2
550477654,NODE_B0CBD8F33218,wormhole_a,4,B4:BF:E9:34:ED:81,-63,0,77,77,2,2
550577667,NODE_B0CBD8F33218,wormhole_a,4,B4:BF:E9:34:ED:81,-63,0,78,78,2,2
550677662,NODE_B0CBD8F33218,wormhole_a,4,B4:BF:E9:34:ED:81,-63,0,78,78,2,2
550777654,NODE_B0CBD8F33218,wormhole_a,4,B4:BF:E9:34:ED:81,-63,0,78,78,2,2
550887658,NODE_B0CBD8F33218,wormhole_a,4,B4:BF:E9:34:ED:81,-63,0,78,78,2,2
550987656,NODE_B0CBD8F33218,wormhole_a,4,B4:BF:E9:34:ED:81,-63,0,78,78,2,2
551087666,NODE_B0CBD8F33218,wormhole_a,4,B4:BF:E9:34:ED:81,-63,0,78,78,2,2
551197654,NODE_B0CBD8F33218,wormhole_a,4,B4:BF:E9:34:ED:81,-63,0,78,78,2,2
551297656,NODE_B0CBD8F33218,wormhole_a,4,B4:BF:E9:34:ED:81,-63,0,78,78,2,2
551397666,NODE_B0CBD8F33218,wormhole_a,4,B4:BF:E9:34:ED:81,-63,0,78,78,2,2
551507656,NODE_B0CBD8F33218,wormhole_a,4,B4:BF:E9:34:ED:81,-63,0,78,78,2,2
551607668,NODE_B0CBD8F33218,wormhole_a,4,B4:BF:E9:34:ED:81,-63,0,79,79,2,2
551707665,NODE_B0CBD8F33218,wormhole_a,4,B4:BF:E9:34:ED:81,-63,0,79,79,2,2
551807660,NODE_B0CBD8F33218,wormhole_a,4,B4:BF:E9:34:ED:81,-63,0,79,79,2,2
551917658,NODE_B0CBD8F33218,wormhole_a,4,B4:BF:E9:34:ED:81,-63,0,79,79,2,2
552017656,NODE_B0CBD8F33218,wormhole_a,4,B4:BF:E9:34:ED:81,-63,0,79,79,2,2
552117654,NODE_B0CBD8F33218,wormhole_a,4,B4:BF:E9:34:ED:81,-63,0,79,79,2,2
552227654,NODE_B0CBD8F33218,wormhole_a,4,B4:BF:E9:34:ED:81,-63,0,79,79,2,2
552327654,NODE_B0CBD8F33218,wormhole_a,4,B4:BF:E9:34:ED:81,-63,0,79,79,2,2
552427668,NODE_B0CBD8F33218,wormhole_a,4,B4:BF:E9:34:ED:81,-64,0,79,79,2,2
552537666,NODE_B0CBD8F33218,wormhole_a,4,B4:BF:E9:34:ED:81,-64,0,80,80,2,2
552637654,NODE_B0CBD8F33218,wormhole_a,4,B4:BF:E9:34:ED:81,-64,0,80,80,2,2
552737663,NODE_B0CBD8F33218,wormhole_a,4,B4:BF:E9:34:ED:81,-64,0,80,80,2,2
552837658,NODE_B0CBD8F33218,wormhole_a,4,B4:BF:E9:34:ED:81,-64,0,80,80,2,2
552947654,NODE_B0CBD8F33218,wormhole_a,4,B4:BF:E9:34:ED:81,-64,0,80,80,2,2
553048061,NODE_B0CBD8F33218,wormhole_a,4,B4:BF:E9:34:ED:81,-64,0,80,80,2,2
553147668,NODE_B0CBD8F33218,wormhole_a,4,B4:BF:E9:34:ED:81,-64,0,80,80,2,2
553257654,NODE_B0CBD8F33218,wormhole_a,4,B4:BF:E9:34:ED:81,-64,0,80,80,2,2
553357654,NODE_B0CBD8F33218,wormhole_a,4,B4:BF:E9:34:ED:81,-64,0,80,80,2,2
553457667,NODE_B0CBD8F33218,wormhole_a,4,B4:BF:E9:34:ED:81,-64,0,80,80,2,2
553567668,NODE_B0CBD8F33218,wormhole_a,4,B4:BF:E9:34:ED:81,-64,0,81,81,2,2
553667654,NODE_B0CBD8F33218,wormhole_a,4,B4:BF:E9:34:ED:81,-64,0,81,81,2,2
553767662,NODE_B0CBD8F33218,wormhole_a,4,B4:BF:E9:34:ED:81,-64,0,81,81,2,2
553867660,NODE_B0CBD8F33218,wormhole_a,4,B4:BF:E9:34:ED:81,-64,0,81,81,2,2
553977658,NODE_B0CBD8F33218,wormhole_a,4,B4:BF:E9:34:ED:81,-64,0,81,81,2,2
554077654,NODE_B0CBD8F33218,wormhole_a,4,B4:BF:E9:34:ED:81,-64,0,81,81,2,2
554177824,NODE_B0CBD8F33218,wormhole_a,4,B4:BF:E9:34:ED:81,-64,0,81,81,2,2
554287656,NODE_B0CBD8F33218,wormhole_a,4,B4:BF:E9:34:ED:81,-64,0,81,81,2,2
554387654,NODE_B0CBD8F33218,wormhole_a,4,B4:BF:E9:34:ED:81,-64,0,81,81,2,2
554487666,NODE_B0CBD8F33218,wormhole_a,4,B4:BF:E9:34:ED:81,-64,0,81,81,2,2
554597667,NODE_B0CBD8F33218,wormhole_a,4,B4:BF:E9:34:ED:81,-64,0,82,82,2,2
554697654,NODE_B0CBD8F33218,wormhole_a,4,B4:BF:E9:34:ED:81,-64,0,82,82,2,2
554797666,NODE_B0CBD8F33218,wormhole_a,4,B4:BF:E9:34:ED:81,-64,0,82,82,2,2
554897659,NODE_B0CBD8F33218,wormhole_a,4,B4:BF:E9:34:ED:81,-64,0,82,82,2,2
555007657,NODE_B0CBD8F33218,wormhole_a,4,B4:BF:E9:34:ED:81,-64,0,82,82,2,2
555107668,NODE_B0CBD8F33218,wormhole_a,4,B4:BF:E9:34:ED:81,-64,0,82,82,2,2
555207656,NODE_B0CBD8F33218,wormhole_a,4,B4:BF:E9:34:ED:81,-64,0,82,82,2,2
555317656,NODE_B0CBD8F33218,wormhole_a,4,B4:BF:E9:34:ED:81,-64,0,82,82,2,2
555417654,NODE_B0CBD8F33218,wormhole_a,4,B4:BF:E9:34:ED:81,-64,0,82,82,2,2
555517695,NODE_B0CBD8F33218,wormhole_a,4,B4:BF:E9:34:ED:81,-64,0,82,82,2,2
555627666,NODE_B0CBD8F33218,wormhole_a,4,B4:BF:E9:34:ED:81,-64,0,83,83,2,2
555727656,NODE_B0CBD8F33218,wormhole_a,4,B4:BF:E9:34:ED:81,-64,0,83,83,2,2
555827662,NODE_B0CBD8F33218,wormhole_a,4,B4:BF:E9:34:ED:81,-64,0,83,83,2,2
555927658,NODE_B0CBD8F33218,wormhole_a,4,B4:BF:E9:34:ED:81,-64,0,83,83,2,2
556037656,NODE_B0CBD8F33218,wormhole_a,4,B4:BF:E9:34:ED:81,-64,0,83,83,2,2
556137654,NODE_B0CBD8F33218,wormhole_a,4,B4:BF:E9:34:ED:81,-64,0,83,83,2,2
556237654,NODE_B0CBD8F33218,wormhole_a,4,B4:BF:E9:34:ED:81,-64,0,83,83,2,2
556347654,NODE_B0CBD8F33218,wormhole_a,4,B4:BF:E9:34:ED:81,-64,0,83,83,2,2
556447656,NODE_B0CBD8F33218,wormhole_a,4,B4:BF:E9:34:ED:81,-64,0,83,83,2,2
556547674,NODE_B0CBD8F33218,wormhole_a,4,B4:BF:E9:34:ED:81,-64,0,84,84,2,2
556657654,NODE_B0CBD8F33218,wormhole_a,4,B4:BF:E9:34:ED:81,-64,0,84,84,2,2
556757656,NODE_B0CBD8F33218,wormhole_a,4,B4:BF:E9:34:ED:81,-64,0,84,84,2,2
556857666,NODE_B0CBD8F33218,wormhole_a,4,B4:BF:E9:34:ED:81,-64,0,84,84,2,2
556957658,NODE_B0CBD8F33218,wormhole_a,4,B4:BF:E9:34:ED:81,-64,0,84,84,2,2
557067666,NODE_B0CBD8F33218,wormhole_a,4,B4:BF:E9:34:ED:81,-64,0,84,84,2,2
557167656,NODE_B0CBD8F33218,wormhole_a,4,B4:BF:E9:34:ED:81,-64,0,84,84,2,2
557267654,NODE_B0CBD8F33218,wormhole_a,4,B4:BF:E9:34:ED:81,-64,0,84,84,2,2
557377654,NODE_B0CBD8F33218,wormhole_a,4,B4:BF:E9:34:ED:81,-64,0,84,84,2,2
557477656,NODE_B0CBD8F33218,wormhole_a,4,B4:BF:E9:34:ED:81,-64,0,84,84,2,2
557577674,NODE_B0CBD8F33218,wormhole_a,4,B4:BF:E9:34:ED:81,-64,0,85,85,2,2
557687654,NODE_B0CBD8F33218,wormhole_a,4,B4:BF:E9:34:ED:81,-64,0,85,85,2,2
557787852,NODE_B0CBD8F33218,wormhole_a,4,B4:BF:E9:34:ED:81,-64,0,85,85,2,2
557887668,NODE_B0CBD8F33218,wormhole_a,4,B4:BF:E9:34:ED:81,-64,0,85,85,2,2
557987654,NODE_B0CBD8F33218,wormhole_a,4,B4:BF:E9:34:ED:81,-64,0,85,85,2,2
558097654,NODE_B0CBD8F33218,wormhole_a,4,B4:BF:E9:34:ED:81,-64,0,85,85,2,2
558197656,NODE_B0CBD8F33218,wormhole_a,4,B4:BF:E9:34:ED:81,-64,0,85,85,2,2
558297654,NODE_B0CBD8F33218,wormhole_a,4,B4:BF:E9:34:ED:81,-64,0,85,85,2,2
558407654,NODE_B0CBD8F33218,wormhole_a,4,B4:BF:E9:34:ED:81,-64,0,85,85,2,2
558507654,NODE_B0CBD8F33218,wormhole_a,4,B4:BF:E9:34:ED:81,-64,0,85,85,2,2
558607677,NODE_B0CBD8F33218,wormhole_a,4,B4:BF:E9:34:ED:81,-64,0,86,86,2,2
558717654,NODE_B0CBD8F33218,wormhole_a,4,B4:BF:E9:34:ED:81,-64,0,86,86,2,2
558817654,NODE_B0CBD8F33218,wormhole_a,4,B4:BF:E9:34:ED:81,-64,0,86,86,2,2
558917667,NODE_B0CBD8F33218,wormhole_a,4,B4:BF:E9:34:ED:81,-64,0,86,86,2,2
559017654,NODE_B0CBD8F33218,wormhole_a,4,B4:BF:E9:34:ED:81,-64,0,86,86,2,2
559127666,NODE_B0CBD8F33218,wormhole_a,4,B4:BF:E9:34:ED:81,-64,0,86,86,2,2
559227654,NODE_B0CBD8F33218,wormhole_a,4,B4:BF:E9:34:ED:81,-64,0,86,86,2,2
559327656,NODE_B0CBD8F33218,wormhole_a,4,B4:BF:E9:34:ED:81,-64,0,86,86,2,2
559437654,NODE_B0CBD8F33218,wormhole_a,4,B4:BF:E9:34:ED:81,-64,0,86,86,2,2
559537666,NODE_B0CBD8F33218,wormhole_a,4,B4:BF:E9:34:ED:81,-64,0,87,87,2,2
559637667,NODE_B0CBD8F33218,wormhole_a,4,B4:BF:E9:34:ED:81,-62,0,87,87,2,2
559747656,NODE_B0CBD8F33218,wormhole_a,4,B4:BF:E9:34:ED:81,-62,0,87,87,2,2
559847658,NODE_B0CBD8F33218,wormhole_a,4,B4:BF:E9:34:ED:81,-62,0,87,87,2,2
559947666,NODE_B0CBD8F33218,wormhole_a,4,B4:BF:E9:34:ED:81,-62,0,87,87,2,2
560048046,NODE_B0CBD8F33218,wormhole_a,4,B4:BF:E9:34:ED:81,-62,0,87,87,2,2
560157654,NODE_B0CBD8F33218,wormhole_a,4,B4:BF:E9:34:ED:81,-62,0,87,87,2,2
560257654,NODE_B0CBD8F33218,wormhole_a,4,B4:BF:E9:34:ED:81,-62,0,87,87,2,2
560357656,NODE_B0CBD8F33218,wormhole_a,4,B4:BF:E9:34:ED:81,-62,0,87,87,2,2
560467656,NODE_B0CBD8F33218,wormhole_a,4,B4:BF:E9:34:ED:81,-62,0,87,87,2,2
560567666,NODE_B0CBD8F33218,wormhole_a,4,B4:BF:E9:34:ED:81,-62,0,88,88,2,2
560667666,NODE_B0CBD8F33218,wormhole_a,4,B4:BF:E9:34:ED:81,-63,0,88,88,2,2
560777656,NODE_B0CBD8F33218,wormhole_a,4,B4:BF:E9:34:ED:81,-63,0,88,88,2,2
560877662,NODE_B0CBD8F33218,wormhole_a,4,B4:BF:E9:34:ED:81,-63,0,88,88,2,2
560977662,NODE_B0CBD8F33218,wormhole_a,4,B4:BF:E9:34:ED:81,-63,0,88,88,2,2
561077667,NODE_B0CBD8F33218,wormhole_a,4,B4:BF:E9:34:ED:81,-63,0,88,88,2,2
561187656,NODE_B0CBD8F33218,wormhole_a,4,B4:BF:E9:34:ED:81,-63,0,88,88,2,2
561287654,NODE_B0CBD8F33218,wormhole_a,4,B4:BF:E9:34:ED:81,-63,0,88,88,2,2
561387654,NODE_B0CBD8F33218,wormhole_a,4,B4:BF:E9:34:ED:81,-63,0,88,88,2,2
561497655,NODE_B0CBD8F33218,wormhole_a,4,B4:BF:E9:34:ED:81,-63,0,88,88,2,2
561597666,NODE_B0CBD8F33218,wormhole_a,4,B4:BF:E9:34:ED:81,-63,0,89,89,2,2
561697666,NODE_B0CBD8F33218,wormhole_a,4,B4:BF:E9:34:ED:81,-59,0,89,89,2,2
561807816,NODE_B0CBD8F33218,wormhole_a,4,B4:BF:E9:34:ED:81,-59,0,89,89,2,2
561907660,NODE_B0CBD8F33218,wormhole_a,4,B4:BF:E9:34:ED:81,-59,0,89,89,2,2
562007662,NODE_B0CBD8F33218,wormhole_a,4,B4:BF:E9:34:ED:81,-59,0,89,89,2,2
562107654,NODE_B0CBD8F33218,wormhole_a,4,B4:BF:E9:34:ED:81,-59,0,89,89,2,2
562217657,NODE_B0CBD8F33218,wormhole_a,4,B4:BF:E9:34:ED:81,-59,0,89,89,2,2
562317656,NODE_B0CBD8F33218,wormhole_a,4,B4:BF:E9:34:ED:81,-59,0,89,89,2,2
562417656,NODE_B0CBD8F33218,wormhole_a,4,B4:BF:E9:34:ED:81,-59,0,89,89,2,2
562527666,NODE_B0CBD8F33218,wormhole_a,4,B4:BF:E9:34:ED:81,-59,0,89,90,2,2
562627656,NODE_B0CBD8F33218,wormhole_a,4,B4:BF:E9:34:ED:81,-59,0,90,90,2,2
562727666,NODE_B0CBD8F33218,wormhole_a,4,B4:BF:E9:34:ED:81,-63,0,90,90,2,2
562837654,NODE_B0CBD8F33218,wormhole_a,4,B4:BF:E9:34:ED:81,-63,0,90,90,2,2
562937667,NODE_B0CBD8F33218,wormhole_a,4,B4:BF:E9:34:ED:81,-63,0,90,90,2,2
563037662,NODE_B0CBD8F33218,wormhole_a,4,B4:BF:E9:34:ED:81,-63,0,90,90,2,2
563137666,NODE_B0CBD8F33218,wormhole_a,4,B4:BF:E9:34:ED:81,-63,0,90,90,2,2
563247654,NODE_B0CBD8F33218,wormhole_a,4,B4:BF:E9:34:ED:81,-63,0,90,90,2,2
563347656,NODE_B0CBD8F33218,wormhole_a,4,B4:BF:E9:34:ED:81,-63,0,90,90,2,2
563447654,NODE_B0CBD8F33218,wormhole_a,4,B4:BF:E9:34:ED:81,-63,0,90,90,2,2
563557666,NODE_B0CBD8F33218,wormhole_a,4,B4:BF:E9:34:ED:81,-63,0,91,91,2,2
563657656,NODE_B0CBD8F33218,wormhole_a,4,B4:BF:E9:34:ED:81,-63,0,91,91,2,2
563757666,NODE_B0CBD8F33218,wormhole_a,4,B4:BF:E9:34:ED:81,-63,0,91,91,2,2
563867658,NODE_B0CBD8F33218,wormhole_a,4,B4:BF:E9:34:ED:81,-63,0,91,91,2,2
563967658,NODE_B0CBD8F33218,wormhole_a,4,B4:BF:E9:34:ED:81,-63,0,91,91,2,2
564067664,NODE_B0CBD8F33218,wormhole_a,4,B4:BF:E9:34:ED:81,-63,0,91,91,2,2
564167654,NODE_B0CBD8F33218,wormhole_a,4,B4:BF:E9:34:ED:81,-63,0,91,91,2,2
564277654,NODE_B0CBD8F33218,wormhole_a,4,B4:BF:E9:34:ED:81,-63,0,91,91,2,2
564377656,NODE_B0CBD8F33218,wormhole_a,4,B4:BF:E9:34:ED:81,-63,0,91,91,2,2
564477654,NODE_B0CBD8F33218,wormhole_a,4,B4:BF:E9:34:ED:81,-63,0,91,91,2,2
564587666,NODE_B0CBD8F33218,wormhole_a,4,B4:BF:E9:34:ED:81,-63,0,92,92,2,2
564687662,NODE_B0CBD8F33218,wormhole_a,4,B4:BF:E9:34:ED:81,-63,0,92,92,2,2
564787668,NODE_B0CBD8F33218,wormhole_a,4,B4:BF:E9:34:ED:81,-63,0,92,92,2,2
564897658,NODE_B0CBD8F33218,wormhole_a,4,B4:BF:E9:34:ED:81,-63,0,92,92,2,2
564997654,NODE_B0CBD8F33218,wormhole_a,4,B4:BF:E9:34:ED:81,-63,0,92,92,2,2
565097675,NODE_B0CBD8F33218,wormhole_a,4,B4:BF:E9:34:ED:81,-63,0,92,92,2,2
565197654,NODE_B0CBD8F33218,wormhole_a,4,B4:BF:E9:34:ED:81,-63,0,92,92,2,2
565307656,NODE_B0CBD8F33218,wormhole_a,4,B4:BF:E9:34:ED:81,-63,0,92,92,2,2
565407656,NODE_B0CBD8F33218,wormhole_a,4,B4:BF:E9:34:ED:81,-63,0,92,92,2,2
565507657,NODE_B0CBD8F33218,wormhole_a,4,B4:BF:E9:34:ED:81,-63,0,92,92,2,2
565617666,NODE_B0CBD8F33218,wormhole_a,4,B4:BF:E9:34:ED:81,-63,0,93,93,2,2
565717662,NODE_B0CBD8F33218,wormhole_a,4,B4:BF:E9:34:ED:81,-63,0,93,93,2,2
565817667,NODE_B0CBD8F33218,wormhole_a,4,B4:BF:E9:34:ED:81,-63,0,93,93,2,2
565927660,NODE_B0CBD8F33218,wormhole_a,4,B4:BF:E9:34:ED:81,-63,0,93,93,2,2
566027654,NODE_B0CBD8F33218,wormhole_a,4,B4:BF:E9:34:ED:81,-63,0,93,93,2,2
566127662,NODE_B0CBD8F33218,wormhole_a,4,B4:BF:E9:34:ED:81,-63,0,93,93,2,2
566227656,NODE_B0CBD8F33218,wormhole_a,4,B4:BF:E9:34:ED:81,-63,0,93,93,2,2
566337654,NODE_B0CBD8F33218,wormhole_a,4,B4:BF:E9:34:ED:81,-63,0,93,93,2,2
566437654,NODE_B0CBD8F33218,wormhole_a,4,B4:BF:E9:34:ED:81,-63,0,93,93,2,2
566537667,NODE_B0CBD8F33218,wormhole_a,4,B4:BF:E9:34:ED:81,-63,0,94,94,2,2
566647656,NODE_B0CBD8F33218,wormhole_a,4,B4:BF:E9:34:ED:81,-63,0,94,94,2,2
566747975,NODE_B0CBD8F33218,wormhole_a,4,B4:BF:E9:34:ED:81,-63,0,94,94,2,2
566847666,NODE_B0CBD8F33218,wormhole_a,4,B4:BF:E9:34:ED:81,-63,0,94,94,2,2
566957659,NODE_B0CBD8F33218,wormhole_a,4,B4:BF:E9:34:ED:81,-63,0,94,94,2,2
567057674,NODE_B0CBD8F33218,wormhole_a,4,B4:BF:E9:34:ED:81,-63,0,94,94,2,2
567157654,NODE_B0CBD8F33218,wormhole_a,4,B4:BF:E9:34:ED:81,-63,0,94,94,2,2
567257656,NODE_B0CBD8F33218,wormhole_a,4,B4:BF:E9:34:ED:81,-63,0,94,94,2,2
567367656,NODE_B0CBD8F33218,wormhole_a,4,B4:BF:E9:34:ED:81,-63,0,94,94,2,2
567467654,NODE_B0CBD8F33218,wormhole_a,4,B4:BF:E9:34:ED:81,-63,0,94,94,2,2
567567666,NODE_B0CBD8F33218,wormhole_a,4,B4:BF:E9:34:ED:81,-63,0,95,95,2,2
567677656,NODE_B0CBD8F33218,wormhole_a,4,B4:BF:E9:34:ED:81,-63,0,95,95,2,2
567777666,NODE_B0CBD8F33218,wormhole_a,4,B4:BF:E9:34:ED:81,-64,0,95,95,2,2
567877662,NODE_B0CBD8F33218,wormhole_a,4,B4:BF:E9:34:ED:81,-64,0,95,95,2,2
567987658,NODE_B0CBD8F33218,wormhole_a,4,B4:BF:E9:34:ED:81,-64,0,95,95,2,2
568087664,NODE_B0CBD8F33218,wormhole_a,4,B4:BF:E9:34:ED:81,-64,0,95,95,2,2
568187654,NODE_B0CBD8F33218,wormhole_a,4,B4:BF:E9:34:ED:81,-64,0,95,95,2,2
568287654,NODE_B0CBD8F33218,wormhole_a,4,B4:BF:E9:34:ED:81,-64,0,95,95,2,2
568397656,NODE_B0CBD8F33218,wormhole_a,4,B4:BF:E9:34:ED:81,-64,0,95,95,2,2
568497654,NODE_B0CBD8F33218,wormhole_a,4,B4:BF:E9:34:ED:81,-64,0,95,95,2,2
568597666,NODE_B0CBD8F33218,wormhole_a,4,B4:BF:E9:34:ED:81,-64,0,96,96,2,2
568707654,NODE_B0CBD8F33218,wormhole_a,4,B4:BF:E9:34:ED:81,-64,0,96,96,2,2
568807723,NODE_B0CBD8F33218,wormhole_a,4,B4:BF:E9:34:ED:81,-63,0,96,96,2,2
568907658,NODE_B0CBD8F33218,wormhole_a,4,B4:BF:E9:34:ED:81,-63,0,96,96,2,2
569017656,NODE_B0CBD8F33218,wormhole_a,4,B4:BF:E9:34:ED:81,-63,0,96,96,2,2
569117677,NODE_B0CBD8F33218,wormhole_a,4,B4:BF:E9:34:ED:81,-63,0,96,96,2,2
569217656,NODE_B0CBD8F33218,wormhole_a,4,B4:BF:E9:34:ED:81,-63,0,96,96,2,2
569317656,NODE_B0CBD8F33218,wormhole_a,4,B4:BF:E9:34:ED:81,-63,0,96,96,2,2
569427654,NODE_B0CBD8F33218,wormhole_a,4,B4:BF:E9:34:ED:81,-63,0,96,96,2,2
569527668,NODE_B0CBD8F33218,wormhole_a,4,B4:BF:E9:34:ED:81,-63,0,97,97,2,2
569627654,NODE_B0CBD8F33218,wormhole_a,4,B4:BF:E9:34:ED:81,-63,0,97,97,2,2
569737654,NODE_B0CBD8F33218,wormhole_a,4,B4:BF:E9:34:ED:81,-63,0,97,97,2,2
569837667,NODE_B0CBD8F33218,wormhole_a,4,B4:BF:E9:34:ED:81,-63,0,97,97,2,2
569937658,NODE_B0CBD8F33218,wormhole_a,4,B4:BF:E9:34:ED:81,-63,0,97,97,2,2
570048049,NODE_B0CBD8F33218,wormhole_a,4,B4:BF:E9:34:ED:81,-63,0,97,97,2,2
570147662,NODE_B0CBD8F33218,wormhole_a,4,B4:BF:E9:34:ED:81,-63,0,97,97,2,2
570247656,NODE_B0CBD8F33218,wormhole_a,4,B4:BF:E9:34:ED:81,-63,0,97,97,2,2
570347654,NODE_B0CBD8F33218,wormhole_a,4,B4:BF:E9:34:ED:81,-63,0,97,97,2,2
570457654,NODE_B0CBD8F33218,wormhole_a,4,B4:BF:E9:34:ED:81,-63,0,97,97,2,2
570557667,NODE_B0CBD8F33218,wormhole_a,4,B4:BF:E9:34:ED:81,-63,0,98,98,2,2
570657654,NODE_B0CBD8F33218,wormhole_a,4,B4:BF:E9:34:ED:81,-63,0,98,98,2,2
570767654,NODE_B0CBD8F33218,wormhole_a,4,B4:BF:E9:34:ED:81,-63,0,98,98,2,2
570867666,NODE_B0CBD8F33218,wormhole_a,4,B4:BF:E9:34:ED:81,-63,0,98,98,2,2
570967660,NODE_B0CBD8F33218,wormhole_a,4,B4:BF:E9:34:ED:81,-63,0,98,98,2,2
571077666,NODE_B0CBD8F33218,wormhole_a,4,B4:BF:E9:34:ED:81,-63,0,98,98,2,2
571177662,NODE_B0CBD8F33218,wormhole_a,4,B4:BF:E9:34:ED:81,-63,0,98,98,2,2
571277656,NODE_B0CBD8F33218,wormhole_a,4,B4:BF:E9:34:ED:81,-63,0,98,98,2,2
571377654,NODE_B0CBD8F33218,wormhole_a,4,B4:BF:E9:34:ED:81,-63,0,98,98,2,2
571487654,NODE_B0CBD8F33218,wormhole_a,4,B4:BF:E9:34:ED:81,-63,0,98,98,2,2
571587666,NODE_B0CBD8F33218,wormhole_a,4,B4:BF:E9:34:ED:81,-63,0,99,99,2,2
571687656,NODE_B0CBD8F33218,wormhole_a,4,B4:BF:E9:34:ED:81,-63,0,99,99,2,2
571797654,NODE_B0CBD8F33218,wormhole_a,4,B4:BF:E9:34:ED:81,-63,0,99,99,2,2
571897666,NODE_B0CBD8F33218,wormhole_a,4,B4:BF:E9:34:ED:81,-65,0,99,99,2,2
571997656,NODE_B0CBD8F33218,wormhole_a,4,B4:BF:E9:34:ED:81,-65,0,99,99,2,2
572107657,NODE_B0CBD8F33218,wormhole_a,4,B4:BF:E9:34:ED:81,-65,0,99,99,2,2
572207664,NODE_B0CBD8F33218,wormhole_a,4,B4:BF:E9:34:ED:81,-65,0,99,99,2,2
572307656,NODE_B0CBD8F33218,wormhole_a,4,B4:BF:E9:34:ED:81,-65,0,99,99,2,2
572407657,NODE_B0CBD8F33218,wormhole_a,4,B4:BF:E9:34:ED:81,-65,0,99,99,2,2
572517658,NODE_B0CBD8F33218,wormhole_a,4,B4:BF:E9:34:ED:81,-65,0,99,99,2,2
572617668,NODE_B0CBD8F33218,wormhole_a,4,B4:BF:E9:34:ED:81,-65,0,100,100,2,2
572717657,NODE_B0CBD8F33218,wormhole_a,4,B4:BF:E9:34:ED:81,-65,0,100,100,2,2
572827814,NODE_B0CBD8F33218,wormhole_a,4,B4:BF:E9:34:ED:81,-65,0,100,100,2,2
572927666,NODE_B0CBD8F33218,wormhole_a,4,B4:BF:E9:34:ED:81,-65,0,100,100,2,2
573027654,NODE_B0CBD8F33218,wormhole_a,4,B4:BF:E9:34:ED:81,-65,0,100,100,2,2
573137671,NODE_B0CBD8F33218,wormhole_a,4,B4:BF:E9:34:ED:81,-65,0,100,100,2,2
573237662,NODE_B0CBD8F33218,wormhole_a,4,B4:BF:E9:34:ED:81,-65,0,100,100,2,2
573337654,NODE_B0CBD8F33218,wormhole_a,4,B4:BF:E9:34:ED:81,-65,0,100,100,2,2
573447654,NODE_B0CBD8F33218,wormhole_a,4,B4:BF:E9:34:ED:81,-65,0,100,100,2,2
573547668,NODE_B0CBD8F33218,wormhole_a,4,B4:BF:E9:34:ED:81,-65,0,101,101,2,2
573647654,NODE_B0CBD8F33218,wormhole_a,4,B4:BF:E9:34:ED:81,-65,0,101,101,2,2
573747654,NODE_B0CBD8F33218,wormhole_a,4,B4:BF:E9:34:ED:81,-65,0,101,101,2,2
573857659,NODE_B0CBD8F33218,wormhole_a,4,B4:BF:E9:34:ED:81,-65,0,101,101,2,2
573957666,NODE_B0CBD8F33218,wormhole_a,4,B4:BF:E9:34:ED:81,-64,0,101,101,2,2
574057654,NODE_B0CBD8F33218,wormhole_a,4,B4:BF:E9:34:ED:81,-64,0,101,101,2,2
574157659,NODE_B0CBD8F33218,wormhole_a,4,B4:BF:E9:34:ED:81,-64,0,101,101,2,2
574257662,NODE_B0CBD8F33218,wormhole_a,4,B4:BF:E9:34:ED:81,-64,0,101,101,2,2
574357654,NODE_B0CBD8F33218,wormhole_a,4,B4:BF:E9:34:ED:81,-64,0,101,101,2,2
574467654,NODE_B0CBD8F33218,wormhole_a,4,B4:BF:E9:34:ED:81,-64,0,101,101,2,2
574567668,NODE_B0CBD8F33218,wormhole_a,4,B4:BF:E9:34:ED:81,-64,0,102,102,2,2
574667654,NODE_B0CBD8F33218,wormhole_a,4,B4:BF:E9:34:ED:81,-64,0,102,102,2,2
574767654,NODE_B0CBD8F33218,wormhole_a,4,B4:BF:E9:34:ED:81,-64,0,102,102,2,2
574877656,NODE_B0CBD8F33218,wormhole_a,4,B4:BF:E9:34:ED:81,-64,0,102,102,2,2
574977674,NODE_B0CBD8F33218,wormhole_a,4,B4:BF:E9:34:ED:81,-63,0,102,102,2,2
575077666,NODE_B0CBD8F33218,wormhole_a,4,B4:BF:E9:34:ED:81,-63,0,102,102,2,2
575177659,NODE_B0CBD8F33218,wormhole_a,4,B4:BF:E9:34:ED:81,-63,0,102,102,2,2
575277662,NODE_B0CBD8F33218,wormhole_a,4,B4:BF:E9:34:ED:81,-63,0,102,102,2,2
575377654,NODE_B0CBD8F33218,wormhole_a,4,B4:BF:E9:34:ED:81,-63,0,102,102,2,2
575487654,NODE_B0CBD8F33218,wormhole_a,4,B4:BF:E9:34:ED:81,-63,0,102,102,2,2
575587668,NODE_B0CBD8F33218,wormhole_a,4,B4:BF:E9:34:ED:81,-63,0,103,103,2,2
575687654,NODE_B0CBD8F33218,wormhole_a,4,B4:BF:E9:34:ED:81,-63,0,103,103,2,2
575787654,NODE_B0CBD8F33218,wormhole_a,4,B4:BF:E9:34:ED:81,-63,0,103,103,2,2
575897667,NODE_B0CBD8F33218,wormhole_a,4,B4:BF:E9:34:ED:81,-63,0,103,103,2,2
575997666,NODE_B0CBD8F33218,wormhole_a,4,B4:BF:E9:34:ED:81,-63,0,103,103,2,2
576097654,NODE_B0CBD8F33218,wormhole_a,4,B4:BF:E9:34:ED:81,-63,0,103,103,2,2
576197659,NODE_B0CBD8F33218,wormhole_a,4,B4:BF:E9:34:ED:81,-63,0,103,103,2,2
576297662,NODE_B0CBD8F33218,wormhole_a,4,B4:BF:E9:34:ED:81,-63,0,103,103,2,2
576397654,NODE_B0CBD8F33218,wormhole_a,4,B4:BF:E9:34:ED:81,-63,0,103,103,2,2
576507656,NODE_B0CBD8F33218,wormhole_a,4,B4:BF:E9:34:ED:81,-63,0,103,103,2,2
576607668,NODE_B0CBD8F33218,wormhole_a,4,B4:BF:E9:34:ED:81,-63,0,104,104,2,2
576707654,NODE_B0CBD8F33218,wormhole_a,4,B4:BF:E9:34:ED:81,-63,0,104,104,2,2
576807654,NODE_B0CBD8F33218,wormhole_a,4,B4:BF:E9:34:ED:81,-63,0,104,104,2,2
576917661,NODE_B0CBD8F33218,wormhole_a,4,B4:BF:E9:34:ED:81,-63,0,104,104,2,2
577017668,NODE_B0CBD8F33218,wormhole_a,4,B4:BF:E9:34:ED:81,-63,0,104,104,2,2
577117668,NODE_B0CBD8F33218,wormhole_a,4,B4:BF:E9:34:ED:81,-63,0,104,104,2,2
577217661,NODE_B0CBD8F33218,wormhole_a,4,B4:BF:E9:34:ED:81,-63,0,104,104,2,2
577317664,NODE_B0CBD8F33218,wormhole_a,4,B4:BF:E9:34:ED:81,-63,0,104,104,2,2
577417656,NODE_B0CBD8F33218,wormhole_a,4,B4:BF:E9:34:ED:81,-63,0,104,104,2,2
577527666,NODE_B0CBD8F33218,wormhole_a,4,B4:BF:E9:34:ED:81,-63,0,105,105,2,2
577627656,NODE_B0CBD8F33218,wormhole_a,4,B4:BF:E9:34:ED:81,-63,0,105,105,2,2
577727654,NODE_B0CBD8F33218,wormhole_a,4,B4:BF:E9:34:ED:81,-63,0,105,105,2,2
577827654,NODE_B0CBD8F33218,wormhole_a,4,B4:BF:E9:34:ED:81,-63,0,105,105,2,2
577937659,NODE_B0CBD8F33218,wormhole_a,4,B4:BF:E9:34:ED:81,-63,0,105,105,2,2
578048058,NODE_B0CBD8F33218,wormhole_a,4,B4:BF:E9:34:ED:81,-63,0,105,105,2,2
578147658,NODE_B0CBD8F33218,wormhole_a,4,B4:BF:E9:34:ED:81,-63,0,105,105,2,2
578257654,NODE_B0CBD8F33218,wormhole_a,4,B4:BF:E9:34:ED:81,-63,0,105,105,2,2
578357663,NODE_B0CBD8F33218,wormhole_a,4,B4:BF:E9:34:ED:81,-63,0,105,105,2,2
578457654,NODE_B0CBD8F33218,wormhole_a,4,B4:BF:E9:34:ED:81,-63,0,105,105,2,2
578557666,NODE_B0CBD8F33218,wormhole_a,4,B4:BF:E9:34:ED:81,-63,0,106,106,2,2
578657656,NODE_B0CBD8F33218,wormhole_a,4,B4:BF:E9:34:ED:81,-63,0,106,106,2,2
578767656,NODE_B0CBD8F33218,wormhole_a,4,B4:BF:E9:34:ED:81,-63,0,106,106,2,2
578867658,NODE_B0CBD8F33218,wormhole_a,4,B4:BF:E9:34:ED:81,-63,0,106,106,2,2
578967654,NODE_B0CBD8F33218,wormhole_a,4,B4:BF:E9:34:ED:81,-63,0,106,106,2,2
579077671,NODE_B0CBD8F33218,wormhole_a,4,B4:BF:E9:34:ED:81,-63,0,106,106,2,2
579177658,NODE_B0CBD8F33218,wormhole_a,4,B4:BF:E9:34:ED:81,-63,0,106,106,2,2
579287654,NODE_B0CBD8F33218,wormhole_a,4,B4:BF:E9:34:ED:81,-63,0,106,106,2,2
579387662,NODE_B0CBD8F33218,wormhole_a,4,B4:BF:E9:34:ED:81,-63,0,106,106,2,2
579487656,NODE_B0CBD8F33218,wormhole_a,4,B4:BF:E9:34:ED:81,-63,0,106,106,2,2
579587666,NODE_B0CBD8F33218,wormhole_a,4,B4:BF:E9:34:ED:81,-63,0,106,107,2,2
579687654,NODE_B0CBD8F33218,wormhole_a,4,B4:BF:E9:34:ED:81,-63,0,107,107,2,2
579797659,NODE_B0CBD8F33218,wormhole_a,4,B4:BF:E9:34:ED:81,-63,0,107,107,2,2
579897654,NODE_B0CBD8F33218,wormhole_a,4,B4:BF:E9:34:ED:81,-63,0,107,107,2,2
579997658,NODE_B0CBD8F33218,wormhole_a,4,B4:BF:E9:34:ED:81,-63,0,107,107,2,2
580107666,NODE_B0CBD8F33218,wormhole_a,4,B4:BF:E9:34:ED:81,-64,0,107,107,2,2
580207660,NODE_B0CBD8F33218,wormhole_a,4,B4:BF:E9:34:ED:81,-64,0,107,107,2,2
580317656,NODE_B0CBD8F33218,wormhole_a,4,B4:BF:E9:34:ED:81,-64,0,107,107,2,2
580417664,NODE_B0CBD8F33218,wormhole_a,4,B4:BF:E9:34:ED:81,-64,0,107,107,2,2
580517667,NODE_B0CBD8F33218,wormhole_a,4,B4:BF:E9:34:ED:81,-64,0,108,108,2,2
580617654,NODE_B0CBD8F33218,wormhole_a,4,B4:BF:E9:34:ED:81,-64,0,108,108,2,2
580717654,NODE_B0CBD8F33218,wormhole_a,4,B4:BF:E9:34:ED:81,-64,0,108,108,2,2
580827654,NODE_B0CBD8F33218,wormhole_a,4,B4:BF:E9:34:ED:81,-64,0,108,108,2,2
580927660,NODE_B0CBD8F33218,wormhole_a,4,B4:BF:E9:34:ED:81,-64,0,108,108,2,2
581027654,NODE_B0CBD8F33218,wormhole_a,4,B4:BF:E9:34:ED:81,-64,0,108,108,2,2
581137670,NODE_B0CBD8F33218,wormhole_a,4,B4:BF:E9:34:ED:81,-64,0,108,108,2,2
581237873,NODE_B0CBD8F33218,wormhole_a,4,B4:BF:E9:34:ED:81,-64,0,108,108,2,2
581347656,NODE_B0CBD8F33218,wormhole_a,4,B4:BF:E9:34:ED:81,-64,0,108,108,2,2
581447662,NODE_B0CBD8F33218,wormhole_a,4,B4:BF:E9:34:ED:81,-64,0,108,108,2,2
581547666,NODE_B0CBD8F33218,wormhole_a,4,B4:BF:E9:34:ED:81,-64,0,109,109,2,2
581647656,NODE_B0CBD8F33218,wormhole_a,4,B4:BF:E9:34:ED:81,-64,0,109,109,2,2
581747654,NODE_B0CBD8F33218,wormhole_a,4,B4:BF:E9:34:ED:81,-64,0,109,109,2,2
581857658,NODE_B0CBD8F33218,wormhole_a,4,B4:BF:E9:34:ED:81,-64,0,109,109,2,2
581957656,NODE_B0CBD8F33218,wormhole_a,4,B4:BF:E9:34:ED:81,-64,0,109,109,2,2
582057654,NODE_B0CBD8F33218,wormhole_a,4,B4:BF:E9:34:ED:81,-64,0,109,109,2,2
582167666,NODE_B0CBD8F33218,wormhole_a,4,B4:BF:E9:34:ED:81,-63,0,109,109,2,2
582267654,NODE_B0CBD8F33218,wormhole_a,4,B4:BF:E9:34:ED:81,-63,0,109,109,2,2
582377656,NODE_B0CBD8F33218,wormhole_a,4,B4:BF:E9:34:ED:81,-63,0,109,109,2,2
582477662,NODE_B0CBD8F33218,wormhole_a,4,B4:BF:E9:34:ED:81,-63,0,109,109,2,2
582577666,NODE_B0CBD8F33218,wormhole_a,4,B4:BF:E9:34:ED:81,-63,0,110,110,2,2
582677656,NODE_B0CBD8F33218,wormhole_a,4,B4:BF:E9:34:ED:81,-63,0,110,110,2,2
582777654,NODE_B0CBD8F33218,wormhole_a,4,B4:BF:E9:34:ED:81,-63,0,110,110,2,2
582887658,NODE_B0CBD8F33218,wormhole_a,4,B4:BF:E9:34:ED:81,-63,0,110,110,2,2
582987654,NODE_B0CBD8F33218,wormhole_a,4,B4:BF:E9:34:ED:81,-63,0,110,110,2,2
583087668,NODE_B0CBD8F33218,wormhole_a,4,B4:BF:E9:34:ED:81,-63,0,110,110,2,2
583197666,NODE_B0CBD8F33218,wormhole_a,4,B4:BF:E9:34:ED:81,-64,0,110,110,2,2
583297654,NODE_B0CBD8F33218,wormhole_a,4,B4:BF:E9:34:ED:81,-64,0,110,110,2,2
583407656,NODE_B0CBD8F33218,wormhole_a,4,B4:BF:E9:34:ED:81,-64,0,110,110,2,2
583507665,NODE_B0CBD8F33218,wormhole_a,4,B4:BF:E9:34:ED:81,-64,0,110,110,2,2
583607668,NODE_B0CBD8F33218,wormhole_a,4,B4:BF:E9:34:ED:81,-64,0,111,111,2,2
583707656,NODE_B0CBD8F33218,wormhole_a,4,B4:BF:E9:34:ED:81,-64,0,111,111,2,2
583807657,NODE_B0CBD8F33218,wormhole_a,4,B4:BF:E9:34:ED:81,-64,0,111,111,2,2
583917666,NODE_B0CBD8F33218,wormhole_a,4,B4:BF:E9:34:ED:81,-64,0,111,111,2,2
584017654,NODE_B0CBD8F33218,wormhole_a,4,B4:BF:E9:34:ED:81,-64,0,111,111,2,2
584117656,NODE_B0CBD8F33218,wormhole_a,4,B4:BF:E9:34:ED:81,-64,0,111,111,2,2
584227668,NODE_B0CBD8F33218,wormhole_a,4,B4:BF:E9:34:ED:81,-64,0,111,111,2,2
584327654,NODE_B0CBD8F33218,wormhole_a,4,B4:BF:E9:34:ED:81,-64,0,111,111,2,2
584437654,NODE_B0CBD8F33218,wormhole_a,4,B4:BF:E9:34:ED:81,-64,0,111,111,2,2
584537667,NODE_B0CBD8F33218,wormhole_a,4,B4:BF:E9:34:ED:81,-64,0,112,112,2,2
584637654,NODE_B0CBD8F33218,wormhole_a,4,B4:BF:E9:34:ED:81,-64,0,112,112,2,2
584737654,NODE_B0CBD8F33218,wormhole_a,4,B4:BF:E9:34:ED:81,-64,0,112,112,2,2
584837659,NODE_B0CBD8F33218,wormhole_a,4,B4:BF:E9:34:ED:81,-64,0,112,112,2,2
584947656,NODE_B0CBD8F33218,wormhole_a,4,B4:BF:E9:34:ED:81,-64,0,112,112,2,2
585048053,NODE_B0CBD8F33218,wormhole_a,4,B4:BF:E9:34:ED:81,-64,0,112,112,2,2
585147690,NODE_B0CBD8F33218,wormhole_a,4,B4:BF:E9:34:ED:81,-64,0,112,112,2,2
585257663,NODE_B0CBD8F33218,wormhole_a,4,B4:BF:E9:34:ED:81,-63,0,112,112,2,2
585357654,NODE_B0CBD8F33218,wormhole_a,4,B4:BF:E9:34:ED:81,-63,0,112,112,2,2
585467654,NODE_B0CBD8F33218,wormhole_a,4,B4:BF:E9:34:ED:81,-63,0,112,112,2,2
585567666,NODE_B0CBD8F33218,wormhole_a,4,B4:BF:E9:34:ED:81,-63,0,113,113,2,2
585667656,NODE_B0CBD8F33218,wormhole_a,4,B4:BF:E9:34:ED:81,-63,0,113,113,2,2
585777654,NODE_B0CBD8F33218,wormhole_a,4,B4:BF:E9:34:ED:81,-63,0,113,113,2,2
585877658,NODE_B0CBD8F33218,wormhole_a,4,B4:BF:E9:34:ED:81,-63,0,113,113,2,2
585977656,NODE_B0CBD8F33218,wormhole_a,4,B4:BF:E9:34:ED:81,-63,0,113,113,2,2
586077654,NODE_B0CBD8F33218,wormhole_a,4,B4:BF:E9:34:ED:81,-63,0,113,113,2,2
586187667,NODE_B0CBD8F33218,wormhole_a,4,B4:BF:E9:34:ED:81,-63,0,113,113,2,2
586287666,NODE_B0CBD8F33218,wormhole_a,4,B4:BF:E9:34:ED:81,-65,0,113,113,2,2
586387656,NODE_B0CBD8F33218,wormhole_a,4,B4:BF:E9:34:ED:81,-65,0,113,113,2,2
586487654,NODE_B0CBD8F33218,wormhole_a,4,B4:BF:E9:34:ED:81,-65,0,113,113,2,2
586587666,NODE_B0CBD8F33218,wormhole_a,4,B4:BF:E9:34:ED:81,-65,0,114,114,2,2
586687656,NODE_B0CBD8F33218,wormhole_a,4,B4:BF:E9:34:ED:81,-65,0,114,114,2,2
586797654,NODE_B0CBD8F33218,wormhole_a,4,B4:BF:E9:34:ED:81,-65,0,114,114,2,2
586897666,NODE_B0CBD8F33218,wormhole_a,4,B4:BF:E9:34:ED:81,-65,0,114,114,2,2
586997656,NODE_B0CBD8F33218,wormhole_a,4,B4:BF:E9:34:ED:81,-65,0,114,114,2,2
587097666,NODE_B0CBD8F33218,wormhole_a,4,B4:BF:E9:34:ED:81,-65,0,114,114,2,2
587207660,NODE_B0CBD8F33218,wormhole_a,4,B4:BF:E9:34:ED:81,-65,0,114,114,2,2
587307660,NODE_B0CBD8F33218,wormhole_a,4,B4:BF:E9:34:ED:81,-64,0,114,114,2,2
587407657,NODE_B0CBD8F33218,wormhole_a,4,B4:BF:E9:34:ED:81,-64,0,114,114,2,2
587507656,NODE_B0CBD8F33218,wormhole_a,4,B4:BF:E9:34:ED:81,-64,0,114,114,2,2
587607668,NODE_B0CBD8F33218,wormhole_a,4,B4:BF:E9:34:ED:81,-64,0,115,115,2,2
587707657,NODE_B0CBD8F33218,wormhole_a,4,B4:BF:E9:34:ED:81,-64,0,115,115,2,2
587817658,NODE_B0CBD8F33218,wormhole_a,4,B4:BF:E9:34:ED:81,-64,0,115,115,2,2
587917654,NODE_B0CBD8F33218,wormhole_a,4,B4:BF:E9:34:ED:81,-64,0,115,115,2,2
588017655,NODE_B0CBD8F33218,wormhole_a,4,B4:BF:E9:34:ED:81,-64,0,115,115,2,2
588117654,NODE_B0CBD8F33218,wormhole_a,4,B4:BF:E9:34:ED:81,-64,0,115,115,2,2
588227658,NODE_B0CBD8F33218,wormhole_a,4,B4:BF:E9:34:ED:81,-64,0,115,115,2,2
588327666,NODE_B0CBD8F33218,wormhole_a,4,B4:BF:E9:34:ED:81,-64,0,115,115,2,2
588427656,NODE_B0CBD8F33218,wormhole_a,4,B4:BF:E9:34:ED:81,-64,0,115,115,2,2
588527666,NODE_B0CBD8F33218,wormhole_a,4,B4:BF:E9:34:ED:81,-64,0,116,116,2,2
588627654,NODE_B0CBD8F33218,wormhole_a,4,B4:BF:E9:34:ED:81,-64,0,116,116,2,2
588727664,NODE_B0CBD8F33218,wormhole_a,4,B4:BF:E9:34:ED:81,-64,0,116,116,2,2
588838453,NODE_B0CBD8F33218,wormhole_a,4,B4:BF:E9:34:ED:81,-64,0,116,116,2,2
588937658,NODE_B0CBD8F33218,wormhole_a,4,B4:BF:E9:34:ED:81,-64,0,116,116,2,2
589037656,NODE_B0CBD8F33218,wormhole_a,4,B4:BF:E9:34:ED:81,-64,0,116,116,2,2
589137666,NODE_B0CBD8F33218,wormhole_a,4,B4:BF:E9:34:ED:81,-64,0,116,116,2,2
589247658,NODE_B0CBD8F33218,wormhole_a,4,B4:BF:E9:34:ED:81,-64,0,116,116,2,2
589347666,NODE_B0CBD8F33218,wormhole_a,4,B4:BF:E9:34:ED:81,-65,0,116,116,2,2
589447656,NODE_B0CBD8F33218,wormhole_a,4,B4:BF:E9:34:ED:81,-65,0,116,116,2,2
589547658,NODE_B0CBD8F33218,wormhole_a,4,B4:BF:E9:34:ED:81,-65,0,117,117,2,2
589647662,NODE_B0CBD8F33218,wormhole_a,4,B4:BF:E9:34:ED:81,-65,0,117,117,2,2
589747656,NODE_B0CBD8F33218,wormhole_a,4,B4:BF:E9:34:ED:81,-65,0,117,117,2,2
589857654,NODE_B0CBD8F33218,wormhole_a,4,B4:BF:E9:34:ED:81,-65,0,117,117,2,2
589957658,NODE_B0CBD8F33218,wormhole_a,4,B4:BF:E9:34:ED:81,-65,0,117,117,2,2
590057656,NODE_B0CBD8F33218,wormhole_a,4,B4:BF:E9:34:ED:81,-65,0,117,117,2,2
590157654,NODE_B0CBD8F33218,wormhole_a,4,B4:BF:E9:34:ED:81,-65,0,117,117,2,2
590267658,NODE_B0CBD8F33218,wormhole_a,4,B4:BF:E9:34:ED:81,-65,0,117,117,2,2
590367666,NODE_B0CBD8F33218,wormhole_a,4,B4:BF:E9:34:ED:81,-64,0,117,117,2,2
590467656,NODE_B0CBD8F33218,wormhole_a,4,B4:BF:E9:34:ED:81,-64,0,117,117,2,2
590567666,NODE_B0CBD8F33218,wormhole_a,4,B4:BF:E9:34:ED:81,-64,0,118,118,2,2
590667654,NODE_B0CBD8F33218,wormhole_a,4,B4:BF:E9:34:ED:81,-64,0,118,118,2,2
590767664,NODE_B0CBD8F33218,wormhole_a,4,B4:BF:E9:34:ED:81,-64,0,118,118,2,2
590877658,NODE_B0CBD8F33218,wormhole_a,4,B4:BF:E9:34:ED:81,-64,0,118,118,2,2
590977654,NODE_B0CBD8F33218,wormhole_a,4,B4:BF:E9:34:ED:81,-64,0,118,118,2,2
591077667,NODE_B0CBD8F33218,wormhole_a,4,B4:BF:E9:34:ED:81,-64,0,118,118,2,2
591177658,NODE_B0CBD8F33218,wormhole_a,4,B4:BF:E9:34:ED:81,-64,0,118,118,2,2
591287654,NODE_B0CBD8F33218,wormhole_a,4,B4:BF:E9:34:ED:81,-64,0,118,118,2,2
591387666,NODE_B0CBD8F33218,wormhole_a,4,B4:BF:E9:34:ED:81,-62,0,118,118,2,2
591487656,NODE_B0CBD8F33218,wormhole_a,4,B4:BF:E9:34:ED:81,-62,0,118,118,2,2
591587658,NODE_B0CBD8F33218,wormhole_a,4,B4:BF:E9:34:ED:81,-62,0,119,119,2,2
591687662,NODE_B0CBD8F33218,wormhole_a,4,B4:BF:E9:34:ED:81,-62,0,119,119,2,2
591787788,NODE_B0CBD8F33218,wormhole_a,4,B4:BF:E9:34:ED:81,-62,0,119,119,2,2
591897658,NODE_B0CBD8F33218,wormhole_a,4,B4:BF:E9:34:ED:81,-62,0,119,119,2,2
591997654,NODE_B0CBD8F33218,wormhole_a,4,B4:BF:E9:34:ED:81,-62,0,119,119,2,2
592097656,NODE_B0CBD8F33218,wormhole_a,4,B4:BF:E9:34:ED:81,-62,0,119,119,2,2
592197658,NODE_B0CBD8F33218,wormhole_a,4,B4:BF:E9:34:ED:81,-62,0,119,119,2,2
592307656,NODE_B0CBD8F33218,wormhole_a,4,B4:BF:E9:34:ED:81,-62,0,119,119,2,2
592407668,NODE_B0CBD8F33218,wormhole_a,4,B4:BF:E9:34:ED:81,-64,0,119,119,2,2
592507657,NODE_B0CBD8F33218,wormhole_a,4,B4:BF:E9:34:ED:81,-64,0,119,119,2,2
592607668,NODE_B0CBD8F33218,wormhole_a,4,B4:BF:E9:34:ED:81,-64,0,120,120,2,2
592707656,NODE_B0CBD8F33218,wormhole_a,4,B4:BF:E9:34:ED:81,-64,0,120,120,2,2
592807665,NODE_B0CBD8F33218,wormhole_a,4,B4:BF:E9:34:ED:81,-64,0,120,120,2,2
592917658,NODE_B0CBD8F33218,wormhole_a,4,B4:BF:E9:34:ED:81,-64,0,120,120,2,2
593017654,NODE_B0CBD8F33218,wormhole_a,4,B4:BF:E9:34:ED:81,-64,0,120,120,2,2
593127666,NODE_B0CBD8F33218,wormhole_a,4,B4:BF:E9:34:ED:81,-64,0,120,120,2,2
593227660,NODE_B0CBD8F33218,wormhole_a,4,B4:BF:E9:34:ED:81,-64,0,120,120,2,2
593327654,NODE_B0CBD8F33218,wormhole_a,4,B4:BF:E9:34:ED:81,-64,0,120,120,2,2
593437666,NODE_B0CBD8F33218,wormhole_a,4,B4:BF:E9:34:ED:81,-63,0,120,120,2,2
593537659,NODE_B0CBD8F33218,wormhole_a,4,B4:BF:E9:34:ED:81,-63,0,121,121,2,2
593647664,NODE_B0CBD8F33218,wormhole_a,4,B4:BF:E9:34:ED:81,-63,0,121,121,2,2
593747654,NODE_B0CBD8F33218,wormhole_a,4,B4:BF:E9:34:ED:81,-63,0,121,121,2,2
593847666,NODE_B0CBD8F33218,wormhole_a,4,B4:BF:E9:34:ED:81,-63,0,121,121,2,2
593947656,NODE_B0CBD8F33218,wormhole_a,4,B4:BF:E9:34:ED:81,-63,0,121,121,2,2
594048053,NODE_B0CBD8F33218,wormhole_a,4,B4:BF:E9:34:ED:81,-63,0,121,121,2,2
594157654,NODE_B0CBD8F33218,wormhole_a,4,B4:BF:E9:34:ED:81,-63,0,121,121,2,2
594257659,NODE_B0CBD8F33218,wormhole_a,4,B4:BF:E9:34:ED:81,-63,0,121,121,2,2
594357654,NODE_B0CBD8F33218,wormhole_a,4,B4:BF:E9:34:ED:81,-63,0,121,121,2,2
594467666,NODE_B0CBD8F33218,wormhole_a,4,B4:BF:E9:34:ED:81,-64,0,121,121,2,2
594567658,NODE_B0CBD8F33218,wormhole_a,4,B4:BF:E9:34:ED:81,-64,0,122,122,2,2
594677663,NODE_B0CBD8F33218,wormhole_a,4,B4:BF:E9:34:ED:81,-64,0,122,122,2,2
594777654,NODE_B0CBD8F33218,wormhole_a,4,B4:BF:E9:34:ED:81,-64,0,122,122,2,2
594877666,NODE_B0CBD8F33218,wormhole_a,4,B4:BF:E9:34:ED:81,-64,0,122,122,2,2
594977656,NODE_B0CBD8F33218,wormhole_a,4,B4:BF:E9:34:ED:81,-64,0,122,122,2,2
595077666,NODE_B0CBD8F33218,wormhole_a,4,B4:BF:E9:34:ED:81,-64,0,122,122,2,2
595188190,NODE_B0CBD8F33218,wormhole_a,4,B4:BF:E9:34:ED:81,-64,0,122,122,2,2
595287654,NODE_B0CBD8F33218,wormhole_a,4,B4:BF:E9:34:ED:81,-64,0,122,122,2,2
595387656,NODE_B0CBD8F33218,wormhole_a,4,B4:BF:E9:34:ED:81,-64,0,122,122,2,2
595497666,NODE_B0CBD8F33218,wormhole_a,4,B4:BF:E9:34:ED:81,-63,0,122,122,2,2
595597658,NODE_B0CBD8F33218,wormhole_a,4,B4:BF:E9:34:ED:81,-63,0,123,123,2,2
595707664,NODE_B0CBD8F33218,wormhole_a,4,B4:BF:E9:34:ED:81,-63,0,123,123,2,2
595807657,NODE_B0CBD8F33218,wormhole_a,4,B4:BF:E9:34:ED:81,-63,0,123,123,2,2
595907668,NODE_B0CBD8F33218,wormhole_a,4,B4:BF:E9:34:ED:81,-63,0,123,123,2,2
596007656,NODE_B0CBD8F33218,wormhole_a,4,B4:BF:E9:34:ED:81,-63,0,123,123,2,2
596107657,NODE_B0CBD8F33218,wormhole_a,4,B4:BF:E9:34:ED:81,-63,0,123,123,2,2
596217658,NODE_B0CBD8F33218,wormhole_a,4,B4:BF:E9:34:ED:81,-63,0,123,123,2,2
596317654,NODE_B0CBD8F33218,wormhole_a,4,B4:BF:E9:34:ED:81,-63,0,123,123,2,2
596417656,NODE_B0CBD8F33218,wormhole_a,4,B4:BF:E9:34:ED:81,-63,0,123,123,2,2
596527660,NODE_B0CBD8F33218,wormhole_a,4,B4:BF:E9:34:ED:81,-63,0,124,124,2,2
596627654,NODE_B0CBD8F33218,wormhole_a,4,B4:BF:E9:34:ED:81,-63,0,124,124,2,2
596737662,NODE_B0CBD8F33218,wormhole_a,4,B4:BF:E9:34:ED:81,-63,0,124,124,2,2
596837659,NODE_B0CBD8F33218,wormhole_a,4,B4:BF:E9:34:ED:81,-63,0,124,124,2,2
596937662,NODE_B0CBD8F33218,wormhole_a,4,B4:BF:E9:34:ED:81,-63,0,124,124,2,2
597037654,NODE_B0CBD8F33218,wormhole_a,4,B4:BF:E9:34:ED:81,-63,0,124,124,2,2
597137667,NODE_B0CBD8F33218,wormhole_a,4,B4:BF:E9:34:ED:81,-63,0,124,124,2,2
597247660,NODE_B0CBD8F33218,wormhole_a,4,B4:BF:E9:34:ED:81,-63,0,124,124,2,2
597347654,NODE_B0CBD8F33218,wormhole_a,4,B4:BF:E9:34:ED:81,-63,0,124,124,2,2
597447654,NODE_B0CBD8F33218,wormhole_a,4,B4:BF:E9:34:ED:81,-63,0,124,124,2,2
597557659,NODE_B0CBD8F33218,wormhole_a,4,B4:BF:E9:34:ED:81,-64,0,125,125,2,2
597657654,NODE_B0CBD8F33218,wormhole_a,4,B4:BF:E9:34:ED:81,-64,0,125,125,2,2
597767662,NODE_B0CBD8F33218,wormhole_a,4,B4:BF:E9:34:ED:81,-64,0,125,125,2,2
597867658,NODE_B0CBD8F33218,wormhole_a,4,B4:BF:E9:34:ED:81,-64,0,125,125,2,2
597967664,NODE_B0CBD8F33218,wormhole_a,4,B4:BF:E9:34:ED:81,-64,0,125,125,2,2
598067654,NODE_B0CBD8F33218,wormhole_a,4,B4:BF:E9:34:ED:81,-64,0,125,125,2,2
598167654,NODE_B0CBD8F33218,wormhole_a,4,B4:BF:E9:34:ED:81,-64,0,125,125,2,2
598277659,NODE_B0CBD8F33218,wormhole_a,4,B4:BF:E9:34:ED:81,-64,0,125,125,2,2
598377654,NODE_B0CBD8F33218,wormhole_a,4,B4:BF:E9:34:ED:81,-64,0,125,125,2,2
598477662,NODE_B0CBD8F33218,wormhole_a,4,B4:BF:E9:34:ED:81,-64,0,125,125,2,2
598587658,NODE_B0CBD8F33218,wormhole_a,4,B4:BF:E9:34:ED:81,-63,0,126,126,2,2
598687656,NODE_B0CBD8F33218,wormhole_a,4,B4:BF:E9:34:ED:81,-63,0,126,126,2,2
598797662,NODE_B0CBD8F33218,wormhole_a,4,B4:BF:E9:34:ED:81,-63,0,126,126,2,2
598897658,NODE_B0CBD8F33218,wormhole_a,4,B4:BF:E9:34:ED:81,-63,0,126,126,2,2
598997656,NODE_B0CBD8F33218,wormhole_a,4,B4:BF:E9:34:ED:81,-63,0,126,126,2,2
599097666,NODE_B0CBD8F33218,wormhole_a,4,B4:BF:E9:34:ED:81,-63,0,126,126,2,2
599197658,NODE_B0CBD8F33218,wormhole_a,4,B4:BF:E9:34:ED:81,-63,0,126,126,2,2
599307656,NODE_B0CBD8F33218,wormhole_a,4,B4:BF:E9:34:ED:81,-63,0,126,126,2,2
599407657,NODE_B0CBD8F33218,wormhole_a,4,B4:BF:E9:34:ED:81,-63,0,126,126,2,2
599507664,NODE_B0CBD8F33218,wormhole_a,4,B4:BF:E9:34:ED:81,-63,0,126,126,2,2
599617674,NODE_B0CBD8F33218,wormhole_a,4,B4:BF:E9:34:ED:81,-63,0,127,127,2,2
599717666,NODE_B0CBD8F33218,wormhole_a,4,B4:BF:E9:34:ED:81,-63,0,127,127,2,2
599827668,NODE_B0CBD8F33218,wormhole_a,4,B4:BF:E9:34:ED:81,-63,0,127,127,2,2
599927654,NODE_B0CBD8F33218,wormhole_a,4,B4:BF:E9:34:ED:81,-63,0,127,127,2,2
600027654,NODE_B0CBD8F33218,wormhole_a,4,B4:BF:E9:34:ED:81,-63,0,127,127,2,2
600127656,NODE_B0CBD8F33218,wormhole_a,4,B4:BF:E9:34:ED:81,-63,0,127,127,2,2
600227662,NODE_B0CBD8F33218,wormhole_a,4,B4:BF:E9:34:ED:81,-63,0,127,127,2,2
600337654,NODE_B0CBD8F33218,wormhole_a,4,B4:BF:E9:34:ED:81,-63,0,127,127,2,2
600437656,NODE_B0CBD8F33218,wormhole_a,4,B4:BF:E9:34:ED:81,-63,0,127,127,2,2
600537674,NODE_B0CBD8F33218,wormhole_a,4,B4:BF:E9:34:ED:81,-63,0,128,128,2,2
600647658,NODE_B0CBD8F33218,wormhole_a,4,B4:BF:E9:34:ED:81,-64,0,128,128,2,2
600747654,NODE_B0CBD8F33218,wormhole_a,4,B4:BF:E9:34:ED:81,-64,0,128,128,2,2
600847924,NODE_B0CBD8F33218,wormhole_a,4,B4:BF:E9:34:ED:81,-64,0,128,128,2,2
600947654,NODE_B0CBD8F33218,wormhole_a,4,B4:BF:E9:34:ED:81,-64,0,128,128,2,2
601048049,NODE_B0CBD8F33218,wormhole_a,4,B4:BF:E9:34:ED:81,-64,0,128,128,2,2
601157659,NODE_B0CBD8F33218,wormhole_a,4,B4:BF:E9:34:ED:81,-64,0,128,128,2,2
601257658,NODE_B0CBD8F33218,wormhole_a,4,B4:BF:E9:34:ED:81,-64,0,128,128,2,2
601357654,NODE_B0CBD8F33218,wormhole_a,4,B4:BF:E9:34:ED:81,-64,0,128,128,2,2
601457656,NODE_B0CBD8F33218,wormhole_a,4,B4:BF:E9:34:ED:81,-64,0,128,128,2,2
601567676,NODE_B0CBD8F33218,wormhole_a,4,B4:BF:E9:34:ED:81,-63,0,129,129,2,2
601667662,NODE_B0CBD8F33218,wormhole_a,4,B4:BF:E9:34:ED:81,-63,0,129,129,2,2
601767654,NODE_B0CBD8F33218,wormhole_a,4,B4:BF:E9:34:ED:81,-63,0,129,129,2,2
601867656,NODE_B0CBD8F33218,wormhole_a,4,B4:BF:E9:34:ED:81,-63,0,129,129,2,2
601967666,NODE_B0CBD8F33218,wormhole_a,4,B4:BF:E9:34:ED:81,-63,0,129,129,2,2
602067654,NODE_B0CBD8F33218,wormhole_a,4,B4:BF:E9:34:ED:81,-63,0,129,129,2,2
602177656,NODE_B0CBD8F33218,wormhole_a,4,B4:BF:E9:34:ED:81,-63,0,129,129,2,2
602277658,NODE_B0CBD8F33218,wormhole_a,4,B4:BF:E9:34:ED:81,-63,0,129,129,2,2
602377654,NODE_B0CBD8F33218,wormhole_a,4,B4:BF:E9:34:ED:81,-63,0,129,129,2,2
602477656,NODE_B0CBD8F33218,wormhole_a,4,B4:BF:E9:34:ED:81,-63,0,129,129,2,2
602588461,NODE_B0CBD8F33218,wormhole_a,4,B4:BF:E9:34:ED:81,-64,0,130,130,2,2
602687674,NODE_B0CBD8F33218,wormhole_a,4,B4:BF:E9:34:ED:81,-64,0,130,130,2,2
602787654,NODE_B0CBD8F33218,wormhole_a,4,B4:BF:E9:34:ED:81,-64,0,130,130,2,2
602887660,NODE_B0CBD8F33218,wormhole_a,4,B4:BF:E9:34:ED:81,-64,0,130,130,2,2
602987662,NODE_B0CBD8F33218,wormhole_a,4,B4:BF:E9:34:ED:81,-64,0,130,130,2,2
603087666,NODE_B0CBD8F33218,wormhole_a,4,B4:BF:E9:34:ED:81,-64,0,130,130,2,2
603197656,NODE_B0CBD8F33218,wormhole_a,4,B4:BF:E9:34:ED:81,-64,0,130,130,2,2
603297658,NODE_B0CBD8F33218,wormhole_a,4,B4:BF:E9:34:ED:81,-64,0,130,130,2,2
603397654,NODE_B0CBD8F33218,wormhole_a,4,B4:BF:E9:34:ED:81,-64,0,130,130,2,2
603497656,NODE_B0CBD8F33218,wormhole_a,4,B4:BF:E9:34:ED:81,-64,0,130,130,2,2
603607677,NODE_B0CBD8F33218,wormhole_a,4,B4:BF:E9:34:ED:81,-64,0,131,131,2,2
603707668,NODE_B0CBD8F33218,wormhole_a,4,B4:BF:E9:34:ED:81,-64,0,131,131,2,2
603807656,NODE_B0CBD8F33218,wormhole_a,4,B4:BF:E9:34:ED:81,-64,0,131,131,2,2
603907661,NODE_B0CBD8F33218,wormhole_a,4,B4:BF:E9:34:ED:81,-64,0,131,131,2,2
604007664,NODE_B0CBD8F33218,wormhole_a,4,B4:BF:E9:34:ED:81,-64,0,131,131,2,2
604107656,NODE_B0CBD8F33218,wormhole_a,4,B4:BF:E9:34:ED:81,-64,0,131,131,2,2
604217659,NODE_B0CBD8F33218,wormhole_a,4,B4:BF:E9:34:ED:81,-64,0,131,131,2,2
604317654,NODE_B0CBD8F33218,wormhole_a,4,B4:BF:E9:34:ED:81,-64,0,131,131,2,2
604417654,NODE_B0CBD8F33218,wormhole_a,4,B4:BF:E9:34:ED:81,-64,0,131,131,2,2
604517667,NODE_B0CBD8F33218,wormhole_a,4,B4:BF:E9:34:ED:81,-64,0,131,132,2,2
604627660,NODE_B0CBD8F33218,wormhole_a,4,B4:BF:E9:34:ED:81,-64,0,132,132,2,2
604727666,NODE_B0CBD8F33218,wormhole_a,4,B4:BF:E9:34:ED:81,-63,0,132,132,2,2
604827654,NODE_B0CBD8F33218,wormhole_a,4,B4:BF:E9:34:ED:81,-63,0,132,132,2,2
604927660,NODE_B0CBD8F33218,wormhole_a,4,B4:BF:E9:34:ED:81,-63,0,132,132,2,2
605027662,NODE_B0CBD8F33218,wormhole_a,4,B4:BF:E9:34:ED:81,-63,0,132,132,2,2
605127666,NODE_B0CBD8F33218,wormhole_a,4,B4:BF:E9:34:ED:81,-63,0,132,132,2,2
605237659,NODE_B0CBD8F33218,wormhole_a,4,B4:BF:E9:34:ED:81,-63,0,132,132,2,2
605337654,NODE_B0CBD8F33218,wormhole_a,4,B4:BF:E9:34:ED:81,-63,0,132,132,2,2
605437654,NODE_B0CBD8F33218,wormhole_a,4,B4:BF:E9:34:ED:81,-63,0,132,132,2,2
605537667,NODE_B0CBD8F33218,wormhole_a,4,B4:BF:E9:34:ED:81,-63,0,133,133,2,2
605647664,NODE_B0CBD8F33218,wormhole_a,4,B4:BF:E9:34:ED:81,-63,0,133,133,2,2
605747666,NODE_B0CBD8F33218,wormhole_a,4,B4:BF:E9:34:ED:81,-63,0,133,133,2,2
605847658,NODE_B0CBD8F33218,wormhole_a,4,B4:BF:E9:34:ED:81,-63,0,133,133,2,2
605947656,NODE_B0CBD8F33218,wormhole_a,4,B4:BF:E9:34:ED:81,-63,0,133,133,2,2
606048052,NODE_B0CBD8F33218,wormhole_a,4,B4:BF:E9:34:ED:81,-63,0,133,133,2,2
606147654,NODE_B0CBD8F33218,wormhole_a,4,B4:BF:E9:34:ED:81,-63,0,133,133,2,2
606257659,NODE_B0CBD8F33218,wormhole_a,4,B4:BF:E9:34:ED:81,-63,0,133,133,2,2
606357654,NODE_B0CBD8F33218,wormhole_a,4,B4:BF:E9:34:ED:81,-63,0,133,133,2,2
606457654,NODE_B0CBD8F33218,wormhole_a,4,B4:BF:E9:34:ED:81,-63,0,133,133,2,2
606557667,NODE_B0CBD8F33218,wormhole_a,4,B4:BF:E9:34:ED:81,-63,0,134,134,2,2
606667664,NODE_B0CBD8F33218,wormhole_a,4,B4:BF:E9:34:ED:81,-63,0,134,134,2,2
606767666,NODE_B0CBD8F33218,wormhole_a,4,B4:BF:E9:34:ED:81,-64,0,134,134,2,2
606867654,NODE_B0CBD8F33218,wormhole_a,4,B4:BF:E9:34:ED:81,-64,0,134,134,2,2
606967656,NODE_B0CBD8F33218,wormhole_a,4,B4:BF:E9:34:ED:81,-64,0,134,134,2,2
607067674,NODE_B0CBD8F33218,wormhole_a,4,B4:BF:E9:34:ED:81,-64,0,134,134,2,2
607167654,NODE_B0CBD8F33218,wormhole_a,4,B4:BF:E9:34:ED:81,-64,0,134,134,2,2
607277659,NODE_B0CBD8F33218,wormhole_a,4,B4:BF:E9:34:ED:81,-64,0,134,134,2,2
607377654,NODE_B0CBD8F33218,wormhole_a,4,B4:BF:E9:34:ED:81,-64,0,134,134,2,2
607477654,NODE_B0CBD8F33218,wormhole_a,4,B4:BF:E9:34:ED:81,-64,0,134,134,2,2
607577667,NODE_B0CBD8F33218,wormhole_a,4,B4:BF:E9:34:ED:81,-64,0,135,135,2,2
607687656,NODE_B0CBD8F33218,wormhole_a,4,B4:BF:E9:34:ED:81,-64,0,135,135,2,2
607787666,NODE_B0CBD8F33218,wormhole_a,4,B4:BF:E9:34:ED:81,-64,0,135,135,2,2
607887654,NODE_B0CBD8F33218,wormhole_a,4,B4:BF:E9:34:ED:81,-64,0,135,135,2,2
607987660,NODE_B0CBD8F33218,wormhole_a,4,B4:BF:E9:34:ED:81,-64,0,135,135,2,2
608087662,NODE_B0CBD8F33218,wormhole_a,4,B4:BF:E9:34:ED:81,-64,0,135,135,2,2
608197654,NODE_B0CBD8F33218,wormhole_a,4,B4:BF:E9:34:ED:81,-64,0,135,135,2,2
608297659,NODE_B0CBD8F33218,wormhole_a,4,B4:BF:E9:34:ED:81,-64,0,135,135,2,2
608397654,NODE_B0CBD8F33218,wormhole_a,4,B4:BF:E9:34:ED:81,-64,0,135,135,2,2
608507656,NODE_B0CBD8F33218,wormhole_a,4,B4:BF:E9:34:ED:81,-64,0,135,135,2,2
608607666,NODE_B0CBD8F33218,wormhole_a,4,B4:BF:E9:34:ED:81,-64,0,136,136,2,2
608707656,NODE_B0CBD8F33218,wormhole_a,4,B4:BF:E9:34:ED:81,-64,0,136,136,2,2
608817668,NODE_B0CBD8F33218,wormhole_a,4,B4:BF:E9:34:ED:81,-63,0,136,136,2,2
608917660,NODE_B0CBD8F33218,wormhole_a,4,B4:BF:E9:34:ED:81,-63,0,136,136,2,2
609027654,NODE_B0CBD8F33218,wormhole_a,4,B4:BF:E9:34:ED:81,-63,0,136,136,2,2
609127676,NODE_B0CBD8F33218,wormhole_a,4,B4:BF:E9:34:ED:81,-63,0,136,136,2,2
609227654,NODE_B0CBD8F33218,wormhole_a,4,B4:BF:E9:34:ED:81,-63,0,136,136,2,2
609327658,NODE_B0CBD8F33218,wormhole_a,4,B4:BF:E9:34:ED:81,-63,0,136,136,2,2
609427656,NODE_B0CBD8F33218,wormhole_a,4,B4:BF:E9:34:ED:81,-63,0,136,136,2,2
609537666,NODE_B0CBD8F33218,wormhole_a,4,B4:BF:E9:34:ED:81,-63,0,137,137,2,2
609637654,NODE_B0CBD8F33218,wormhole_a,4,B4:BF:E9:34:ED:81,-63,0,137,137,2,2
609737656,NODE_B0CBD8F33218,wormhole_a,4,B4:BF:E9:34:ED:81,-63,0,137,137,2,2
609847668,NODE_B0CBD8F33218,wormhole_a,4,B4:BF:E9:34:ED:81,-64,0,137,137,2,2
609947654,NODE_B0CBD8F33218,wormhole_a,4,B4:BF:E9:34:ED:81,-64,0,137,137,2,2
610057654,NODE_B0CBD8F33218,wormhole_a,4,B4:BF:E9:34:ED:81,-64,0,137,137,2,2
610157663,NODE_B0CBD8F33218,wormhole_a,4,B4:BF:E9:34:ED:81,-64,0,137,137,2,2
610257658,NODE_B0CBD8F33218,wormhole_a,4,B4:BF:E9:34:ED:81,-64,0,137,137,2,2
610357654,NODE_B0CBD8F33218,wormhole_a,4,B4:BF:E9:34:ED:81,-64,0,137,137,2,2
610457656,NODE_B0CBD8F33218,wormhole_a,4,B4:BF:E9:34:ED:81,-64,0,137,137,2,2
610567668,NODE_B0CBD8F33218,wormhole_a,4,B4:BF:E9:34:ED:81,-64,0,138,138,2,2
610667654,NODE_B0CBD8F33218,wormhole_a,4,B4:BF:E9:34:ED:81,-64,0,138,138,2,2
610767662,NODE_B0CBD8F33218,wormhole_a,4,B4:BF:E9:34:ED:81,-64,0,138,138,2,2
610877667,NODE_B0CBD8F33218,wormhole_a,4,B4:BF:E9:34:ED:81,-64,0,138,138,2,2
610977658,NODE_B0CBD8F33218,wormhole_a,4,B4:BF:E9:34:ED:81,-64,0,138,138,2,2
611087892,NODE_B0CBD8F33218,wormhole_a,4,B4:BF:E9:34:ED:81,-64,0,138,138,2,2
611187654,NODE_B0CBD8F33218,wormhole_a,4,B4:BF:E9:34:ED:81,-64,0,138,138,2,2
611287660,NODE_B0CBD8F33218,wormhole_a,4,B4:BF:E9:34:ED:81,-64,0,138,138,2,2
611387654,NODE_B0CBD8F33218,wormhole_a,4,B4:BF:E9:34:ED:81,-64,0,138,138,2,2
611487654,NODE_B0CBD8F33218,wormhole_a,4,B4:BF:E9:34:ED:81,-64,0,138,138,2,2
611597667,NODE_B0CBD8F33218,wormhole_a,4,B4:BF:E9:34:ED:81,-64,0,139,139,2,2
611697654,NODE_B0CBD8F33218,wormhole_a,4,B4:BF:E9:34:ED:81,-64,0,139,139,2,2
611797662,NODE_B0CBD8F33218,wormhole_a,4,B4:BF:E9:34:ED:81,-64,0,139,139,2,2
611907668,NODE_B0CBD8F33218,wormhole_a,4,B4:BF:E9:34:ED:81,-63,0,139,139,2,2
612007657,NODE_B0CBD8F33218,wormhole_a,4,B4:BF:E9:34:ED:81,-63,0,139,139,2,2
612117662,NODE_B0CBD8F33218,wormhole_a,4,B4:BF:E9:34:ED:81,-63,0,139,139,2,2
612217654,NODE_B0CBD8F33218,wormhole_a,4,B4:BF:E9:34:ED:81,-63,0,139,139,2,2
612317659,NODE_B0CBD8F33218,wormhole_a,4,B4:BF:E9:34:ED:81,-63,0,139,139,2,2
612417654,NODE_B0CBD8F33218,wormhole_a,4,B4:BF:E9:34:ED:81,-63,0,139,139,2,2
612517820,NODE_B0CBD8F33218,wormhole_a,4,B4:BF:E9:34:ED:81,-63,0,139,140,2,2
612627658,NODE_B0CBD8F33218,wormhole_a,4,B4:BF:E9:34:ED:81,-63,0,140,140,2,2
612727656,NODE_B0CBD8F33218,wormhole_a,4,B4:BF:E9:34:ED:81,-63,0,140,140,2,2
612827720,NODE_B0CBD8F33218,wormhole_a,4,B4:BF:E9:34:ED:81,-63,0,140,140,2,2
612937666,NODE_B0CBD8F33218,wormhole_a,4,B4:BF:E9:34:ED:81,-63,0,140,140,2,2
613037656,NODE_B0CBD8F33218,wormhole_a,4,B4:BF:E9:34:ED:81,-63,0,140,140,2,2
613147676,NODE_B0CBD8F33218,wormhole_a,4,B4:BF:E9:34:ED:81,-63,0,140,140,2,2
613247654,NODE_B0CBD8F33218,wormhole_a,4,B4:BF:E9:34:ED:81,-63,0,140,140,2,2
613347658,NODE_B0CBD8F33218,wormhole_a,4,B4:BF:E9:34:ED:81,-63,0,140,140,2,2
613447656,NODE_B0CBD8F33218,wormhole_a,4,B4:BF:E9:34:ED:81,-63,0,140,140,2,2
613547666,NODE_B0CBD8F33218,wormhole_a,4,B4:BF:E9:34:ED:81,-63,0,141,141,2,2
613657654,NODE_B0CBD8F33218,wormhole_a,4,B4:BF:E9:34:ED:81,-63,0,141,141,2,2
613757656,NODE_B0CBD8F33218,wormhole_a,4,B4:BF:E9:34:ED:81,-63,0,141,141,2,2
613857666,NODE_B0CBD8F33218,wormhole_a,4,B4:BF:E9:34:ED:81,-64,0,141,141,2,2
613967666,NODE_B0CBD8F33218,wormhole_a,4,B4:BF:E9:34:ED:81,-64,0,141,141,2,2
614067654,NODE_B0CBD8F33218,wormhole_a,4,B4:BF:E9:34:ED:81,-64,0,141,141,2,2
614177663,NODE_B0CBD8F33218,wormhole_a,4,B4:BF:E9:34:ED:81,-64,0,141,141,2,2
614277658,NODE_B0CBD8F33218,wormhole_a,4,B4:BF:E9:34:ED:81,-64,0,141,141,2,2
614377654,NODE_B0CBD8F33218,wormhole_a,4,B4:BF:E9:34:ED:81,-64,0,141,141,2,2
614477656,NODE_B0CBD8F33218,wormhole_a,4,B4:BF:E9:34:ED:81,-64,0,141,141,2,2
614577666,NODE_B0CBD8F33218,wormhole_a,4,B4:BF:E9:34:ED:81,-64,0,142,142,2,2
614687654,NODE_B0CBD8F33218,wormhole_a,4,B4:BF:E9:34:ED:81,-64,0,142,142,2,2
614787654,NODE_B0CBD8F33218,wormhole_a,4,B4:BF:E9:34:ED:81,-64,0,142,142,2,2
614887726,NODE_B0CBD8F33218,wormhole_a,4,B4:BF:E9:34:ED:81,-63,0,142,142,2,2
614997654,NODE_B0CBD8F33218,wormhole_a,4,B4:BF:E9:34:ED:81,-63,0,142,142,2,2
615097666,NODE_B0CBD8F33218,wormhole_a,4,B4:BF:E9:34:ED:81,-63,0,142,142,2,2
615207664,NODE_B0CBD8F33218,wormhole_a,4,B4:BF:E9:34:ED:81,-63,0,142,142,2,2
615307661,NODE_B0CBD8F33218,wormhole_a,4,B4:BF:E9:34:ED:81,-63,0,142,142,2,2
615407656,NODE_B0CBD8F33218,wormhole_a,4,B4:BF:E9:34:ED:81,-63,0,142,142,2,2
615507656,NODE_B0CBD8F33218,wormhole_a,4,B4:BF:E9:34:ED:81,-63,0,142,142,2,2
615607669,NODE_B0CBD8F33218,wormhole_a,4,B4:BF:E9:34:ED:81,-63,0,143,143,2,2
615717654,NODE_B0CBD8F33218,wormhole_a,4,B4:BF:E9:34:ED:81,-63,0,143,143,2,2
615817654,NODE_B0CBD8F33218,wormhole_a,4,B4:BF:E9:34:ED:81,-63,0,143,143,2,2
615927666,NODE_B0CBD8F33218,wormhole_a,4,B4:BF:E9:34:ED:81,-62,0,143,143,2,2
616027656,NODE_B0CBD8F33218,wormhole_a,4,B4:BF:E9:34:ED:81,-62,0,143,143,2,2
616127654,NODE_B0CBD8F33218,wormhole_a,4,B4:BF:E9:34:ED:81,-62,0,143,143,2,2
616227662,NODE_B0CBD8F33218,wormhole_a,4,B4:BF:E9:34:ED:81,-62,0,143,143,2,2
616327660,NODE_B0CBD8F33218,wormhole_a,4,B4:BF:E9:34:ED:81,-62,0,143,143,2,2
616427654,NODE_B0CBD8F33218,wormhole_a,4,B4:BF:E9:34:ED:81,-62,0,143,143,2,2
616537666,NODE_B0CBD8F33218,wormhole_a,4,B4:BF:E9:34:ED:81,-62,0,144,144,2,2
616637656,NODE_B0CBD8F33218,wormhole_a,4,B4:BF:E9:34:ED:81,-62,0,144,144,2,2
616737654,NODE_B0CBD8F33218,wormhole_a,4,B4:BF:E9:34:ED:81,-62,0,144,144,2,2
616837654,NODE_B0CBD8F33218,wormhole_a,4,B4:BF:E9:34:ED:81,-62,0,144,144,2,2
616947666,NODE_B0CBD8F33218,wormhole_a,4,B4:BF:E9:34:ED:81,-63,0,144,144,2,2
617048054,NODE_B0CBD8F33218,wormhole_a,4,B4:BF:E9:34:ED:81,-63,0,144,144,2,2
617147666,NODE_B0CBD8F33218,wormhole_a,4,B4:BF:E9:34:ED:81,-63,0,144,144,2,2
617247802,NODE_B0CBD8F33218,wormhole_a,4,B4:BF:E9:34:ED:81,-63,0,144,144,2,2
617347656,NODE_B0CBD8F33218,wormhole_a,4,B4:BF:E9:34:ED:81,-63,0,144,144,2,2
617447658,NODE_B0CBD8F33218,wormhole_a,4,B4:BF:E9:34:ED:81,-63,0,144,144,2,2
617557666,NODE_B0CBD8F33218,wormhole_a,4,B4:BF:E9:34:ED:81,-63,0,145,145,2,2
617657656,NODE_B0CBD8F33218,wormhole_a,4,B4:BF:E9:34:ED:81,-63,0,145,145,2,2
617757654,NODE_B0CBD8F33218,wormhole_a,4,B4:BF:E9:34:ED:81,-63,0,145,145,2,2
617857658,NODE_B0CBD8F33218,wormhole_a,4,B4:BF:E9:34:ED:81,-63,0,145,145,2,2
617967666,NODE_B0CBD8F33218,wormhole_a,4,B4:BF:E9:34:ED:81,-63,0,145,145,2,2
618067656,NODE_B0CBD8F33218,wormhole_a,4,B4:BF:E9:34:ED:81,-63,0,145,145,2,2
618167654,NODE_B0CBD8F33218,wormhole_a,4,B4:BF:E9:34:ED:81,-63,0,145,145,2,2
618267666,NODE_B0CBD8F33218,wormhole_a,4,B4:BF:E9:34:ED:81,-63,0,145,145,2,2
618367656,NODE_B0CBD8F33218,wormhole_a,4,B4:BF:E9:34:ED:81,-63,0,145,145,2,2
618467654,NODE_B0CBD8F33218,wormhole_a,4,B4:BF:E9:34:ED:81,-63,0,145,145,2,2
618577666,NODE_B0CBD8F33218,wormhole_a,4,B4:BF:E9:34:ED:81,-63,0,146,146,2,2
618677656,NODE_B0CBD8F33218,wormhole_a,4,B4:BF:E9:34:ED:81,-63,0,146,146,2,2
618777654,NODE_B0CBD8F33218,wormhole_a,4,B4:BF:E9:34:ED:81,-63,0,146,146,2,2
618877658,NODE_B0CBD8F33218,wormhole_a,4,B4:BF:E9:34:ED:81,-63,0,146,146,2,2
618987666,NODE_B0CBD8F33218,wormhole_a,4,B4:BF:E9:34:ED:81,-64,0,146,146,2,2
619087668,NODE_B0CBD8F33218,wormhole_a,4,B4:BF:E9:34:ED:81,-64,0,146,146,2,2
619187654,NODE_B0CBD8F33218,wormhole_a,4,B4:BF:E9:34:ED:81,-64,0,146,146,2,2
619287666,NODE_B0CBD8F33218,wormhole_a,4,B4:BF:E9:34:ED:81,-64,0,146,146,2,2
619387656,NODE_B0CBD8F33218,wormhole_a,4,B4:BF:E9:34:ED:81,-64,0,146,146,2,2
619487654,NODE_B0CBD8F33218,wormhole_a,4,B4:BF:E9:34:ED:81,-64,0,146,146,2,2
619597666,NODE_B0CBD8F33218,wormhole_a,4,B4:BF:E9:34:ED:81,-64,0,147,147,2,2
619697656,NODE_B0CBD8F33218,wormhole_a,4,B4:BF:E9:34:ED:81,-64,0,147,147,2,2
619797654,NODE_B0CBD8F33218,wormhole_a,4,B4:BF:E9:34:ED:81,-64,0,147,147,2,2
619897654,NODE_B0CBD8F33218,wormhole_a,4,B4:BF:E9:34:ED:81,-64,0,147,147,2,2
620007755,NODE_B0CBD8F33218,wormhole_a,4,B4:BF:E9:34:ED:81,-63,0,147,147,2,2
620107657,NODE_B0CBD8F33218,wormhole_a,4,B4:BF:E9:34:ED:81,-63,0,147,147,2,2
620207656,NODE_B0CBD8F33218,wormhole_a,4,B4:BF:E9:34:ED:81,-63,0,147,147,2,2
620307668,NODE_B0CBD8F33218,wormhole_a,4,B4:BF:E9:34:ED:81,-63,0,147,147,2,2
620407657,NODE_B0CBD8F33218,wormhole_a,4,B4:BF:E9:34:ED:81,-63,0,147,147,2,2
620507656,NODE_B0CBD8F33218,wormhole_a,4,B4:BF:E9:34:ED:81,-63,0,147,147,2,2
620617666,NODE_B0CBD8F33218,wormhole_a,4,B4:BF:E9:34:ED:81,-63,0,148,148,2,2
620717656,NODE_B0CBD8F33218,wormhole_a,4,B4:BF:E9:34:ED:81,-63,0,148,148,2,2
620817654,NODE_B0CBD8F33218,wormhole_a,4,B4:BF:E9:34:ED:81,-63,0,148,148,2,2
620917658,NODE_B0CBD8F33218,wormhole_a,4,B4:BF:E9:34:ED:81,-63,0,148,148,2,2
621027666,NODE_B0CBD8F33218,wormhole_a,4,B4:BF:E9:34:ED:81,-63,0,148,148,2,2
621127667,NODE_B0CBD8F33218,wormhole_a,4,B4:BF:E9:34:ED:81,-63,0,148,148,2,2
621227654,NODE_B0CBD8F33218,wormhole_a,4,B4:BF:E9:34:ED:81,-63,0,148,148,2,2
621327666,NODE_B0CBD8F33218,wormhole_a,4,B4:BF:E9:34:ED:81,-63,0,148,148,2,2
621427656,NODE_B0CBD8F33218,wormhole_a,4,B4:BF:E9:34:ED:81,-63,0,148,148,2,2
621527666,NODE_B0CBD8F33218,wormhole_a,4,B4:BF:E9:34:ED:81,-63,0,149,149,2,2
621637654,NODE_B0CBD8F33218,wormhole_a,4,B4:BF:E9:34:ED:81,-63,0,149,149,2,2
621737656,NODE_B0CBD8F33218,wormhole_a,4,B4:BF:E9:34:ED:81,-63,0,149,149,2,2
621837654,NODE_B0CBD8F33218,wormhole_a,4,B4:BF:E9:34:ED:81,-63,0,149,149,2,2
621937658,NODE_B0CBD8F33218,wormhole_a,4,B4:BF:E9:34:ED:81,-63,0,149,149,2,2
622048053,NODE_B0CBD8F33218,wormhole_a,4,B4:BF:E9:34:ED:81,-63,0,149,149,2,2
622147656,NODE_B0CBD8F33218,wormhole_a,4,B4:BF:E9:34:ED:81,-63,0,149,149,2,2
622247654,NODE_B0CBD8F33218,wormhole_a,4,B4:BF:E9:34:ED:81,-63,0,149,149,2,2
622347658,NODE_B0CBD8F33218,wormhole_a,4,B4:BF:E9:34:ED:81,-63,0,149,149,2,2
622447664,NODE_B0CBD8F33218,wormhole_a,4,B4:BF:E9:34:ED:81,-63,0,149,149,2,2
622547666,NODE_B0CBD8F33218,wormhole_a,4,B4:BF:E9:34:ED:81,-63,0,149,150,2,2
622657654,NODE_B0CBD8F33218,wormhole_a,4,B4:BF:E9:34:ED:81,-63,0,149,150,2,2
622757656,NODE_B0CBD8F33218,wormhole_a,4,B4:BF:E9:34:ED:81,-63,0,149,150,2,2
622857654,NODE_B0CBD8F33218,wormhole_a,4,B4:BF:E9:34:ED:81,-63,0,149,150,2,2
622957658,NODE_B0CBD8F33218,wormhole_a,4,B4:BF:E9:34:ED:81,-63,0,149,150,2,2
623067821,NODE_B0CBD8F33218,wormhole_a,4,B4:BF:E9:34:ED:81,-63,0,149,150,2,2
623167656,NODE_B0CBD8F33218,wormhole_a,4,B4:BF:E9:34:ED:81,-62,0,149,150,2,2
623267663,NODE_B0CBD8F33218,wormhole_a,4,B4:BF:E9:34:ED:81,-62,0,149,150,2,2
623377662,NODE_B0CBD8F33218,wormhole_a,4,B4:BF:E9:34:ED:81,-62,0,149,150,2,2
623477656,NODE_B0CBD8F33218,wormhole_a,4,B4:BF:E9:34:ED:81,-62,0,149,150,2,2
623577666,NODE_B0CBD8F33218,wormhole_a,4,B4:BF:E9:34:ED:81,-62,0,149,151,2,2
623677654,NODE_B0CBD8F33218,wormhole_a,4,B4:BF:E9:34:ED:81,-62,0,149,151,2,2
623777663,NODE_B0CBD8F33218,wormhole_a,4,B4:BF:E9:34:ED:81,-62,0,151,151,2,2
623887660,NODE_B0CBD8F33218,wormhole_a,4,B4:BF:E9:34:ED:81,-62,0,151,151,2,2
623987654,NODE_B0CBD8F33218,wormhole_a,4,B4:BF:E9:34:ED:81,-62,0,151,151,2,2
624087654,NODE_B0CBD8F33218,wormhole_a,4,B4:BF:E9:34:ED:81,-62,0,151,151,2,2
624197659,NODE_B0CBD8F33218,wormhole_a,4,B4:BF:E9:34:ED:81,-62,0,151,151,2,2
624297874,NODE_B0CBD8F33218,wormhole_a,4,B4:BF:E9:34:ED:81,-62,0,151,151,2,2
624407664,NODE_B0CBD8F33218,wormhole_a,4,B4:BF:E9:34:ED:81,-62,0,151,151,2,2
624507656,NODE_B0CBD8F33218,wormhole_a,4,B4:BF:E9:34:ED:81,-62,0,151,151,2,2
624607669,NODE_B0CBD8F33218,wormhole_a,4,B4:BF:E9:34:ED:81,-62,0,152,152,2,2
624707656,NODE_B0CBD8F33218,wormhole_a,4,B4:BF:E9:34:ED:81,-62,0,152,152,2,2
624807656,NODE_B0CBD8F33218,wormhole_a,4,B4:BF:E9:34:ED:81,-62,0,152,152,2,2
624917659,NODE_B0CBD8F33218,wormhole_a,4,B4:BF:E9:34:ED:81,-62,0,152,152,2,2
625017654,NODE_B0CBD8F33218,wormhole_a,4,B4:BF:E9:34:ED:81,-62,0,152,152,2,2
625117670,NODE_B0CBD8F33218,wormhole_a,4,B4:BF:E9:34:ED:81,-61,0,152,152,2,2
625227658,NODE_B0CBD8F33218,wormhole_a,4,B4:BF:E9:34:ED:81,-61,0,152,152,2,2
625327660,NODE_B0CBD8F33218,wormhole_a,4,B4:BF:E9:34:ED:81,-61,0,152,152,2,2
625437662,NODE_B0CBD8F33218,wormhole_a,4,B4:BF:E9:34:ED:81,-61,0,152,152,2,2
625537658,NODE_B0CBD8F33218,wormhole_a,4,B4:BF:E9:34:ED:81,-61,0,153,153,2,2
625637663,NODE_B0CBD8F33218,wormhole_a,4,B4:BF:E9:34:ED:81,-61,0,153,153,2,2
625737654,NODE_B0CBD8F33218,wormhole_a,4,B4:BF:E9:34:ED:81,-61,0,153,153,2,2
625837654,NODE_B0CBD8F33218,wormhole_a,4,B4:BF:E9:34:ED:81,-61,0,153,153,2,2
625947658,NODE_B0CBD8F33218,wormhole_a,4,B4:BF:E9:34:ED:81,-61,0,153,153,2,2
626048046,NODE_B0CBD8F33218,wormhole_a,4,B4:BF:E9:34:ED:81,-61,0,153,153,2,2
626147666,NODE_B0CBD8F33218,wormhole_a,4,B4:BF:E9:34:ED:81,-64,0,153,153,2,2
626257654,NODE_B0CBD8F33218,wormhole_a,4,B4:BF:E9:34:ED:81,-64,0,153,153,2,2
626357659,NODE_B0CBD8F33218,wormhole_a,4,B4:BF:E9:34:ED:81,-64,0,153,153,2,2
626467656,NODE_B0CBD8F33218,wormhole_a,4,B4:BF:E9:34:ED:81,-64,0,153,153,2,2
626567666,NODE_B0CBD8F33218,wormhole_a,4,B4:BF:E9:34:ED:81,-64,0,154,154,2,2
626667654,NODE_B0CBD8F33218,wormhole_a,4,B4:BF:E9:34:ED:81,-64,0,154,154,2,2
626767656,NODE_B0CBD8F33218,wormhole_a,4,B4:BF:E9:34:ED:81,-64,0,154,154,2,2
626867658,NODE_B0CBD8F33218,wormhole_a,4,B4:BF:E9:34:ED:81,-64,0,154,154,2,2
626977654,NODE_B0CBD8F33218,wormhole_a,4,B4:BF:E9:34:ED:81,-64,0,154,154,2,2
627077667,NODE_B0CBD8F33218,wormhole_a,4,B4:BF:E9:34:ED:81,-64,0,154,154,2,2
627177666,NODE_B0CBD8F33218,wormhole_a,4,B4:BF:E9:34:ED:81,-64,0,154,154,2,2
627287658,NODE_B0CBD8F33218,wormhole_a,4,B4:BF:E9:34:ED:81,-64,0,154,154,2,2
627387654,NODE_B0CBD8F33218,wormhole_a,4,B4:BF:E9:34:ED:81,-64,0,154,154,2,2
627497663,NODE_B0CBD8F33218,wormhole_a,4,B4:BF:E9:34:ED:81,-64,0,154,154,2,2
627597658,NODE_B0CBD8F33218,wormhole_a,4,B4:BF:E9:34:ED:81,-64,0,155,155,2,2
627697662,NODE_B0CBD8F33218,wormhole_a,4,B4:BF:E9:34:ED:81,-64,0,155,155,2,2
627797656,NODE_B0CBD8F33218,wormhole_a,4,B4:BF:E9:34:ED:81,-64,0,155,155,2,2
627897658,NODE_B0CBD8F33218,wormhole_a,4,B4:BF:E9:34:ED:81,-64,0,155,155,2,2
628007656,NODE_B0CBD8F33218,wormhole_a,4,B4:BF:E9:34:ED:81,-64,0,155,155,2,2
628107656,NODE_B0CBD8F33218,wormhole_a,4,B4:BF:E9:34:ED:81,-64,0,155,155,2,2
628207669,NODE_B0CBD8F33218,wormhole_a,4,B4:BF:E9:34:ED:81,-63,0,155,155,2,2
628317658,NODE_B0CBD8F33218,wormhole_a,4,B4:BF:E9:34:ED:81,-63,0,155,155,2,2
628417654,NODE_B0CBD8F33218,wormhole_a,4,B4:BF:E9:34:ED:81,-63,0,155,155,2,2
628527666,NODE_B0CBD8F33218,wormhole_a,4,B4:BF:E9:34:ED:81,-63,0,156,156,2,2
628627656,NODE_B0CBD8F33218,wormhole_a,4,B4:BF:E9:34:ED:81,-63,0,156,156,2,2
628727654,NODE_B0CBD8F33218,wormhole_a,4,B4:BF:E9:34:ED:81,-63,0,156,156,2,2
628827654,NODE_B0CBD8F33218,wormhole_a,4,B4:BF:E9:34:ED:81,-63,0,156,156,2,2
628927660,NODE_B0CBD8F33218,wormhole_a,4,B4:BF:E9:34:ED:81,-63,0,156,156,2,2
629037654,NODE_B0CBD8F33218,wormhole_a,4,B4:BF:E9:34:ED:81,-63,0,156,156,2,2
629137666,NODE_B0CBD8F33218,wormhole_a,4,B4:BF:E9:34:ED:81,-63,0,156,156,2,2
629237667,NODE_B0CBD8F33218,wormhole_a,4,B4:BF:E9:34:ED:81,-64,0,156,156,2,2
629347660,NODE_B0CBD8F33218,wormhole_a,4,B4:BF:E9:34:ED:81,-64,0,156,156,2,2
629447654,NODE_B0CBD8F33218,wormhole_a,4,B4:BF:E9:34:ED:81,-64,0,156,156,2,2
629557666,NODE_B0CBD8F33218,wormhole_a,4,B4:BF:E9:34:ED:81,-64,0,157,157,2,2
629657656,NODE_B0CBD8F33218,wormhole_a,4,B4:BF:E9:34:ED:81,-64,0,157,157,2,2
629757654,NODE_B0CBD8F33218,wormhole_a,4,B4:BF:E9:34:ED:81,-64,0,157,157,2,2
629857658,NODE_B0CBD8F33218,wormhole_a,4,B4:BF:E9:34:ED:81,-64,0,157,157,2,2
629957656,NODE_B0CBD8F33218,wormhole_a,4,B4:BF:E9:34:ED:81,-64,0,157,157,2,2
630067656,NODE_B0CBD8F33218,wormhole_a,4,B4:BF:E9:34:ED:81,-64,0,157,157,2,2
630167654,NODE_B0CBD8F33218,wormhole_a,4,B4:BF:E9:34:ED:81,-64,0,157,157,2,2
630267666,NODE_B0CBD8F33218,wormhole_a,4,B4:BF:E9:34:ED:81,-64,0,157,157,2,2
630377659,NODE_B0CBD8F33218,wormhole_a,4,B4:BF:E9:34:ED:81,-64,0,157,157,2,2
630477654,NODE_B0CBD8F33218,wormhole_a,4,B4:BF:E9:34:ED:81,-64,0,157,157,2,2
630587666,NODE_B0CBD8F33218,wormhole_a,4,B4:BF:E9:34:ED:81,-64,0,158,158,2,2
630687654,NODE_B0CBD8F33218,wormhole_a,4,B4:BF:E9:34:ED:81,-64,0,158,158,2,2
630787656,NODE_B0CBD8F33218,wormhole_a,4,B4:BF:E9:34:ED:81,-64,0,158,158,2,2
630897658,NODE_B0CBD8F33218,wormhole_a,4,B4:BF:E9:34:ED:81,-64,0,158,158,2,2
630997654,NODE_B0CBD8F33218,wormhole_a,4,B4:BF:E9:34:ED:81,-64,0,158,158,2,2
631097667,NODE_B0CBD8F33218,wormhole_a,4,B4:BF:E9:34:ED:81,-64,0,158,158,2,2
631197654,NODE_B0CBD8F33218,wormhole_a,4,B4:BF:E9:34:ED:81,-64,0,158,158,2,2
631307668,NODE_B0CBD8F33218,wormhole_a,4,B4:BF:E9:34:ED:81,-64,0,158,158,2,2
631407656,NODE_B0CBD8F33218,wormhole_a,4,B4:BF:E9:34:ED:81,-64,0,158,158,2,2
631507657,NODE_B0CBD8F33218,wormhole_a,4,B4:BF:E9:34:ED:81,-64,0,158,158,2,2
631607668,NODE_B0CBD8F33218,wormhole_a,4,B4:BF:E9:34:ED:81,-64,0,159,159,2,2
631707656,NODE_B0CBD8F33218,wormhole_a,4,B4:BF:E9:34:ED:81,-64,0,159,159,2,2
631807657,NODE_B0CBD8F33218,wormhole_a,4,B4:BF:E9:34:ED:81,-64,0,159,159,2,2
631917654,NODE_B0CBD8F33218,wormhole_a,4,B4:BF:E9:34:ED:81,-64,0,159,159,2,2
632017658,NODE_B0CBD8F33218,wormhole_a,4,B4:BF:E9:34:ED:81,-64,0,159,159,2,2
632117656,NODE_B0CBD8F33218,wormhole_a,4,B4:BF:E9:34:ED:81,-64,0,159,159,2,2
632217654,NODE_B0CBD8F33218,wormhole_a,4,B4:BF:E9:34:ED:81,-64,0,159,159,2,2
632327666,NODE_B0CBD8F33218,wormhole_a,4,B4:BF:E9:34:ED:81,-63,0,159,159,2,2
632427654,NODE_B0CBD8F33218,wormhole_a,4,B4:BF:E9:34:ED:81,-63,0,159,159,2,2
632527668,NODE_B0CBD8F33218,wormhole_a,4,B4:BF:E9:34:ED:81,-63,0,160,160,2,2
632627662,NODE_B0CBD8F33218,wormhole_a,4,B4:BF:E9:34:ED:81,-63,0,160,160,2,2
632727654,NODE_B0CBD8F33218,wormhole_a,4,B4:BF:E9:34:ED:81,-63,0,160,160,2,2
632827656,NODE_B0CBD8F33218,wormhole_a,4,B4:BF:E9:34:ED:81,-63,0,160,160,2,2
632937662,NODE_B0CBD8F33218,wormhole_a,4,B4:BF:E9:34:ED:81,-63,0,160,160,2,2
633037654,NODE_B0CBD8F33218,wormhole_a,4,B4:BF:E9:34:ED:81,-63,0,160,160,2,2
633137667,NODE_B0CBD8F33218,wormhole_a,4,B4:BF:E9:34:ED:81,-63,0,160,160,2,2
633237654,NODE_B0CBD8F33218,wormhole_a,4,B4:BF:E9:34:ED:81,-63,0,160,160,2,2
633347666,NODE_B0CBD8F33218,wormhole_a,4,B4:BF:E9:34:ED:81,-63,0,160,160,2,2
633447654,NODE_B0CBD8F33218,wormhole_a,4,B4:BF:E9:34:ED:81,-63,0,160,160,2,2
633547668,NODE_B0CBD8F33218,wormhole_a,4,B4:BF:E9:34:ED:81,-63,0,161,161,2,2
633647662,NODE_B0CBD8F33218,wormhole_a,4,B4:BF:E9:34:ED:81,-63,0,161,161,2,2
633747654,NODE_B0CBD8F33218,wormhole_a,4,B4:BF:E9:34:ED:81,-63,0,161,161,2,2
633847656,NODE_B0CBD8F33218,wormhole_a,4,B4:BF:E9:34:ED:81,-63,0,161,161,2,2
633957658,NODE_B0CBD8F33218,wormhole_a,4,B4:BF:E9:34:ED:81,-63,0,161,161,2,2
634057654,NODE_B0CBD8F33218,wormhole_a,4,B4:BF:E9:34:ED:81,-63,0,161,161,2,2
634157656,NODE_B0CBD8F33218,wormhole_a,4,B4:BF:E9:34:ED:81,-63,0,161,161,2,2
634257654,NODE_B0CBD8F33218,wormhole_a,4,B4:BF:E9:34:ED:81,-63,0,161,161,2,2
634367666,NODE_B0CBD8F33218,wormhole_a,4,B4:BF:E9:34:ED:81,-63,0,161,161,2,2
634477654,NODE_B0CBD8F33218,wormhole_a,4,B4:BF:E9:34:ED:81,-63,0,161,161,2,2
634577667,NODE_B0CBD8F33218,wormhole_a,4,B4:BF:E9:34:ED:81,-63,0,162,162,2,2
634677662,NODE_B0CBD8F33218,wormhole_a,4,B4:BF:E9:34:ED:81,-63,0,162,162,2,2
634777654,NODE_B0CBD8F33218,wormhole_a,4,B4:BF:E9:34:ED:81,-63,0,162,162,2,2
634877656,NODE_B0CBD8F33218,wormhole_a,4,B4:BF:E9:34:ED:81,-63,0,162,162,2,2
634987660,NODE_B0CBD8F33218,wormhole_a,4,B4:BF:E9:34:ED:81,-63,0,162,162,2,2
635087666,NODE_B0CBD8F33218,wormhole_a,4,B4:BF:E9:34:ED:81,-63,0,162,162,2,2
635187654,NODE_B0CBD8F33218,wormhole_a,4,B4:BF:E9:34:ED:81,-63,0,162,162,2,2
635287656,NODE_B0CBD8F33218,wormhole_a,4,B4:BF:E9:34:ED:81,-63,0,162,162,2,2
635397666,NODE_B0CBD8F33218,wormhole_a,4,B4:BF:E9:34:ED:81,-64,0,162,162,2,2
635497654,NODE_B0CBD8F33218,wormhole_a,4,B4:BF:E9:34:ED:81,-64,0,162,162,2,2
635597667,NODE_B0CBD8F33218,wormhole_a,4,B4:BF:E9:34:ED:81,-64,0,163,163,2,2
635697662,NODE_B0CBD8F33218,wormhole_a,4,B4:BF:E9:34:ED:81,-64,0,163,163,2,2
635797654,NODE_B0CBD8F33218,wormhole_a,4,B4:BF:E9:34:ED:81,-64,0,163,163,2,2
635897659,NODE_B0CBD8F33218,wormhole_a,4,B4:BF:E9:34:ED:81,-64,0,163,163,2,2
636007657,NODE_B0CBD8F33218,wormhole_a,4,B4:BF:E9:34:ED:81,-64,0,163,163,2,2
636107656,NODE_B0CBD8F33218,wormhole_a,4,B4:BF:E9:34:ED:81,-64,0,163,163,2,2
636207656,NODE_B0CBD8F33218,wormhole_a,4,B4:BF:E9:34:ED:81,-64,0,163,163,2,2
636307657,NODE_B0CBD8F33218,wormhole_a,4,B4:BF:E9:34:ED:81,-64,0,163,163,2,2
636417666,NODE_B0CBD8F33218,wormhole_a,4,B4:BF:E9:34:ED:81,-63,0,163,163,2,2
636517669,NODE_B0CBD8F33218,wormhole_a,4,B4:BF:E9:34:ED:81,-63,0,163,164,2,2
636617656,NODE_B0CBD8F33218,wormhole_a,4,B4:BF:E9:34:ED:81,-63,0,164,164,2,2
636717662,NODE_B0CBD8F33218,wormhole_a,4,B4:BF:E9:34:ED:81,-63,0,164,164,2,2
636817654,NODE_B0CBD8F33218,wormhole_a,4,B4:BF:E9:34:ED:81,-63,0,164,164,2,2
636917659,NODE_B0CBD8F33218,wormhole_a,4,B4:BF:E9:34:ED:81,-63,0,164,164,2,2
637027656,NODE_B0CBD8F33218,wormhole_a,4,B4:BF:E9:34:ED:81,-63,0,164,164,2,2
637127666,NODE_B0CBD8F33218,wormhole_a,4,B4:BF:E9:34:ED:81,-63,0,164,164,2,2
637227654,NODE_B0CBD8F33218,wormhole_a,4,B4:BF:E9:34:ED:81,-63,0,164,164,2,2
637327656,NODE_B0CBD8F33218,wormhole_a,4,B4:BF:E9:34:ED:81,-63,0,164,164,2,2
637437666,NODE_B0CBD8F33218,wormhole_a,4,B4:BF:E9:34:ED:81,-63,0,164,164,2,2
637537666,NODE_B0CBD8F33218,wormhole_a,4,B4:BF:E9:34:ED:81,-63,0,165,165,2,2
637637656,NODE_B0CBD8F33218,wormhole_a,4,B4:BF:E9:34:ED:81,-63,0,165,165,2,2
637737662,NODE_B0CBD8F33218,wormhole_a,4,B4:BF:E9:34:ED:81,-63,0,165,165,2,2
637837654,NODE_B0CBD8F33218,wormhole_a,4,B4:BF:E9:34:ED:81,-63,0,165,165,2,2
637937659,NODE_B0CBD8F33218,wormhole_a,4,B4:BF:E9:34:ED:81,-63,0,165,165,2,2
638048050,NODE_B0CBD8F33218,wormhole_a,4,B4:BF:E9:34:ED:81,-63,0,165,165,2,2
638147654,NODE_B0CBD8F33218,wormhole_a,4,B4:BF:E9:34:ED:81,-63,0,165,165,2,2
638247654,NODE_B0CBD8F33218,wormhole_a,4,B4:BF:E9:34:ED:81,-63,0,165,165,2,2
638347656,NODE_B0CBD8F33218,wormhole_a,4,B4:BF:E9:34:ED:81,-63,0,165,165,2,2
638457666,NODE_B0CBD8F33218,wormhole_a,4,B4:BF:E9:34:ED:81,-63,0,165,165,2,2
638567666,NODE_B0CBD8F33218,wormhole_a,4,B4:BF:E9:34:ED:81,-63,0,166,166,2,2
638667654,NODE_B0CBD8F33218,wormhole_a,4,B4:BF:E9:34:ED:81,-63,0,166,166,2,2
638777663,NODE_B0CBD8F33218,wormhole_a,4,B4:BF:E9:34:ED:81,-63,0,166,166,2,2
638877658,NODE_B0CBD8F33218,wormhole_a,4,B4:BF:E9:34:ED:81,-63,0,166,166,2,2
638977654,NODE_B0CBD8F33218,wormhole_a,4,B4:BF:E9:34:ED:81,-63,0,166,166,2,2
639077667,NODE_B0CBD8F33218,wormhole_a,4,B4:BF:E9:34:ED:81,-63,0,166,166,2,2
639177654,NODE_B0CBD8F33218,wormhole_a,4,B4:BF:E9:34:ED:81,-63,0,166,166,2,2
639287654,NODE_B0CBD8F33218,wormhole_a,4,B4:BF:E9:34:ED:81,-63,0,166,166,2,2
639387654,NODE_B0CBD8F33218,wormhole_a,4,B4:BF:E9:34:ED:81,-63,0,166,166,2,2
639487668,NODE_B0CBD8F33218,wormhole_a,4,B4:BF:E9:34:ED:81,-63,0,166,166,2,2
639597666,NODE_B0CBD8F33218,wormhole_a,4,B4:BF:E9:34:ED:81,-63,0,166,167,2,2
639697654,NODE_B0CBD8F33218,wormhole_a,4,B4:BF:E9:34:ED:81,-63,0,167,167,2,2
639807662,NODE_B0CBD8F33218,wormhole_a,4,B4:BF:E9:34:ED:81,-63,0,167,167,2,2
639907660,NODE_B0CBD8F33218,wormhole_a,4,B4:BF:E9:34:ED:81,-63,0,167,167,2,2
640007654,NODE_B0CBD8F33218,wormhole_a,4,B4:BF:E9:34:ED:81,-63,0,167,167,2,2
640107654,NODE_B0CBD8F33218,wormhole_a,4,B4:BF:E9:34:ED:81,-63,0,167,167,2,2
640207656,NODE_B0CBD8F33218,wormhole_a,4,B4:BF:E9:34:ED:81,-63,0,167,167,2,2
640317656,NODE_B0CBD8F33218,wormhole_a,4,B4:BF:E9:34:ED:81,-63,0,167,167,2,2
640417656,NODE_B0CBD8F33218,wormhole_a,4,B4:BF:E9:34:ED:81,-63,0,167,167,2,2
640517675,NODE_B0CBD8F33218,wormhole_a,4,B4:BF:E9:34:ED:81,-63,0,167,168,2,2
640627656,NODE_B0CBD8F33218,wormhole_a,4,B4:BF:E9:34:ED:81,-63,0,168,168,2,2
640727654,NODE_B0CBD8F33218,wormhole_a,4,B4:BF:E9:34:ED:81,-63,0,168,168,2,2
640837662,NODE_B0CBD8F33218,wormhole_a,4,B4:BF:E9:34:ED:81,-63,0,168,168,2,2
640937663,NODE_B0CBD8F33218,wormhole_a,4,B4:BF:E9:34:ED:81,-63,0,168,168,2,2
641037658,NODE_B0CBD8F33218,wormhole_a,4,B4:BF:E9:34:ED:81,-63,0,168,168,2,2
641137666,NODE_B0CBD8F33218,wormhole_a,4,B4:BF:E9:34:ED:81,-63,0,168,168,2,2
641237656,NODE_B0CBD8F33218,wormhole_a,4,B4:BF:E9:34:ED:81,-63,0,168,168,2,2
641347700,NODE_B0CBD8F33218,wormhole_a,4,B4:BF:E9:34:ED:81,-63,0,168,168,2,2
641447658,NODE_B0CBD8F33218,wormhole_a,4,B4:BF:E9:34:ED:81,-63,0,168,168,2,2
641547670,NODE_B0CBD8F33218,wormhole_a,4,B4:BF:E9:34:ED:81,-63,0,169,169,2,2
641657659,NODE_B0CBD8F33218,wormhole_a,4,B4:BF:E9:34:ED:81,-63,0,169,169,2,2
641757654,NODE_B0CBD8F33218,wormhole_a,4,B4:BF:E9:34:ED:81,-63,0,169,169,2,2
641867662,NODE_B0CBD8F33218,wormhole_a,4,B4:BF:E9:34:ED:81,-63,0,169,169,2,2
641967654,NODE_B0CBD8F33218,wormhole_a,4,B4:BF:E9:34:ED:81,-63,0,169,169,2,2
642067660,NODE_B0CBD8F33218,wormhole_a,4,B4:BF:E9:34:ED:81,-63,0,169,169,2,2
642167654,NODE_B0CBD8F33218,wormhole_a,4,B4:BF:E9:34:ED:81,-63,0,169,169,2,2
642267654,NODE_B0CBD8F33218,wormhole_a,4,B4:BF:E9:34:ED:81,-63,0,169,169,2,2
642377656,NODE_B0CBD8F33218,wormhole_a,4,B4:BF:E9:34:ED:81,-63,0,169,169,2,2
642477658,NODE_B0CBD8F33218,wormhole_a,4,B4:BF:E9:34:ED:81,-63,0,169,169,2,2
642577670,NODE_B0CBD8F33218,wormhole_a,4,B4:BF:E9:34:ED:81,-63,0,170,170,2,2
642687658,NODE_B0CBD8F33218,wormhole_a,4,B4:BF:E9:34:ED:81,-63,0,170,170,2,2
642787656,NODE_B0CBD8F33218,wormhole_a,4,B4:BF:E9:34:ED:81,-63,0,170,170,2,2
642897662,NODE_B0CBD8F33218,wormhole_a,4,B4:BF:E9:34:ED:81,-63,0,170,170,2,2
642997654,NODE_B0CBD8F33218,wormhole_a,4,B4:BF:E9:34:ED:81,-63,0,170,170,2,2
643097671,NODE_B0CBD8F33218,wormhole_a,4,B4:BF:E9:34:ED:81,-63,0,170,170,2,2
643197654,NODE_B0CBD8F33218,wormhole_a,4,B4:BF:E9:34:ED:81,-63,0,170,170,2,2
643297654,NODE_B0CBD8F33218,wormhole_a,4,B4:BF:E9:34:ED:81,-63,0,170,170,2,2
643407654,NODE_B0CBD8F33218,wormhole_a,4,B4:BF:E9:34:ED:81,-63,0,170,170,2,2
643507660,NODE_B0CBD8F33218,wormhole_a,4,B4:BF:E9:34:ED:81,-63,0,170,170,2,2
643607672,NODE_B0CBD8F33218,wormhole_a,4,B4:BF:E9:34:ED:81,-64,0,171,171,2,2
643717658,NODE_B0CBD8F33218,wormhole_a,4,B4:BF:E9:34:ED:81,-64,0,171,171,2,2
643817656,NODE_B0CBD8F33218,wormhole_a,4,B4:BF:E9:34:ED:81,-64,0,171,171,2,2
643927664,NODE_B0CBD8F33218,wormhole_a,4,B4:BF:E9:34:ED:81,-64,0,171,171,2,2
644027654,NODE_B0CBD8F33218,wormhole_a,4,B4:BF:E9:34:ED:81,-64,0,171,171,2,2
644127658,NODE_B0CBD8F33218,wormhole_a,4,B4:BF:E9:34:ED:81,-64,0,171,171,2,2
644227656,NODE_B0CBD8F33218,wormhole_a,4,B4:BF:E9:34:ED:81,-64,0,171,171,2,2
644327654,NODE_B0CBD8F33218,wormhole_a,4,B4:BF:E9:34:ED:81,-64,0,171,171,2,2
644437654,NODE_B0CBD8F33218,wormhole_a,4,B4:BF:E9:34:ED:81,-64,0,171,171,2,2
644537663,NODE_B0CBD8F33218,wormhole_a,4,B4:BF:E9:34:ED:81,-64,0,172,172,2,2
644637670,NODE_B0CBD8F33218,wormhole_a,4,B4:BF:E9:34:ED:81,-63,0,172,172,2,2
644747654,NODE_B0CBD8F33218,wormhole_a,4,B4:BF:E9:34:ED:81,-63,0,172,172,2,2
644847658,NODE_B0CBD8F33218,wormhole_a,4,B4:BF:E9:34:ED:81,-63,0,172,172,2,2
644957690,NODE_B0CBD8F33218,wormhole_a,4,B4:BF:E9:34:ED:81,-63,0,172,172,2,2
645057666,NODE_B0CBD8F33218,wormhole_a,4,B4:BF:E9:34:ED:81,-63,0,172,172,2,2
645157658,NODE_B0CBD8F33218,wormhole_a,4,B4:BF:E9:34:ED:81,-63,0,172,172,2,2
645257656,NODE_B0CBD8F33218,wormhole_a,4,B4:BF:E9:34:ED:81,-63,0,172,172,2,2
645357654,NODE_B0CBD8F33218,wormhole_a,4,B4:BF:E9:34:ED:81,-63,0,172,172,2,2
645467654,NODE_B0CBD8F33218,wormhole_a,4,B4:BF:E9:34:ED:81,-63,0,172,172,2,2
645567662,NODE_B0CBD8F33218,wormhole_a,4,B4:BF:E9:34:ED:81,-63,0,173,173,2,2
645667672,NODE_B0CBD8F33218,wormhole_a,4,B4:BF:E9:34:ED:81,-63,0,173,173,2,2
645777654,NODE_B0CBD8F33218,wormhole_a,4,B4:BF:E9:34:ED:81,-63,0,173,173,2,2
645877658,NODE_B0CBD8F33218,wormhole_a,4,B4:BF:E9:34:ED:81,-63,0,173,173,2,2
645987658,NODE_B0CBD8F33218,wormhole_a,4,B4:BF:E9:34:ED:81,-63,0,173,173,2,2
646087656,NODE_B0CBD8F33218,wormhole_a,4,B4:BF:E9:34:ED:81,-63,0,173,173,2,2
646187658,NODE_B0CBD8F33218,wormhole_a,4,B4:BF:E9:34:ED:81,-63,0,173,173,2,2
646297654,NODE_B0CBD8F33218,wormhole_a,4,B4:BF:E9:34:ED:81,-63,0,173,173,2,2
646397656,NODE_B0CBD8F33218,wormhole_a,4,B4:BF:E9:34:ED:81,-63,0,173,173,2,2
646497658,NODE_B0CBD8F33218,wormhole_a,4,B4:BF:E9:34:ED:81,-63,0,173,173,2,2
646597658,NODE_B0CBD8F33218,wormhole_a,4,B4:BF:E9:34:ED:81,-63,0,174,174,2,2
646707662,NODE_B0CBD8F33218,wormhole_a,4,B4:BF:E9:34:ED:81,-62,0,174,174,2,2
646807656,NODE_B0CBD8F33218,wormhole_a,4,B4:BF:E9:34:ED:81,-62,0,174,174,2,2
646907654,NODE_B0CBD8F33218,wormhole_a,4,B4:BF:E9:34:ED:81,-62,0,174,174,2,2
647007662,NODE_B0CBD8F33218,wormhole_a,4,B4:BF:E9:34:ED:81,-62,0,174,174,2,2
647107668,NODE_B0CBD8F33218,wormhole_a,4,B4:BF:E9:34:ED:81,-62,0,174,174,2,2
647207658,NODE_B0CBD8F33218,wormhole_a,4,B4:BF:E9:34:ED:81,-62,0,174,174,2,2
647317656,NODE_B0CBD8F33218,wormhole_a,4,B4:BF:E9:34:ED:81,-62,0,174,174,2,2
647417657,NODE_B0CBD8F33218,wormhole_a,4,B4:BF:E9:34:ED:81,-62,0,174,174,2,2
647517662,NODE_B0CBD8F33218,wormhole_a,4,B4:BF:E9:34:ED:81,-62,0,174,175,2,2
647617654,NODE_B0CBD8F33218,wormhole_a,4,B4:BF:E9:34:ED:81,-62,0,175,175,2,2
647727670,NODE_B0CBD8F33218,wormhole_a,4,B4:BF:E9:34:ED:81,-63,0,175,175,2,2
647827656,NODE_B0CBD8F33218,wormhole_a,4,B4:BF:E9:34:ED:81,-63,0,175,175,2,2
647927658,NODE_B0CBD8F33218,wormhole_a,4,B4:BF:E9:34:ED:81,-63,0,175,175,2,2
648027658,NODE_B0CBD8F33218,wormhole_a,4,B4:BF:E9:34:ED:81,-63,0,175,175,2,2
648127656,NODE_B0CBD8F33218,wormhole_a,4,B4:BF:E9:34:ED:81,-63,0,175,175,2,2
648227658,NODE_B0CBD8F33218,wormhole_a,4,B4:BF:E9:34:ED:81,-63,0,175,175,2,2
648337654,NODE_B0CBD8F33218,wormhole_a,4,B4:BF:E9:34:ED:81,-63,0,175,175,2,2
648437656,NODE_B0CBD8F33218,wormhole_a,4,B4:BF:E9:34:ED:81,-63,0,175,175,2,2
648537662,NODE_B0CBD8F33218,wormhole_a,4,B4:BF:E9:34:ED:81,-63,0,176,176,2,2
648637654,NODE_B0CBD8F33218,wormhole_a,4,B4:BF:E9:34:ED:81,-63,0,176,176,2,2
648747670,NODE_B0CBD8F33218,wormhole_a,4,B4:BF:E9:34:ED:81,-62,0,176,176,2,2
648847656,NODE_B0CBD8F33218,wormhole_a,4,B4:BF:E9:34:ED:81,-62,0,176,176,2,2
648947658,NODE_B0CBD8F33218,wormhole_a,4,B4:BF:E9:34:ED:81,-62,0,176,176,2,2
649048053,NODE_B0CBD8F33218,wormhole_a,4,B4:BF:E9:34:ED:81,-62,0,176,176,2,2
649147668,NODE_B0CBD8F33218,wormhole_a,4,B4:BF:E9:34:ED:81,-62,0,176,176,2,2
649247658,NODE_B0CBD8F33218,wormhole_a,4,B4:BF:E9:34:ED:81,-62,0,176,176,2,2
649357654,NODE_B0CBD8F33218,wormhole_a,4,B4:BF:E9:34:ED:81,-62,0,176,176,2,2
649457656,NODE_B0CBD8F33218,wormhole_a,4,B4:BF:E9:34:ED:81,-62,0,176,176,2,2
649557662,NODE_B0CBD8F33218,wormhole_a,4,B4:BF:E9:34:ED:81,-62,0,177,177,2,2
649657654,NODE_B0CBD8F33218,wormhole_a,4,B4:BF:E9:34:ED:81,-62,0,177,177,2,2
649767670,NODE_B0CBD8F33218,wormhole_a,4,B4:BF:E9:34:ED:81,-63,0,177,177,2,2
649867656,NODE_B0CBD8F33218,wormhole_a,4,B4:BF:E9:34:ED:81,-63,0,177,177,2,2
649967658,NODE_B0CBD8F33218,wormhole_a,4,B4:BF:E9:34:ED:81,-63,0,177,177,2,2
650067658,NODE_B0CBD8F33218,wormhole_a,4,B4:BF:E9:34:ED:81,-63,0,177,177,2,2
650167656,NODE_B0CBD8F33218,wormhole_a,4,B4:BF:E9:34:ED:81,-63,0,177,177,2,2
650267658,NODE_B0CBD8F33218,wormhole_a,4,B4:BF:E9:34:ED:81,-63,0,177,177,2,2
650377654,NODE_B0CBD8F33218,wormhole_a,4,B4:BF:E9:34:ED:81,-63,0,177,177,2,2
650477656,NODE_B0CBD8F33218,wormhole_a,4,B4:BF:E9:34:ED:81,-63,0,177,177,2,2
650577662,NODE_B0CBD8F33218,wormhole_a,4,B4:BF:E9:34:ED:81,-63,0,178,178,2,2
650677654,NODE_B0CBD8F33218,wormhole_a,4,B4:BF:E9:34:ED:81,-63,0,178,178,2,2
650787670,NODE_B0CBD8F33218,wormhole_a,4,B4:BF:E9:34:ED:81,-63,0,178,178,2,2
650887660,NODE_B0CBD8F33218,wormhole_a,4,B4:BF:E9:34:ED:81,-63,0,178,178,2,2
650987654,NODE_B0CBD8F33218,wormhole_a,4,B4:BF:E9:34:ED:81,-63,0,178,178,2,2
651087674,NODE_B0CBD8F33218,wormhole_a,4,B4:BF:E9:34:ED:81,-63,0,178,178,2,2
651187656,NODE_B0CBD8F33218,wormhole_a,4,B4:BF:E9:34:ED:81,-63,0,178,178,2,2
651287654,NODE_B0CBD8F33218,wormhole_a,4,B4:BF:E9:34:ED:81,-63,0,178,178,2,2
651397654,NODE_B0CBD8F33218,wormhole_a,4,B4:BF:E9:34:ED:81,-63,0,178,178,2,2
651497656,NODE_B0CBD8F33218,wormhole_a,4,B4:BF:E9:34:ED:81,-63,0,178,178,2,2
651597666,NODE_B0CBD8F33218,wormhole_a,4,B4:BF:E9:34:ED:81,-63,0,179,179,2,2
651697654,NODE_B0CBD8F33218,wormhole_a,4,B4:BF:E9:34:ED:81,-63,0,179,179,2,2
651807666,NODE_B0CBD8F33218,wormhole_a,4,B4:BF:E9:34:ED:81,-62,0,179,179,2,2
651907660,NODE_B0CBD8F33218,wormhole_a,4,B4:BF:E9:34:ED:81,-62,0,179,179,2,2
652007654,NODE_B0CBD8F33218,wormhole_a,4,B4:BF:E9:34:ED:81,-62,0,179,179,2,2
652107662,NODE_B0CBD8F33218,wormhole_a,4,B4:BF:E9:34:ED:81,-62,0,179,179,2,2
652207656,NODE_B0CBD8F33218,wormhole_a,4,B4:BF:E9:34:ED:81,-62,0,179,179,2,2
652307654,NODE_B0CBD8F33218,wormhole_a,4,B4:BF:E9:34:ED:81,-62,0,179,179,2,2
652417656,NODE_B0CBD8F33218,wormhole_a,4,B4:BF:E9:34:ED:81,-62,0,179,179,2,2
652517677,NODE_B0CBD8F33218,wormhole_a,4,B4:BF:E9:34:ED:81,-62,0,179,180,2,2
652617658,NODE_B0CBD8F33218,wormhole_a,4,B4:BF:E9:34:ED:81,-62,0,180,180,2,2
652717654,NODE_B0CBD8F33218,wormhole_a,4,B4:BF:E9:34:ED:81,-62,0,180,180,2,2
652827666,NODE_B0CBD8F33218,wormhole_a,4,B4:BF:E9:34:ED:81,-63,0,180,180,2,2
652927660,NODE_B0CBD8F33218,wormhole_a,4,B4:BF:E9:34:ED:81,-63,0,180,180,2,2
653027654,NODE_B0CBD8F33218,wormhole_a,4,B4:BF:E9:34:ED:81,-63,0,180,180,2,2
653127674,NODE_B0CBD8F33218,wormhole_a,4,B4:BF:E9:34:ED:81,-63,0,180,180,2,2
653227656,NODE_B0CBD8F33218,wormhole_a,4,B4:BF:E9:34:ED:81,-63,0,180,180,2,2
653327654,NODE_B0CBD8F33218,wormhole_a,4,B4:BF:E9:34:ED:81,-63,0,180,180,2,2
653437654,NODE_B0CBD8F33218,wormhole_a,4,B4:BF:E9:34:ED:81,-63,0,180,180,2,2
653537667,NODE_B0CBD8F33218,wormhole_a,4,B4:BF:E9:34:ED:81,-63,0,181,181,2,2
653647660,NODE_B0CBD8F33218,wormhole_a,4,B4:BF:E9:34:ED:81,-63,0,181,181,2,2
653747654,NODE_B0CBD8F33218,wormhole_a,4,B4:BF:E9:34:ED:81,-63,0,181,181,2,2
653848473,NODE_B0CBD8F33218,wormhole_a,4,B4:BF:E9:34:ED:81,-63,0,181,181,2,2
653957656,NODE_B0CBD8F33218,wormhole_a,4,B4:BF:E9:34:ED:81,-63,0,181,181,2,2
654057654,NODE_B0CBD8F33218,wormhole_a,4,B4:BF:E9:34:ED:81,-63,0,181,181,3,0
654167666,NODE_B0CBD8F33218,wormhole_a,4,B4:BF:E9:34:ED:81,-63,0,181,181,3,0
654267658,NODE_B0CBD8F33218,wormhole_a,4,B4:BF:E9:34:ED:81,-63,0,181,181,3,0
654367660,NODE_B0CBD8F33218,wormhole_a,4,B4:BF:E9:34:ED:81,-63,0,181,181,3,0
654467658,NODE_B0CBD8F33218,wormhole_a,4,B4:BF:E9:34:ED:81,-63,0,181,181,3,0
654567658,NODE_B0CBD8F33218,wormhole_a,4,B4:BF:E9:34:ED:81,-63,0,181,181,3,0
654677659,NODE_B0CBD8F33218,wormhole_a,4,B4:BF:E9:34:ED:81,-63,0,181,181,3,0
654777654,NODE_B0CBD8F33218,wormhole_a,4,B4:BF:E9:34:ED:81,-63,0,181,181,3,0
654877666,NODE_B0CBD8F33218,wormhole_a,4,B4:BF:E9:34:ED:81,-63,0,181,181,3,0
654987654,NODE_B0CBD8F33218,wormhole_a,4,B4:BF:E9:34:ED:81,-63,0,181,181,3,0
655087668,NODE_B0CBD8F33218,wormhole_a,4,B4:BF:E9:34:ED:81,-63,0,181,181,3,0
655197662,NODE_B0CBD8F33218,wormhole_a,4,B4:BF:E9:34:ED:81,-63,0,181,181,3,0
655297654,NODE_B0CBD8F33218,wormhole_a,4,B4:BF:E9:34:ED:81,-63,0,181,181,3,0
655397656,NODE_B0CBD8F33218,wormhole_a,4,B4:BF:E9:34:ED:81,-63,0,181,181,3,0
655497654,NODE_B0CBD8F33218,wormhole_a,4,B4:BF:E9:34:ED:81,-63,0,181,181,3,0
655597658,NODE_B0CBD8F33218,wormhole_a,4,B4:BF:E9:34:ED:81,-63,0,181,181,3,0
655707658,NODE_B0CBD8F33218,wormhole_a,4,B4:BF:E9:34:ED:81,-63,0,181,181,3,0
655807656,NODE_B0CBD8F33218,wormhole_a,4,B4:BF:E9:34:ED:81,-63,0,181,181,3,0
655907666,NODE_B0CBD8F33218,wormhole_a,4,B4:BF:E9:34:ED:81,-63,0,181,181,3,0
656017660,NODE_B0CBD8F33218,wormhole_a,4,B4:BF:E9:34:ED:81,-63,0,181,181,3,0
656117657,NODE_B0CBD8F33218,wormhole_a,4,B4:BF:E9:34:ED:81,-63,0,181,181,3,0
656227664,NODE_B0CBD8F33218,wormhole_a,4,B4:BF:E9:34:ED:81,-63,0,181,181,3,0
656327654,NODE_B0CBD8F33218,wormhole_a,4,B4:BF:E9:34:ED:81,-63,0,181,181,3,0
656427654,NODE_B0CBD8F33218,wormhole_a,4,B4:BF:E9:34:ED:81,-63,0,181,181,3,0
656527660,NODE_B0CBD8F33218,wormhole_a,4,B4:BF:E9:34:ED:81,-63,0,181,181,3,0
656627658,NODE_B0CBD8F33218,wormhole_a,4,B4:BF:E9:34:ED:81,-63,0,181,181,3,0
656737654,NODE_B0CBD8F33218,wormhole_a,4,B4:BF:E9:34:ED:81,-63,0,181,181,3,0
656837656,NODE_B0CBD8F33218,wormhole_a,4,B4:BF:E9:34:ED:81,-63,0,181,181,3,0
656937674,NODE_B0CBD8F33218,wormhole_a,4,B4:BF:E9:34:ED:81,-63,0,181,181,3,0
657048045,NODE_B0CBD8F33218,wormhole_a,4,B4:BF:E9:34:ED:81,-63,0,181,181,3,0
657147666,NODE_B0CBD8F33218,wormhole_a,4,B4:BF:E9:34:ED:81,-63,0,181,181,3,0
657257663,NODE_B0CBD8F33218,wormhole_a,4,B4:BF:E9:34:ED:81,-63,0,181,181,3,0
657357654,NODE_B0CBD8F33218,wormhole_a,4,B4:BF:E9:34:ED:81,-63,0,181,181,3,0
657457654,NODE_B0CBD8F33218,wormhole_a,4,B4:BF:E9:34:ED:81,-63,0,181,181,3,0
657557659,NODE_B0CBD8F33218,wormhole_a,4,B4:BF:E9:34:ED:81,-63,0,181,181,3,0
657657654,NODE_B0CBD8F33218,wormhole_a,4,B4:BF:E9:34:ED:81,-63,0,181,181,3,0
657767658,NODE_B0CBD8F33218,wormhole_a,4,B4:BF:E9:34:ED:81,-63,0,181,181,3,0
657867654,NODE_B0CBD8F33218,wormhole_a,4,B4:BF:E9:34:ED:81,-63,0,181,181,3,0
657967668,NODE_B0CBD8F33218,wormhole_a,4,B4:BF:E9:34:ED:81,-58,0,181,181,3,0
658077654,NODE_B0CBD8F33218,wormhole_a,4,B4:BF:E9:34:ED:81,-58,0,181,181,3,0
658177654,NODE_B0CBD8F33218,wormhole_a,4,B4:BF:E9:34:ED:81,-58,0,181,181,3,0
658287662,NODE_B0CBD8F33218,wormhole_a,4,B4:BF:E9:34:ED:81,-58,0,181,181,3,0
658387656,NODE_B0CBD8F33218,wormhole_a,4,B4:BF:E9:34:ED:81,-58,0,181,181,3,0
658487654,NODE_B0CBD8F33218,wormhole_a,4,B4:BF:E9:34:ED:81,-58,0,181,181,3,0
658587658,NODE_B0CBD8F33218,wormhole_a,4,B4:BF:E9:34:ED:81,-58,0,181,181,3,0
658687660,NODE_B0CBD8F33218,wormhole_a,4,B4:BF:E9:34:ED:81,-58,0,181,181,3,0
658797654,NODE_B0CBD8F33218,wormhole_a,4,B4:BF:E9:34:ED:81,-58,0,181,181,3,0
658897654,NODE_B0CBD8F33218,wormhole_a,4,B4:BF:E9:34:ED:81,-58,0,181,181,3,0
658997667,NODE_B0CBD8F33218,wormhole_a,4,B4:BF:E9:34:ED:81,-62,0,181,181,3,0
659107667,NODE_B0CBD8F33218,wormhole_a,4,B4:BF:E9:34:ED:81,-62,0,181,181,3,0
659207654,NODE_B0CBD8F33218,wormhole_a,4,B4:BF:E9:34:ED:81,-62,0,181,181,3,0
659317664,NODE_B0CBD8F33218,wormhole_a,4,B4:BF:E9:34:ED:81,-62,0,181,181,3,0
659417657,NODE_B0CBD8F33218,wormhole_a,4,B4:BF:E9:34:ED:81,-62,0,181,181,3,0
659517660,NODE_B0CBD8F33218,wormhole_a,4,B4:BF:E9:34:ED:81,-62,0,181,181,3,0
659617656,NODE_B0CBD8F33218,wormhole_a,4,B4:BF:E9:34:ED:81,-62,0,181,181,3,0
659717661,NODE_B0CBD8F33218,wormhole_a,4,B4:BF:E9:34:ED:81,-62,0,181,181,3,0
659827656,NODE_B0CBD8F33218,wormhole_a,4,B4:BF:E9:34:ED:81,-62,0,181,181,3,0
659927658,NODE_B0CBD8F33218,wormhole_a,4,B4:BF:E9:34:ED:81,-62,0,181,181,3,0
660027666,NODE_B0CBD8F33218,wormhole_a,4,B4:BF:E9:34:ED:81,-62,0,181,181,3,0
660137656,NODE_B0CBD8F33218,wormhole_a,4,B4:BF:E9:34:ED:81,-62,0,181,181,3,0
660237662,NODE_B0CBD8F33218,wormhole_a,4,B4:BF:E9:34:ED:81,-62,0,181,181,3,0
660347654,NODE_B0CBD8F33218,wormhole_a,4,B4:BF:E9:34:ED:81,-62,0,181,181,3,0
660447654,NODE_B0CBD8F33218,wormhole_a,4,B4:BF:E9:34:ED:81,-62,0,181,181,3,0
660548216,NODE_B0CBD8F33218,wormhole_a,4,B4:BF:E9:34:ED:81,-62,0,181,181,3,0
660647658,NODE_B0CBD8F33218,wormhole_a,4,B4:BF:E9:34:ED:81,-62,0,181,181,3,0
660747654,NODE_B0CBD8F33218,wormhole_a,4,B4:BF:E9:34:ED:81,-62,0,181,181,3,0
660857656,NODE_B0CBD8F33218,wormhole_a,4,B4:BF:E9:34:ED:81,-62,0,181,181,3,0
660957666,NODE_B0CBD8F33218,wormhole_a,4,B4:BF:E9:34:ED:81,-63,0,181,181,3,0
661057670,NODE_B0CBD8F33218,wormhole_a,4,B4:BF:E9:34:ED:81,-63,0,181,181,3,0
661167654,NODE_B0CBD8F33218,wormhole_a,4,B4:BF:E9:34:ED:81,-63,0,181,181,3,0
661267664,NODE_B0CBD8F33218,wormhole_a,4,B4:BF:E9:34:ED:81,-63,0,181,181,3,0
661367654,NODE_B0CBD8F33218,wormhole_a,4,B4:BF:E9:34:ED:81,-63,0,181,181,3,0
661467654,NODE_B0CBD8F33218,wormhole_a,4,B4:BF:E9:34:ED:81,-63,0,181,181,3,0
661567660,NODE_B0CBD8F33218,wormhole_a,4,B4:BF:E9:34:ED:81,-63,0,181,181,3,0
661677658,NODE_B0CBD8F33218,wormhole_a,4,B4:BF:E9:34:ED:81,-63,0,181,181,3,0
661777654,NODE_B0CBD8F33218,wormhole_a,4,B4:BF:E9:34:ED:81,-63,0,181,181,3,0
661877656,NODE_B0CBD8F33218,wormhole_a,4,B4:BF:E9:34:ED:81,-63,0,181,181,3,0
661977666,NODE_B0CBD8F33218,wormhole_a,4,B4:BF:E9:34:ED:81,-63,0,181,181,3,0
662087658,NODE_B0CBD8F33218,wormhole_a,4,B4:BF:E9:34:ED:81,-63,0,181,181,3,0
662187654,NODE_B0CBD8F33218,wormhole_a,4,B4:BF:E9:34:ED:81,-63,0,181,181,3,0
662287664,NODE_B0CBD8F33218,wormhole_a,4,B4:BF:E9:34:ED:81,-63,0,181,181,3,0
662387654,NODE_B0CBD8F33218,wormhole_a,4,B4:BF:E9:34:ED:81,-63,0,181,181,3,0
662487654,NODE_B0CBD8F33218,wormhole_a,4,B4:BF:E9:34:ED:81,-63,0,181,181,3,0
662587660,NODE_B0CBD8F33218,wormhole_a,4,B4:BF:E9:34:ED:81,-63,0,181,181,3,0
662697658,NODE_B0CBD8F33218,wormhole_a,4,B4:BF:E9:34:ED:81,-63,0,181,181,3,0
662797654,NODE_B0CBD8F33218,wormhole_a,4,B4:BF:E9:34:ED:81,-63,0,181,181,3,0
662897659,NODE_B0CBD8F33218,wormhole_a,4,B4:BF:E9:34:ED:81,-63,0,181,181,3,0
662997662,NODE_B0CBD8F33218,wormhole_a,4,B4:BF:E9:34:ED:81,-63,0,181,181,3,0
663107901,NODE_B0CBD8F33218,wormhole_a,4,B4:BF:E9:34:ED:81,-64,0,181,181,3,0
663207654,NODE_B0CBD8F33218,wormhole_a,4,B4:BF:E9:34:ED:81,-64,0,181,181,3,0
663307656,NODE_B0CBD8F33218,wormhole_a,4,B4:BF:E9:34:ED:81,-64,0,181,181,3,0
663407662,NODE_B0CBD8F33218,wormhole_a,4,B4:BF:E9:34:ED:81,-64,0,181,181,3,0
663507654,NODE_B0CBD8F33218,wormhole_a,4,B4:BF:E9:34:ED:81,-64,0,181,181,3,0
663607660,NODE_B0CBD8F33218,wormhole_a,4,B4:BF:E9:34:ED:81,-64,0,181,181,3,0
663717656,NODE_B0CBD8F33218,wormhole_a,4,B4:BF:E9:34:ED:81,-64,0,181,181,3,0
663817660,NODE_B0CBD8F33218,wormhole_a,4,B4:BF:E9:34:ED:81,-64,0,181,181,3,0
663917661,NODE_B0CBD8F33218,wormhole_a,4,B4:BF:E9:34:ED:81,-64,0,181,181,3,0
664017656,NODE_B0CBD8F33218,wormhole_a,4,B4:BF:E9:34:ED:81,-64,0,181,181,3,0
664127666,NODE_B0CBD8F33218,wormhole_a,4,B4:BF:E9:34:ED:81,-63,0,181,181,3,0
664227654,NODE_B0CBD8F33218,wormhole_a,4,B4:BF:E9:34:ED:81,-63,0,181,181,3,0
664327656,NODE_B0CBD8F33218,wormhole_a,4,B4:BF:E9:34:ED:81,-63,0,181,181,3,0
664427662,NODE_B0CBD8F33218,wormhole_a,4,B4:BF:E9:34:ED:81,-63,0,181,181,3,0
664527658,NODE_B0CBD8F33218,wormhole_a,4,B4:BF:E9:34:ED:81,-63,0,181,181,3,0
664627656,NODE_B0CBD8F33218,wormhole_a,4,B4:BF:E9:34:ED:81,-63,0,181,181,3,0
664737654,NODE_B0CBD8F33218,wormhole_a,4,B4:BF:E9:34:ED:81,-63,0,181,181,3,0
664837658,NODE_B0CBD8F33218,wormhole_a,4,B4:BF:E9:34:ED:81,-63,0,181,181,3,0
664937659,NODE_B0CBD8F33218,wormhole_a,4,B4:BF:E9:34:ED:81,-63,0,181,181,3,0
665037662,NODE_B0CBD8F33218,wormhole_a,4,B4:BF:E9:34:ED:81,-63,0,181,181,3,0
665147670,NODE_B0CBD8F33218,wormhole_a,4,B4:BF:E9:34:ED:81,-62,0,181,181,3,0
665247654,NODE_B0CBD8F33218,wormhole_a,4,B4:BF:E9:34:ED:81,-62,0,181,181,3,0
665347656,NODE_B0CBD8F33218,wormhole_a,4,B4:BF:E9:34:ED:81,-62,0,181,181,3,0
665447662,NODE_B0CBD8F33218,wormhole_a,4,B4:BF:E9:34:ED:81,-62,0,181,181,3,0
665547658,NODE_B0CBD8F33218,wormhole_a,4,B4:BF:E9:34:ED:81,-62,0,181,181,3,0
665647656,NODE_B0CBD8F33218,wormhole_a,4,B4:BF:E9:34:ED:81,-62,0,181,181,3,0
665758210,NODE_B0CBD8F33218,wormhole_a,4,B4:BF:E9:34:ED:81,-62,0,181,181,3,0
665857658,NODE_B0CBD8F33218,wormhole_a,4,B4:BF:E9:34:ED:81,-62,0,181,181,3,0
665957655,NODE_B0CBD8F33218,wormhole_a,4,B4:BF:E9:34:ED:81,-62,0,181,181,3,0
666057654,NODE_B0CBD8F33218,wormhole_a,4,B4:BF:E9:34:ED:81,-62,0,181,181,3,0
666167658,NODE_B0CBD8F33218,wormhole_a,4,B4:BF:E9:34:ED:81,-62,0,181,181,3,0
666267654,NODE_B0CBD8F33218,wormhole_a,4,B4:BF:E9:34:ED:81,-62,0,181,181,3,0
666367656,NODE_B0CBD8F33218,wormhole_a,4,B4:BF:E9:34:ED:81,-62,0,181,181,3,0
666467662,NODE_B0CBD8F33218,wormhole_a,4,B4:BF:E9:34:ED:81,-62,0,181,181,3,0
666567658,NODE_B0CBD8F33218,wormhole_a,4,B4:BF:E9:34:ED:81,-62,0,181,181,3,0
666667656,NODE_B0CBD8F33218,wormhole_a,4,B4:BF:E9:34:ED:81,-62,0,181,181,3,0
666777658,NODE_B0CBD8F33218,wormhole_a,4,B4:BF:E9:34:ED:81,-62,0,181,181,3,0
666877654,NODE_B0CBD8F33218,wormhole_a,4,B4:BF:E9:34:ED:81,-62,0,181,181,3,0
666977655,NODE_B0CBD8F33218,wormhole_a,4,B4:BF:E9:34:ED:81,-62,0,181,181,3,0
667077666,NODE_B0CBD8F33218,wormhole_a,4,B4:BF:E9:34:ED:81,-62,0,181,181,3,0
667187666,NODE_B0CBD8F33218,wormhole_a,4,B4:BF:E9:34:ED:81,-62,0,181,181,3,0
667287654,NODE_B0CBD8F33218,wormhole_a,4,B4:BF:E9:34:ED:81,-62,0,181,181,3,0
667387656,NODE_B0CBD8F33218,wormhole_a,4,B4:BF:E9:34:ED:81,-62,0,181,181,3,0
667487662,NODE_B0CBD8F33218,wormhole_a,4,B4:BF:E9:34:ED:81,-62,0,181,181,3,0
667587658,NODE_B0CBD8F33218,wormhole_a,4,B4:BF:E9:34:ED:81,-62,0,181,181,3,0
667687656,NODE_B0CBD8F33218,wormhole_a,4,B4:BF:E9:34:ED:81,-62,0,181,181,3,0
667797658,NODE_B0CBD8F33218,wormhole_a,4,B4:BF:E9:34:ED:81,-62,0,181,181,3,0
667897654,NODE_B0CBD8F33218,wormhole_a,4,B4:BF:E9:34:ED:81,-62,0,181,181,3,0
667997659,NODE_B0CBD8F33218,wormhole_a,4,B4:BF:E9:34:ED:81,-62,0,181,181,3,0
668097654,NODE_B0CBD8F33218,wormhole_a,4,B4:BF:E9:34:ED:81,-62,0,181,181,3,0
668207658,NODE_B0CBD8F33218,wormhole_a,4,B4:BF:E9:34:ED:81,-62,0,181,181,3,0
668307654,NODE_B0CBD8F33218,wormhole_a,4,B4:BF:E9:34:ED:81,-62,0,181,181,3,0
668407656,NODE_B0CBD8F33218,wormhole_a,4,B4:BF:E9:34:ED:81,-62,0,181,181,3,0
668507662,NODE_B0CBD8F33218,wormhole_a,4,B4:BF:E9:34:ED:81,-62,0,181,181,3,0
668607658,NODE_B0CBD8F33218,wormhole_a,4,B4:BF:E9:34:ED:81,-62,0,181,181,3,0
668717657,NODE_B0CBD8F33218,wormhole_a,4,B4:BF:E9:34:ED:81,-62,0,181,181,3,0
668817665,NODE_B0CBD8F33218,wormhole_a,4,B4:BF:E9:34:ED:81,-62,0,181,181,3,0
668917664,NODE_B0CBD8F33218,wormhole_a,4,B4:BF:E9:34:ED:81,-62,0,181,181,3,0
669027654,NODE_B0CBD8F33218,wormhole_a,4,B4:BF:E9:34:ED:81,-62,0,181,181,3,0
669127668,NODE_B0CBD8F33218,wormhole_a,4,B4:BF:E9:34:ED:81,-62,0,181,181,3,0
669227666,NODE_B0CBD8F33218,wormhole_a,4,B4:BF:E9:34:ED:81,-62,0,181,181,3,0
669337654,NODE_B0CBD8F33218,wormhole_a,4,B4:BF:E9:34:ED:81,-62,0,181,181,3,0
669437656,NODE_B0CBD8F33218,wormhole_a,4,B4:BF:E9:34:ED:81,-62,0,181,181,3,0
669547668,NODE_B0CBD8F33218,wormhole_a,4,B4:BF:E9:34:ED:81,-62,0,181,181,3,0
669647654,NODE_B0CBD8F33218,wormhole_a,4,B4:BF:E9:34:ED:81,-62,0,181,181,3,0
669747654,NODE_B0CBD8F33218,wormhole_a,4,B4:BF:E9:34:ED:81,-62,0,181,181,3,0
669847660,NODE_B0CBD8F33218,wormhole_a,4,B4:BF:E9:34:ED:81,-62,0,181,181,3,0
669947654,NODE_B0CBD8F33218,wormhole_a,4,B4:BF:E9:34:ED:81,-62,0,181,181,3,0
670057654,NODE_B0CBD8F33218,wormhole_a,4,B4:BF:E9:34:ED:81,-62,0,181,181,3,0
670157656,NODE_B0CBD8F33218,wormhole_a,4,B4:BF:E9:34:ED:81,-62,0,181,181,3,0
670257666,NODE_B0CBD8F33218,wormhole_a,4,B4:BF:E9:34:ED:81,-62,0,181,181,3,0
670367654,NODE_B0CBD8F33218,wormhole_a,4,B4:BF:E9:34:ED:81,-62,0,181,181,3,0
670467654,NODE_B0CBD8F33218,wormhole_a,4,B4:BF:E9:34:ED:81,-62,0,181,181,3,0
670577667,NODE_B0CBD8F33218,wormhole_a,4,B4:BF:E9:34:ED:81,-62,0,181,181,3,0
670677654,NODE_B0CBD8F33218,wormhole_a,4,B4:BF:E9:34:ED:81,-62,0,181,181,3,0
670777654,NODE_B0CBD8F33218,wormhole_a,4,B4:BF:E9:34:ED:81,-62,0,181,181,3,0
670877656,NODE_B0CBD8F33218,wormhole_a,4,B4:BF:E9:34:ED:81,-62,0,181,181,3,0
670977658,NODE_B0CBD8F33218,wormhole_a,4,B4:BF:E9:34:ED:81,-62,0,181,181,3,0
671087666,NODE_B0CBD8F33218,wormhole_a,4,B4:BF:E9:34:ED:81,-62,0,181,181,3,0
671187654,NODE_B0CBD8F33218,wormhole_a,4,B4:BF:E9:34:ED:81,-62,0,181,181,3,0
671287668,NODE_B0CBD8F33218,wormhole_a,4,B4:BF:E9:34:ED:81,-63,0,181,181,3,0
671397654,NODE_B0CBD8F33218,wormhole_a,4,B4:BF:E9:34:ED:81,-63,0,181,181,3,0
671497654,NODE_B0CBD8F33218,wormhole_a,4,B4:BF:E9:34:ED:81,-63,0,181,181,3,0
671607666,NODE_B0CBD8F33218,wormhole_a,4,B4:BF:E9:34:ED:81,-63,0,181,181,3,0
671707656,NODE_B0CBD8F33218,wormhole_a,4,B4:BF:E9:34:ED:81,-63,0,181,181,3,0
671807654,NODE_B0CBD8F33218,wormhole_a,4,B4:BF:E9:34:ED:81,-63,0,181,181,3,0
671908203,NODE_B0CBD8F33218,wormhole_a,4,B4:BF:E9:34:ED:81,-63,0,181,181,3,0
672007656,NODE_B0CBD8F33218,wormhole_a,4,B4:BF:E9:34:ED:81,-63,0,181,181,3,0
672117656,NODE_B0CBD8F33218,wormhole_a,4,B4:BF:E9:34:ED:81,-63,0,181,181,3,0
672217664,NODE_B0CBD8F33218,wormhole_a,4,B4:BF:E9:34:ED:81,-63,0,181,181,3,0
672317669,NODE_B0CBD8F33218,wormhole_a,4,B4:BF:E9:34:ED:81,-61,0,181,181,3,0
672427656,NODE_B0CBD8F33218,wormhole_a,4,B4:BF:E9:34:ED:81,-61,0,181,181,3,0
672527666,NODE_B0CBD8F33218,wormhole_a,4,B4:BF:E9:34:ED:81,-61,0,181,181,3,0
672637654,NODE_B0CBD8F33218,wormhole_a,4,B4:BF:E9:34:ED:81,-61,0,181,181,3,0
672737656,NODE_B0CBD8F33218,wormhole_a,4,B4:BF:E9:34:ED:81,-61,0,181,181,3,0
672837654,NODE_B0CBD8F33218,wormhole_a,4,B4:BF:E9:34:ED:81,-61,0,181,181,3,0
672937658,NODE_B0CBD8F33218,wormhole_a,4,B4:BF:E9:34:ED:81,-61,0,181,181,3,0
673037655,NODE_B0CBD8F33218,wormhole_a,4,B4:BF:E9:34:ED:81,-61,0,181,181,3,0
673147668,NODE_B0CBD8F33218,wormhole_a,4,B4:BF:E9:34:ED:81,-61,0,181,181,3,0
673247666,NODE_B0CBD8F33218,wormhole_a,4,B4:BF:E9:34:ED:81,-61,0,181,181,3,0
673347662,NODE_B0CBD8F33218,wormhole_a,4,B4:BF:E9:34:ED:81,-62,0,181,181,3,0
673457656,NODE_B0CBD8F33218,wormhole_a,4,B4:BF:E9:34:ED:81,-62,0,181,181,3,0
673557666,NODE_B0CBD8F33218,wormhole_a,4,B4:BF:E9:34:ED:81,-62,0,181,181,3,0
673667654,NODE_B0CBD8F33218,wormhole_a,4,B4:BF:E9:34:ED:81,-62,0,181,181,3,0
673767654,NODE_B0CBD8F33218,wormhole_a,4,B4:BF:E9:34:ED:81,-62,0,181,181,3,0
673867656,NODE_B0CBD8F33218,wormhole_a,4,B4:BF:E9:34:ED:81,-62,0,181,181,3,0
673967658,NODE_B0CBD8F33218,wormhole_a,4,B4:BF:E9:34:ED:81,-62,0,181,181,3,0
674067654,NODE_B0CBD8F33218,wormhole_a,4,B4:BF:E9:34:ED:81,-62,0,181,181,3,0
674177656,NODE_B0CBD8F33218,wormhole_a,4,B4:BF:E9:34:ED:81,-62,0,181,181,3,0
674277666,NODE_B0CBD8F33218,wormhole_a,4,B4:BF:E9:34:ED:81,-62,0,181,181,3,0
674377654,NODE_B0CBD8F33218,wormhole_a,4,B4:BF:E9:34:ED:81,-62,0,181,181,3,0
674487654,NODE_B0CBD8F33218,wormhole_a,4,B4:BF:E9:34:ED:81,-62,0,181,181,3,0
674587668,NODE_B0CBD8F33218,wormhole_a,4,B4:BF:E9:34:ED:81,-62,0,181,181,3,0
674697654,NODE_B0CBD8F33218,wormhole_a,4,B4:BF:E9:34:ED:81,-62,0,181,181,3,0
674797654,NODE_B0CBD8F33218,wormhole_a,4,B4:BF:E9:34:ED:81,-62,0,181,181,3,0
674897667,NODE_B0CBD8F33218,wormhole_a,4,B4:BF:E9:34:ED:81,-62,0,181,181,3,0
674997654,NODE_B0CBD8F33218,wormhole_a,4,B4:BF:E9:34:ED:81,-62,0,181,181,3,0
675097666,NODE_B0CBD8F33218,wormhole_a,4,B4:BF:E9:34:ED:81,-62,0,181,181,3,0
675207658,NODE_B0CBD8F33218,wormhole_a,4,B4:BF:E9:34:ED:81,-62,0,181,181,3,0
675307668,NODE_B0CBD8F33218,wormhole_a,4,B4:BF:E9:34:ED:81,-63,0,181,181,3,0
675407654,NODE_B0CBD8F33218,wormhole_a,4,B4:BF:E9:34:ED:81,-63,0,181,181,3,0
675517660,NODE_B0CBD8F33218,wormhole_a,4,B4:BF:E9:34:ED:81,-63,0,181,181,3,0
675617665,NODE_B0CBD8F33218,wormhole_a,4,B4:BF:E9:34:ED:81,-63,0,181,181,3,0
675727656,NODE_B0CBD8F33218,wormhole_a,4,B4:BF:E9:34:ED:81,-63,0,181,181,3,0
675827654,NODE_B0CBD8F33218,wormhole_a,4,B4:BF:E9:34:ED:81,-63,0,181,181,3,0
675927658,NODE_B0CBD8F33218,wormhole_a,4,B4:BF:E9:34:ED:81,-63,0,181,181,3,0
676027656,NODE_B0CBD8F33218,wormhole_a,4,B4:BF:E9:34:ED:81,-63,0,181,181,3,0
676127654,NODE_B0CBD8F33218,wormhole_a,4,B4:BF:E9:34:ED:81,-63,0,181,181,3,0
676237658,NODE_B0CBD8F33218,wormhole_a,4,B4:BF:E9:34:ED:81,-63,0,181,181,3,0
676337667,NODE_B0CBD8F33218,wormhole_a,4,B4:BF:E9:34:ED:81,-62,0,181,181,3,0
676447656,NODE_B0CBD8F33218,wormhole_a,4,B4:BF:E9:34:ED:81,-62,0,181,181,3,0
676547658,NODE_B0CBD8F33218,wormhole_a,4,B4:BF:E9:34:ED:81,-62,0,181,181,3,0
676647662,NODE_B0CBD8F33218,wormhole_a,4,B4:BF:E9:34:ED:81,-62,0,181,181,3,0
676747656,NODE_B0CBD8F33218,wormhole_a,4,B4:BF:E9:34:ED:81,-62,0,181,181,3,0
676847654,NODE_B0CBD8F33218,wormhole_a,4,B4:BF:E9:34:ED:81,-62,0,181,181,3,0
676947658,NODE_B0CBD8F33218,wormhole_a,4,B4:BF:E9:34:ED:81,-62,0,181,181,3,0
677057667,NODE_B0CBD8F33218,wormhole_a,4,B4:BF:E9:34:ED:81,-62,0,181,181,3,0
677157658,NODE_B0CBD8F33218,wormhole_a,4,B4:BF:E9:34:ED:81,-62,0,181,181,3,0
677257654,NODE_B0CBD8F33218,wormhole_a,4,B4:BF:E9:34:ED:81,-62,0,181,181,3,0
677357667,NODE_B0CBD8F33218,wormhole_a,4,B4:BF:E9:34:ED:81,-63,0,181,181,3,0
677467656,NODE_B0CBD8F33218,wormhole_a,4,B4:BF:E9:34:ED:81,-63,0,181,181,3,0
677567658,NODE_B0CBD8F33218,wormhole_a,4,B4:BF:E9:34:ED:81,-63,0,181,181,3,0
677667662,NODE_B0CBD8F33218,wormhole_a,4,B4:BF:E9:34:ED:81,-63,0,181,181,3,0
677767656,NODE_B0CBD8F33218,wormhole_a,4,B4:BF:E9:34:ED:81,-63,0,181,181,3,0
677867658,NODE_B0CBD8F33218,wormhole_a,4,B4:BF:E9:34:ED:81,-63,0,181,181,3,0
677967654,NODE_B0CBD8F33218,wormhole_a,4,B4:BF:E9:34:ED:81,-63,0,181,181,3,0
678077656,NODE_B0CBD8F33218,wormhole_a,4,B4:BF:E9:34:ED:81,-63,0,181,181,3,0
678177658,NODE_B0CBD8F33218,wormhole_a,4,B4:BF:E9:34:ED:81,-63,0,181,181,3,0
678277654,NODE_B0CBD8F33218,wormhole_a,4,B4:BF:E9:34:ED:81,-63,0,181,181,3,0
678377667,NODE_B0CBD8F33218,wormhole_a,4,B4:BF:E9:34:ED:81,-59,0,181,181,3,0
678487656,NODE_B0CBD8F33218,wormhole_a,4,B4:BF:E9:34:ED:81,-59,0,181,181,3,0
678587658,NODE_B0CBD8F33218,wormhole_a,4,B4:BF:E9:34:ED:81,-59,0,181,181,3,0
678687662,NODE_B0CBD8F33218,wormhole_a,4,B4:BF:E9:34:ED:81,-59,0,181,181,3,0
678787656,NODE_B0CBD8F33218,wormhole_a,4,B4:BF:E9:34:ED:81,-59,0,181,181,3,0
678887658,NODE_B0CBD8F33218,wormhole_a,4,B4:BF:E9:34:ED:81,-59,0,181,181,3,0
678987654,NODE_B0CBD8F33218,wormhole_a,4,B4:BF:E9:34:ED:81,-59,0,181,181,3,0
679097667,NODE_B0CBD8F33218,wormhole_a,4,B4:BF:E9:34:ED:81,-59,0,181,181,3,0
679197658,NODE_B0CBD8F33218,wormhole_a,4,B4:BF:E9:34:ED:81,-59,0,181,181,3,0
679297654,NODE_B0CBD8F33218,wormhole_a,4,B4:BF:E9:34:ED:81,-59,0,181,181,3,0
679397659,NODE_B0CBD8F33218,wormhole_a,4,B4:BF:E9:34:ED:81,-59,0,181,181,3,0
679507656,NODE_B0CBD8F33218,wormhole_a,4,B4:BF:E9:34:ED:81,-59,0,181,181,3,0
679607658,NODE_B0CBD8F33218,wormhole_a,4,B4:BF:E9:34:ED:81,-59,0,181,181,3,0
679707662,NODE_B0CBD8F33218,wormhole_a,4,B4:BF:E9:34:ED:81,-59,0,181,181,3,0
679807656,NODE_B0CBD8F33218,wormhole_a,4,B4:BF:E9:34:ED:81,-59,0,181,181,3,0
679907654,NODE_B0CBD8F33218,wormhole_a,4,B4:BF:E9:34:ED:81,-59,0,181,181,3,0
680007658,NODE_B0CBD8F33218,wormhole_a,4,B4:BF:E9:34:ED:81,-59,0,181,181,3,0
680117657,NODE_B0CBD8F33218,wormhole_a,4,B4:BF:E9:34:ED:81,-59,0,181,181,3,0
680217660,NODE_B0CBD8F33218,wormhole_a,4,B4:BF:E9:34:ED:81,-59,0,181,181,3,0
680317656,NODE_B0CBD8F33218,wormhole_a,4,B4:BF:E9:34:ED:81,-59,0,181,181,3,0
680417669,NODE_B0CBD8F33218,wormhole_a,4,B4:BF:E9:34:ED:81,-61,0,181,181,3,0
680527660,NODE_B0CBD8F33218,wormhole_a,4,B4:BF:E9:34:ED:81,-61,0,181,181,3,0
680627654,NODE_B0CBD8F33218,wormhole_a,4,B4:BF:E9:34:ED:81,-61,0,181,181,3,0
680727662,NODE_B0CBD8F33218,wormhole_a,4,B4:BF:E9:34:ED:81,-61,0,181,181,3,0
680827656,NODE_B0CBD8F33218,wormhole_a,4,B4:BF:E9:34:ED:81,-61,0,181,181,3,0
680927658,NODE_B0CBD8F33218,wormhole_a,4,B4:BF:E9:34:ED:81,-61,0,181,181,3,0
681027654,NODE_B0CBD8F33218,wormhole_a,4,B4:BF:E9:34:ED:81,-61,0,181,181,3,0
681137667,NODE_B0CBD8F33218,wormhole_a,4,B4:BF:E9:34:ED:81,-61,0,181,181,3,0
681237658,NODE_B0CBD8F33218,wormhole_a,4,B4:BF:E9:34:ED:81,-61,0,181,181,3,0
681337654,NODE_B0CBD8F33218,wormhole_a,4,B4:BF:E9:34:ED:81,-61,0,181,181,3,0
681437667,NODE_B0CBD8F33218,wormhole_a,4,B4:BF:E9:34:ED:81,-62,0,181,181,3,0
681547668,NODE_B0CBD8F33218,wormhole_a,4,B4:BF:E9:34:ED:81,-62,0,181,181,3,0
681647654,NODE_B0CBD8F33218,wormhole_a,4,B4:BF:E9:34:ED:81,-62,0,181,181,3,0
681747662,NODE_B0CBD8F33218,wormhole_a,4,B4:BF:E9:34:ED:81,-62,0,181,181,3,0
681847656,NODE_B0CBD8F33218,wormhole_a,4,B4:BF:E9:34:ED:81,-62,0,181,181,3,0
681947658,NODE_B0CBD8F33218,wormhole_a,4,B4:BF:E9:34:ED:81,-62,0,181,181,3,0
682048036,NODE_B0CBD8F33218,wormhole_a,4,B4:BF:E9:34:ED:81,-62,0,181,181,3,0
682157656,NODE_B0CBD8F33218,wormhole_a,4,B4:BF:E9:34:ED:81,-62,0,181,181,3,0
682257654,NODE_B0CBD8F33218,wormhole_a,4,B4:BF:E9:34:ED:81,-62,0,181,181,3,0
682357682,NODE_B0CBD8F33218,wormhole_a,4,B4:BF:E9:34:ED:81,-62,0,181,181,3,0
682457656,NODE_B0CBD8F33218,wormhole_a,4,B4:BF:E9:34:ED:81,-62,0,181,181,3,0
682567660,NODE_B0CBD8F33218,wormhole_a,4,B4:BF:E9:34:ED:81,-62,0,181,181,3,0
682667654,NODE_B0CBD8F33218,wormhole_a,4,B4:BF:E9:34:ED:81,-62,0,181,181,3,0
682767662,NODE_B0CBD8F33218,wormhole_a,4,B4:BF:E9:34:ED:81,-62,0,181,181,3,0
682867656,NODE_B0CBD8F33218,wormhole_a,4,B4:BF:E9:34:ED:81,-62,0,181,181,3,0
682967654,NODE_B0CBD8F33218,wormhole_a,4,B4:BF:E9:34:ED:81,-62,0,181,181,3,0
683067666,NODE_B0CBD8F33218,wormhole_a,4,B4:BF:E9:34:ED:81,-62,0,181,181,3,0
683177656,NODE_B0CBD8F33218,wormhole_a,4,B4:BF:E9:34:ED:81,-62,0,181,181,3,0
683277654,NODE_B0CBD8F33218,wormhole_a,4,B4:BF:E9:34:ED:81,-62,0,181,181,3,0
683377654,NODE_B0CBD8F33218,wormhole_a,4,B4:BF:E9:34:ED:81,-62,0,181,181,3,0
683477659,NODE_B0CBD8F33218,wormhole_a,4,B4:BF:E9:34:ED:81,-62,0,181,181,3,0
683587668,NODE_B0CBD8F33218,wormhole_a,4,B4:BF:E9:34:ED:81,-62,0,181,181,3,0
683687654,NODE_B0CBD8F33218,wormhole_a,4,B4:BF:E9:34:ED:81,-62,0,181,181,3,0
683787654,NODE_B0CBD8F33218,wormhole_a,4,B4:BF:E9:34:ED:81,-62,0,181,181,3,0
683897667,NODE_B0CBD8F33218,wormhole_a,4,B4:BF:E9:34:ED:81,-62,0,181,181,3,0
683997870,NODE_B0CBD8F33218,wormhole_a,4,B4:BF:E9:34:ED:81,-62,0,181,181,3,0
684097654,NODE_B0CBD8F33218,wormhole_a,4,B4:BF:E9:34:ED:81,-62,0,181,181,3,0
684197655,NODE_B0CBD8F33218,wormhole_a,4,B4:BF:E9:34:ED:81,-62,0,181,181,3,0
684297654,NODE_B0CBD8F33218,wormhole_a,4,B4:BF:E9:34:ED:81,-62,0,181,181,3,0
684407658,NODE_B0CBD8F33218,wormhole_a,4,B4:BF:E9:34:ED:81,-62,0,181,181,3,0
684507801,NODE_B0CBD8F33218,wormhole_a,4,B4:BF:E9:34:ED:81,-62,0,181,181,3,0
684607660,NODE_B0CBD8F33218,wormhole_a,4,B4:BF:E9:34:ED:81,-61,0,181,181,3,0
684717656,NODE_B0CBD8F33218,wormhole_a,4,B4:BF:E9:34:ED:81,-61,0,181,181,3,0
684817664,NODE_B0CBD8F33218,wormhole_a,4,B4:BF:E9:34:ED:81,-61,0,181,181,3,0
684927658,NODE_B0CBD8F33218,wormhole_a,4,B4:BF:E9:34:ED:81,-61,0,181,181,3,0
685027656,NODE_B0CBD8F33218,wormhole_a,4,B4:BF:E9:34:ED:81,-61,0,181,181,3,0
685127666,NODE_B0CBD8F33218,wormhole_a,4,B4:BF:E9:34:ED:81,-61,0,181,181,3,0
685227654,NODE_B0CBD8F33218,wormhole_a,4,B4:BF:E9:34:ED:81,-61,0,181,181,3,0
685327656,NODE_B0CBD8F33218,wormhole_a,4,B4:BF:E9:34:ED:81,-61,0,181,181,3,0
685437658,NODE_B0CBD8F33218,wormhole_a,4,B4:BF:E9:34:ED:81,-61,0,181,181,3,0
685537666,NODE_B0CBD8F33218,wormhole_a,4,B4:BF:E9:34:ED:81,-61,0,181,181,3,0
685637656,NODE_B0CBD8F33218,wormhole_a,4,B4:BF:E9:34:ED:81,-61,0,181,181,3,0
685747656,NODE_B0CBD8F33218,wormhole_a,4,B4:BF:E9:34:ED:81,-61,0,181,181,3,0
685847662,NODE_B0CBD8F33218,wormhole_a,4,B4:BF:E9:34:ED:81,-61,0,181,181,3,0
685957658,NODE_B0CBD8F33218,wormhole_a,4,B4:BF:E9:34:ED:81,-61,0,181,181,3,0
686057656,NODE_B0CBD8F33218,wormhole_a,4,B4:BF:E9:34:ED:81,-61,0,181,181,3,0
686157654,NODE_B0CBD8F33218,wormhole_a,4,B4:BF:E9:34:ED:81,-61,0,181,181,3,0
686257654,NODE_B0CBD8F33218,wormhole_a,4,B4:BF:E9:34:ED:81,-61,0,181,181,3,0
686357656,NODE_B0CBD8F33218,wormhole_a,4,B4:BF:E9:34:ED:81,-61,0,181,181,3,0
686467660,NODE_B0CBD8F33218,wormhole_a,4,B4:BF:E9:34:ED:81,-61,0,181,181,3,0
686567969,NODE_B0CBD8F33218,wormhole_a,4,B4:BF:E9:34:ED:81,-63,0,181,181,3,0
686667654,NODE_B0CBD8F33218,wormhole_a,4,B4:BF:E9:34:ED:81,-63,0,181,181,3,0
686777656,NODE_B0CBD8F33218,wormhole_a,4,B4:BF:E9:34:ED:81,-63,0,181,181,3,0
686877666,NODE_B0CBD8F33218,wormhole_a,4,B4:BF:E9:34:ED:81,-63,0,181,181,3,0
686987654,NODE_B0CBD8F33218,wormhole_a,4,B4:BF:E9:34:ED:81,-63,0,181,181,3,0
687087666,NODE_B0CBD8F33218,wormhole_a,4,B4:BF:E9:34:ED:81,-63,0,181,181,3,0
687187656,NODE_B0CBD8F33218,wormhole_a,4,B4:BF:E9:34:ED:81,-63,0,181,181,3,0
687287654,NODE_B0CBD8F33218,wormhole_a,4,B4:BF:E9:34:ED:81,-63,0,181,181,3,0
687387654,NODE_B0CBD8F33218,wormhole_a,4,B4:BF:E9:34:ED:81,-63,0,181,181,3,0
687497659,NODE_B0CBD8F33218,wormhole_a,4,B4:BF:E9:34:ED:81,-63,0,181,181,3,0
687597666,NODE_B0CBD8F33218,wormhole_a,4,B4:BF:E9:34:ED:81,-63,0,181,181,3,0
687697654,NODE_B0CBD8F33218,wormhole_a,4,B4:BF:E9:34:ED:81,-63,0,181,181,3,0
687807654,NODE_B0CBD8F33218,wormhole_a,4,B4:BF:E9:34:ED:81,-63,0,181,181,3,0
687907668,NODE_B0CBD8F33218,wormhole_a,4,B4:BF:E9:34:ED:81,-63,0,181,181,3,0
688017726,NODE_B0CBD8F33218,wormhole_a,4,B4:BF:E9:34:ED:81,-63,0,181,181,3,0
688117656,NODE_B0CBD8F33218,wormhole_a,4,B4:BF:E9:34:ED:81,-63,0,181,181,3,0
688217657,NODE_B0CBD8F33218,wormhole_a,4,B4:BF:E9:34:ED:81,-63,0,181,181,3,0
688317656,NODE_B0CBD8F33218,wormhole_a,4,B4:BF:E9:34:ED:81,-63,0,181,181,3,0
688417660,NODE_B0CBD8F33218,wormhole_a,4,B4:BF:E9:34:ED:81,-63,0,181,181,3,0
688527658,NODE_B0CBD8F33218,wormhole_a,4,B4:BF:E9:34:ED:81,-63,0,181,181,3,0
688627668,NODE_B0CBD8F33218,wormhole_a,4,B4:BF:E9:34:ED:81,-62,0,181,181,3,0
688727654,NODE_B0CBD8F33218,wormhole_a,4,B4:BF:E9:34:ED:81,-62,0,181,181,3,0
688837654,NODE_B0CBD8F33218,wormhole_a,4,B4:BF:E9:34:ED:81,-62,0,181,181,3,0
688937663,NODE_B0CBD8F33218,wormhole_a,4,B4:BF:E9:34:ED:81,-62,0,181,181,3,0
689048054,NODE_B0CBD8F33218,wormhole_a,4,B4:BF:E9:34:ED:81,-62,0,181,181,3,0
689147666,NODE_B0CBD8F33218,wormhole_a,4,B4:BF:E9:34:ED:81,-62,0,181,181,3,0
689247654,NODE_B0CBD8F33218,wormhole_a,4,B4:BF:E9:34:ED:81,-62,0,181,181,3,0
689347656,NODE_B0CBD8F33218,wormhole_a,4,B4:BF:E9:34:ED:81,-62,0,181,181,3,0
689447658,NODE_B0CBD8F33218,wormhole_a,4,B4:BF:E9:34:ED:81,-62,0,181,181,3,0
689557658,NODE_B0CBD8F33218,wormhole_a,4,B4:BF:E9:34:ED:81,-62,0,181,181,3,0
689657667,NODE_B0CBD8F33218,wormhole_a,4,B4:BF:E9:34:ED:81,-63,0,181,181,3,0
689757654,NODE_B0CBD8F33218,wormhole_a,4,B4:BF:E9:34:ED:81,-63,0,181,181,3,0
689867666,NODE_B0CBD8F33218,wormhole_a,4,B4:BF:E9:34:ED:81,-63,0,181,181,3,0
689967654,NODE_B0CBD8F33218,wormhole_a,4,B4:BF:E9:34:ED:81,-63,0,181,181,3,0
690077663,NODE_B0CBD8F33218,wormhole_a,4,B4:BF:E9:34:ED:81,-63,0,181,181,3,0
690177654,NODE_B0CBD8F33218,wormhole_a,4,B4:BF:E9:34:ED:81,-63,0,181,181,3,0
690277654,NODE_B0CBD8F33218,wormhole_a,4,B4:BF:E9:34:ED:81,-63,0,181,181,3,0
690377656,NODE_B0CBD8F33218,wormhole_a,4,B4:BF:E9:34:ED:81,-63,0,181,181,3,0
690477658,NODE_B0CBD8F33218,wormhole_a,4,B4:BF:E9:34:ED:81,-63,0,181,181,3,0
690587658,NODE_B0CBD8F33218,wormhole_a,4,B4:BF:E9:34:ED:81,-63,0,181,181,3,0
690687666,NODE_B0CBD8F33218,wormhole_a,4,B4:BF:E9:34:ED:81,-63,0,181,181,3,0
690787656,NODE_B0CBD8F33218,wormhole_a,4,B4:BF:E9:34:ED:81,-63,0,181,181,3,0
690897658,NODE_B0CBD8F33218,wormhole_a,4,B4:BF:E9:34:ED:81,-63,0,181,181,3,0
690997654,NODE_B0CBD8F33218,wormhole_a,4,B4:BF:E9:34:ED:81,-63,0,181,181,3,0
691107674,NODE_B0CBD8F33218,wormhole_a,4,B4:BF:E9:34:ED:81,-63,0,181,181,3,0
691207656,NODE_B0CBD8F33218,wormhole_a,4,B4:BF:E9:34:ED:81,-63,0,181,181,3,0
691307654,NODE_B0CBD8F33218,wormhole_a,4,B4:BF:E9:34:ED:81,-63,0,181,181,3,0
691417660,NODE_B0CBD8F33218,wormhole_a,4,B4:BF:E9:34:ED:81,-63,0,181,181,3,0
691517661,NODE_B0CBD8F33218,wormhole_a,4,B4:BF:E9:34:ED:81,-63,0,181,181,3,0
691617656,NODE_B0CBD8F33218,wormhole_a,4,B4:BF:E9:34:ED:81,-63,0,181,181,3,0
691717668,NODE_B0CBD8F33218,wormhole_a,4,B4:BF:E9:34:ED:81,-63,0,181,181,3,0
691827654,NODE_B0CBD8F33218,wormhole_a,4,B4:BF:E9:34:ED:81,-63,0,181,181,3,0
691927656,NODE_B0CBD8F33218,wormhole_a,4,B4:BF:E9:34:ED:81,-63,0,181,181,3,0
692027658,NODE_B0CBD8F33218,wormhole_a,4,B4:BF:E9:34:ED:81,-63,0,181,181,3,0
692127662,NODE_B0CBD8F33218,wormhole_a,4,B4:BF:E9:34:ED:81,-63,0,181,181,3,0
692227656,NODE_B0CBD8F33218,wormhole_a,4,B4:BF:E9:34:ED:81,-63,0,181,181,3,0
692327654,NODE_B0CBD8F33218,wormhole_a,4,B4:BF:E9:34:ED:81,-63,0,181,181,3,0
692437658,NODE_B0CBD8F33218,wormhole_a,4,B4:BF:E9:34:ED:81,-63,0,181,181,3,0
692537659,NODE_B0CBD8F33218,wormhole_a,4,B4:BF:E9:34:ED:81,-63,0,181,181,3,0
692637654,NODE_B0CBD8F33218,wormhole_a,4,B4:BF:E9:34:ED:81,-63,0,181,181,3,0
692737666,NODE_B0CBD8F33218,wormhole_a,4,B4:BF:E9:34:ED:81,-62,0,181,181,3,0
692847654,NODE_B0CBD8F33218,wormhole_a,4,B4:BF:E9:34:ED:81,-62,0,181,181,3,0
692947660,NODE_B0CBD8F33218,wormhole_a,4,B4:BF:E9:34:ED:81,-62,0,181,181,3,0
693048048,NODE_B0CBD8F33218,wormhole_a,4,B4:BF:E9:34:ED:81,-62,0,181,181,3,0
693147666,NODE_B0CBD8F33218,wormhole_a,4,B4:BF:E9:34:ED:81,-62,0,181,181,3,0
693247656,NODE_B0CBD8F33218,wormhole_a,4,B4:BF:E9:34:ED:81,-62,0,181,181,3,0
693347654,NODE_B0CBD8F33218,wormhole_a,4,B4:BF:E9:34:ED:81,-62,0,181,181,3,0
693457658,NODE_B0CBD8F33218,wormhole_a,4,B4:BF:E9:34:ED:81,-62,0,181,181,3,0
693557656,NODE_B0CBD8F33218,wormhole_a,4,B4:BF:E9:34:ED:81,-62,0,181,181,3,0
693657658,NODE_B0CBD8F33218,wormhole_a,4,B4:BF:E9:34:ED:81,-62,0,181,181,3,0
693757666,NODE_B0CBD8F33218,wormhole_a,4,B4:BF:E9:34:ED:81,-63,0,181,181,3,0
693867654,NODE_B0CBD8F33218,wormhole_a,4,B4:BF:E9:34:ED:81,-63,0,181,181,3,0
693967660,NODE_B0CBD8F33218,wormhole_a,4,B4:BF:E9:34:ED:81,-63,0,181,181,3,0
694067662,NODE_B0CBD8F33218,wormhole_a,4,B4:BF:E9:34:ED:81,-63,0,181,181,3,0
694167654,NODE_B0CBD8F33218,wormhole_a,4,B4:BF:E9:34:ED:81,-63,0,181,181,3,0
694267656,NODE_B0CBD8F33218,wormhole_a,4,B4:BF:E9:34:ED:81,-63,0,181,181,3,0
694367654,NODE_B0CBD8F33218,wormhole_a,4,B4:BF:E9:34:ED:81,-63,0,181,181,3,0
694477658,NODE_B0CBD8F33218,wormhole_a,4,B4:BF:E9:34:ED:81,-63,0,181,181,3,0
694577659,NODE_B0CBD8F33218,wormhole_a,4,B4:BF:E9:34:ED:81,-63,0,181,181,3,0
694677654,NODE_B0CBD8F33218,wormhole_a,4,B4:BF:E9:34:ED:81,-63,0,181,181,3,0
694777666,NODE_B0CBD8F33218,wormhole_a,4,B4:BF:E9:34:ED:81,-63,0,181,181,3,0
694887654,NODE_B0CBD8F33218,wormhole_a,4,B4:BF:E9:34:ED:81,-63,0,181,181,3,0
694987660,NODE_B0CBD8F33218,wormhole_a,4,B4:BF:E9:34:ED:81,-63,0,181,181,3,0
695087674,NODE_B0CBD8F33218,wormhole_a,4,B4:BF:E9:34:ED:81,-63,0,181,181,3,0
695187756,NODE_B0CBD8F33218,wormhole_a,4,B4:BF:E9:34:ED:81,-63,0,181,181,3,0
695287656,NODE_B0CBD8F33218,wormhole_a,4,B4:BF:E9:34:ED:81,-63,0,181,181,3,0
695387654,NODE_B0CBD8F33218,wormhole_a,4,B4:BF:E9:34:ED:81,-63,0,181,181,3,0
695497868,NODE_B0CBD8F33218,wormhole_a,4,B4:BF:E9:34:ED:81,-63,0,181,181,3,0
695597659,NODE_B0CBD8F33218,wormhole_a,4,B4:BF:E9:34:ED:81,-63,0,181,181,3,0
695697654,NODE_B0CBD8F33218,wormhole_a,4,B4:BF:E9:34:ED:81,-63,0,181,181,3,0
695797666,NODE_B0CBD8F33218,wormhole_a,4,B4:BF:E9:34:ED:81,-63,0,181,181,3,0
695907662,NODE_B0CBD8F33218,wormhole_a,4,B4:BF:E9:34:ED:81,-63,0,181,181,3,0
696007656,NODE_B0CBD8F33218,wormhole_a,4,B4:BF:E9:34:ED:81,-63,0,181,181,3,0
696107662,NODE_B0CBD8F33218,wormhole_a,4,B4:BF:E9:34:ED:81,-63,0,181,181,3,0
696207654,NODE_B0CBD8F33218,wormhole_a,4,B4:BF:E9:34:ED:81,-63,0,181,181,3,0
696307656,NODE_B0CBD8F33218,wormhole_a,4,B4:BF:E9:34:ED:81,-63,0,181,181,3,0
696407654,NODE_B0CBD8F33218,wormhole_a,4,B4:BF:E9:34:ED:81,-63,0,181,181,3,0
696517660,NODE_B0CBD8F33218,wormhole_a,4,B4:BF:E9:34:ED:81,-63,0,181,181,3,0
696617657,NODE_B0CBD8F33218,wormhole_a,4,B4:BF:E9:34:ED:81,-63,0,181,181,3,0
696717656,NODE_B0CBD8F33218,wormhole_a,4,B4:BF:E9:34:ED:81,-63,0,181,181,3,0
696817668,NODE_B0CBD8F33218,wormhole_a,4,B4:BF:E9:34:ED:81,-63,0,181,181,3,0
696927658,NODE_B0CBD8F33218,wormhole_a,4,B4:BF:E9:34:ED:81,-63,0,181,181,3,0
697027656,NODE_B0CBD8F33218,wormhole_a,4,B4:BF:E9:34:ED:81,-63,0,181,181,3,0
697127674,NODE_B0CBD8F33218,wormhole_a,4,B4:BF:E9:34:ED:81,-63,0,181,181,3,0
697227654,NODE_B0CBD8F33218,wormhole_a,4,B4:BF:E9:34:ED:81,-63,0,181,181,3,0
697327656,NODE_B0CBD8F33218,wormhole_a,4,B4:BF:E9:34:ED:81,-63,0,181,181,3,0
697427654,NODE_B0CBD8F33218,wormhole_a,4,B4:BF:E9:34:ED:81,-63,0,181,181,3,0
697537658,NODE_B0CBD8F33218,wormhole_a,4,B4:BF:E9:34:ED:81,-63,0,181,181,3,0
697637656,NODE_B0CBD8F33218,wormhole_a,4,B4:BF:E9:34:ED:81,-63,0,181,181,3,0
697737654,NODE_B0CBD8F33218,wormhole_a,4,B4:BF:E9:34:ED:81,-63,0,181,181,3,0
697837666,NODE_B0CBD8F33218,wormhole_a,4,B4:BF:E9:34:ED:81,-63,0,181,181,3,0
697948102,NODE_B0CBD8F33218,wormhole_a,4,B4:BF:E9:34:ED:81,-63,0,181,181,3,0
698048038,NODE_B0CBD8F33218,wormhole_a,4,B4:BF:E9:34:ED:81,-63,0,181,181,3,0
698147662,NODE_B0CBD8F33218,wormhole_a,4,B4:BF:E9:34:ED:81,-63,0,181,181,3,0
698247658,NODE_B0CBD8F33218,wormhole_a,4,B4:BF:E9:34:ED:81,-63,0,181,181,3,0
698347656,NODE_B0CBD8F33218,wormhole_a,4,B4:BF:E9:34:ED:81,-63,0,181,181,3,0
698447654,NODE_B0CBD8F33218,wormhole_a,4,B4:BF:E9:34:ED:81,-63,0,181,181,3,0
698557658,NODE_B0CBD8F33218,wormhole_a,4,B4:BF:E9:34:ED:81,-63,0,181,181,3,0
698657656,NODE_B0CBD8F33218,wormhole_a,4,B4:BF:E9:34:ED:81,-63,0,181,181,3,0
698757654,NODE_B0CBD8F33218,wormhole_a,4,B4:BF:E9:34:ED:81,-63,0,181,181,3,0
698857666,NODE_B0CBD8F33218,wormhole_a,4,B4:BF:E9:34:ED:81,-61,0,181,181,3,0
698967669,NODE_B0CBD8F33218,wormhole_a,4,B4:BF:E9:34:ED:81,-61,0,181,181,3,0
699077732,NODE_B0CBD8F33218,wormhole_a,4,B4:BF:E9:34:ED:81,-61,0,181,181,3,0
699177662,NODE_B0CBD8F33218,wormhole_a,4,B4:BF:E9:34:ED:81,-61,0,181,181,3,0
699287654,NODE_B0CBD8F33218,wormhole_a,4,B4:BF:E9:34:ED:81,-61,0,181,181,3,0
699387654,NODE_B0CBD8F33218,wormhole_a,4,B4:BF:E9:34:ED:81,-61,0,181,181,3,0
699487656,NODE_B0CBD8F33218,wormhole_a,4,B4:BF:E9:34:ED:81,-61,0,181,181,3,0
699587658,NODE_B0CBD8F33218,wormhole_a,4,B4:BF:E9:34:ED:81,-61,0,181,181,3,0
699687658,NODE_B0CBD8F33218,wormhole_a,4,B4:BF:E9:34:ED:81,-61,0,181,181,3,0
699797656,NODE_B0CBD8F33218,wormhole_a,4,B4:BF:E9:34:ED:81,-61,0,181,181,3,0
699897666,NODE_B0CBD8F33218,wormhole_a,4,B4:BF:E9:34:ED:81,-63,0,181,181,3,0
699997654,NODE_B0CBD8F33218,wormhole_a,4,B4:BF:E9:34:ED:81,-63,0,181,181,3,0
700107654,NODE_B0CBD8F33218,wormhole_a,4,B4:BF:E9:34:ED:81,-63,0,181,181,3,0
700207664,NODE_B0CBD8F33218,wormhole_a,4,B4:BF:E9:34:ED:81,-63,0,181,181,3,0
700317656,NODE_B0CBD8F33218,wormhole_a,4,B4:BF:E9:34:ED:81,-63,0,181,181,3,0
700417656,NODE_B0CBD8F33218,wormhole_a,4,B4:BF:E9:34:ED:81,-63,0,181,181,3,0
700517661,NODE_B0CBD8F33218,wormhole_a,4,B4:BF:E9:34:ED:81,-63,0,181,181,3,0
700617656,NODE_B0CBD8F33218,wormhole_a,4,B4:BF:E9:34:ED:81,-63,0,181,181,3,0
700717660,NODE_B0CBD8F33218,wormhole_a,4,B4:BF:E9:34:ED:81,-63,0,181,181,3,0
700827654,NODE_B0CBD8F33218,wormhole_a,4,B4:BF:E9:34:ED:81,-63,0,181,181,3,0
700927668,NODE_B0CBD8F33218,wormhole_a,4,B4:BF:E9:34:ED:81,-63,0,181,181,3,0
701027658,NODE_B0CBD8F33218,wormhole_a,4,B4:BF:E9:34:ED:81,-63,0,181,181,3,0
701137666,NODE_B0CBD8F33218,wormhole_a,4,B4:BF:E9:34:ED:81,-63,0,181,181,3,0
701237663,NODE_B0CBD8F33218,wormhole_a,4,B4:BF:E9:34:ED:81,-63,0,181,181,3,0
701347656,NODE_B0CBD8F33218,wormhole_a,4,B4:BF:E9:34:ED:81,-63,0,181,181,3,0
701447654,NODE_B0CBD8F33218,wormhole_a,4,B4:BF:E9:34:ED:81,-63,0,181,181,3,0
701547658,NODE_B0CBD8F33218,wormhole_a,4,B4:BF:E9:34:ED:81,-63,0,181,181,3,0
701647656,NODE_B0CBD8F33218,wormhole_a,4,B4:BF:E9:34:ED:81,-63,0,181,181,3,0
701747658,NODE_B0CBD8F33218,wormhole_a,4,B4:BF:E9:34:ED:81,-63,0,181,181,3,0
701857654,NODE_B0CBD8F33218,wormhole_a,4,B4:BF:E9:34:ED:81,-63,0,181,181,3,0
701957675,NODE_B0CBD8F33218,wormhole_a,4,B4:BF:E9:34:ED:81,-62,0,181,181,3,0
702057654,NODE_B0CBD8F33218,wormhole_a,4,B4:BF:E9:34:ED:81,-62,0,181,181,3,0
702167654,NODE_B0CBD8F33218,wormhole_a,4,B4:BF:E9:34:ED:81,-62,0,181,181,3,0
702267662,NODE_B0CBD8F33218,wormhole_a,4,B4:BF:E9:34:ED:81,-62,0,181,181,3,0
702377656,NODE_B0CBD8F33218,wormhole_a,4,B4:BF:E9:34:ED:81,-62,0,181,181,3,0
702477654,NODE_B0CBD8F33218,wormhole_a,4,B4:BF:E9:34:ED:81,-62,0,181,181,3,0
702577658,NODE_B0CBD8F33218,wormhole_a,4,B4:BF:E9:34:ED:81,-62,0,181,181,3,0
702678330,NODE_B0CBD8F33218,wormhole_a,4,B4:BF:E9:34:ED:81,-62,0,181,181,3,0
702777658,NODE_B0CBD8F33218,wormhole_a,4,B4:BF:E9:34:ED:81,-62,0,181,181,3,0
702887654,NODE_B0CBD8F33218,wormhole_a,4,B4:BF:E9:34:ED:81,-62,0,181,181,3,0
702987666,NODE_B0CBD8F33218,wormhole_a,4,B4:BF:E9:34:ED:81,-62,0,181,181,3,0
703087668,NODE_B0CBD8F33218,wormhole_a,4,B4:BF:E9:34:ED:81,-62,0,181,181,3,0
703197654,NODE_B0CBD8F33218,wormhole_a,4,B4:BF:E9:34:ED:81,-62,0,181,181,3,0
703297673,NODE_B0CBD8F33218,wormhole_a,4,B4:BF:E9:34:ED:81,-62,0,181,181,3,0
703407654,NODE_B0CBD8F33218,wormhole_a,4,B4:BF:E9:34:ED:81,-62,0,181,181,3,0
703507656,NODE_B0CBD8F33218,wormhole_a,4,B4:BF:E9:34:ED:81,-62,0,181,181,3,0
703607658,NODE_B0CBD8F33218,wormhole_a,4,B4:BF:E9:34:ED:81,-62,0,181,181,3,0
703707658,NODE_B0CBD8F33218,wormhole_a,4,B4:BF:E9:34:ED:81,-62,0,181,181,3,0
703807656,NODE_B0CBD8F33218,wormhole_a,4,B4:BF:E9:34:ED:81,-62,0,181,181,3,0
703917656,NODE_B0CBD8F33218,wormhole_a,4,B4:BF:E9:34:ED:81,-62,0,181,181,3,0
704017668,NODE_B0CBD8F33218,wormhole_a,4,B4:BF:E9:34:ED:81,-62,0,181,181,3,0
704117657,NODE_B0CBD8F33218,wormhole_a,4,B4:BF:E9:34:ED:81,-62,0,181,181,3,0
704227656,NODE_B0CBD8F33218,wormhole_a,4,B4:BF:E9:34:ED:81,-62,0,181,181,3,0
704327662,NODE_B0CBD8F33218,wormhole_a,4,B4:BF:E9:34:ED:81,-62,0,181,181,3,0
704437654,NODE_B0CBD8F33218,wormhole_a,4,B4:BF:E9:34:ED:81,-62,0,181,181,3,0
704537659,NODE_B0CBD8F33218,wormhole_a,4,B4:BF:E9:34:ED:81,-62,0,181,181,3,0
704637654,NODE_B0CBD8F33218,wormhole_a,4,B4:BF:E9:34:ED:81,-62,0,181,181,3,0
704737658,NODE_B0CBD8F33218,wormhole_a,4,B4:BF:E9:34:ED:81,-62,0,181,181,3,0
704837656,NODE_B0CBD8F33218,wormhole_a,4,B4:BF:E9:34:ED:81,-62,0,181,181,3,0
704947668,NODE_B0CBD8F33218,wormhole_a,4,B4:BF:E9:34:ED:81,-62,0,181,181,3,0
705048053,NODE_B0CBD8F33218,wormhole_a,4,B4:BF:E9:34:ED:81,-63,0,181,181,3,0
705147666,NODE_B0CBD8F33218,wormhole_a,4,B4:BF:E9:34:ED:81,-63,0,181,181,3,0
705257656,NODE_B0CBD8F33218,wormhole_a,4,B4:BF:E9:34:ED:81,-63,0,181,181,3,0
705357662,NODE_B0CBD8F33218,wormhole_a,4,B4:BF:E9:34:ED:81,-63,0,181,181,3,0
705467654,NODE_B0CBD8F33218,wormhole_a,4,B4:BF:E9:34:ED:81,-63,0,181,181,3,0
705567658,NODE_B0CBD8F33218,wormhole_a,4,B4:BF:E9:34:ED:81,-63,0,181,181,3,0
705667656,NODE_B0CBD8F33218,wormhole_a,4,B4:BF:E9:34:ED:81,-63,0,181,181,3,0
705767658,NODE_B0CBD8F33218,wormhole_a,4,B4:BF:E9:34:ED:81,-63,0,181,181,3,0
705867654,NODE_B0CBD8F33218,wormhole_a,4,B4:BF:E9:34:ED:81,-63,0,181,181,3,0
705977659,NODE_B0CBD8F33218,wormhole_a,4,B4:BF:E9:34:ED:81,-63,0,181,181,3,0
706077666,NODE_B0CBD8F33218,wormhole_a,4,B4:BF:E9:34:ED:81,-62,0,181,181,3,0
706177654,NODE_B0CBD8F33218,wormhole_a,4,B4:BF:E9:34:ED:81,-62,0,181,181,3,0
706287654,NODE_B0CBD8F33218,wormhole_a,4,B4:BF:E9:34:ED:81,-62,0,181,181,3,0
706387664,NODE_B0CBD8F33218,wormhole_a,4,B4:BF:E9:34:ED:81,-62,0,181,181,3,0
706497654,NODE_B0CBD8F33218,wormhole_a,4,B4:BF:E9:34:ED:81,-62,0,181,181,3,0
706597658,NODE_B0CBD8F33218,wormhole_a,4,B4:BF:E9:34:ED:81,-62,0,181,181,3,0
706697656,NODE_B0CBD8F33218,wormhole_a,4,B4:BF:E9:34:ED:81,-62,0,181,181,3,0
706807660,NODE_B0CBD8F33218,wormhole_a,4,B4:BF:E9:34:ED:81,-62,0,181,181,3,0
706907654,NODE_B0CBD8F33218,wormhole_a,4,B4:BF:E9:34:ED:81,-62,0,181,181,3,0
707007658,NODE_B0CBD8F33218,wormhole_a,4,B4:BF:E9:34:ED:81,-62,0,181,181,3,0
707107672,NODE_B0CBD8F33218,wormhole_a,4,B4:BF:E9:34:ED:81,-62,0,181,181,3,0
707217656,NODE_B0CBD8F33218,wormhole_a,4,B4:BF:E9:34:ED:81,-62,0,181,181,3,0
707317656,NODE_B0CBD8F33218,wormhole_a,4,B4:BF:E9:34:ED:81,-62,0,181,181,3,0
707417665,NODE_B0CBD8F33218,wormhole_a,4,B4:BF:E9:34:ED:81,-62,0,181,181,3,0
707517660,NODE_B0CBD8F33218,wormhole_a,4,B4:BF:E9:34:ED:81,-62,0,181,181,3,0
707617656,NODE_B0CBD8F33218,wormhole_a,4,B4:BF:E9:34:ED:81,-62,0,181,181,3,0
707717657,NODE_B0CBD8F33218,wormhole_a,4,B4:BF:E9:34:ED:81,-62,0,181,181,3,0
707827660,NODE_B0CBD8F33218,wormhole_a,4,B4:BF:E9:34:ED:81,-62,0,181,181,3,0
707927666,NODE_B0CBD8F33218,wormhole_a,4,B4:BF:E9:34:ED:81,-62,0,181,181,3,0
708027654,NODE_B0CBD8F33218,wormhole_a,4,B4:BF:E9:34:ED:81,-62,0,181,181,3,0
708127668,NODE_B0CBD8F33218,wormhole_a,4,B4:BF:E9:34:ED:81,-63,0,181,181,3,0
708237654,NODE_B0CBD8F33218,wormhole_a,4,B4:BF:E9:34:ED:81,-63,0,181,181,3,0
708337654,NODE_B0CBD8F33218,wormhole_a,4,B4:BF:E9:34:ED:81,-63,0,181,181,3,0
708437663,NODE_B0CBD8F33218,wormhole_a,4,B4:BF:E9:34:ED:81,-63,0,181,181,3,0
708537658,NODE_B0CBD8F33218,wormhole_a,4,B4:BF:E9:34:ED:81,-63,0,181,181,3,0
708637654,NODE_B0CBD8F33218,wormhole_a,4,B4:BF:E9:34:ED:81,-63,0,181,181,3,0
708737656,NODE_B0CBD8F33218,wormhole_a,4,B4:BF:E9:34:ED:81,-63,0,181,181,3,0
708847656,NODE_B0CBD8F33218,wormhole_a,4,B4:BF:E9:34:ED:81,-63,0,181,181,3,0
708947658,NODE_B0CBD8F33218,wormhole_a,4,B4:BF:E9:34:ED:81,-63,0,181,181,3,0
709048053,NODE_B0CBD8F33218,wormhole_a,4,B4:BF:E9:34:ED:81,-63,0,181,181,3,0
709147672,NODE_B0CBD8F33218,wormhole_a,4,B4:BF:E9:34:ED:81,-63,0,181,181,3,0
709257654,NODE_B0CBD8F33218,wormhole_a,4,B4:BF:E9:34:ED:81,-63,0,181,181,3,0
709357654,NODE_B0CBD8F33218,wormhole_a,4,B4:BF:E9:34:ED:81,-63,0,181,181,3,0
709457663,NODE_B0CBD8F33218,wormhole_a,4,B4:BF:E9:34:ED:81,-63,0,181,181,3,0
709557658,NODE_B0CBD8F33218,wormhole_a,4,B4:BF:E9:34:ED:81,-63,0,181,181,3,0
709657654,NODE_B0CBD8F33218,wormhole_a,4,B4:BF:E9:34:ED:81,-63,0,181,181,3,0
709757656,NODE_B0CBD8F33218,wormhole_a,4,B4:BF:E9:34:ED:81,-63,0,181,181,3,0
709867656,NODE_B0CBD8F33218,wormhole_a,4,B4:BF:E9:34:ED:81,-63,0,181,181,3,0
709967658,NODE_B0CBD8F33218,wormhole_a,4,B4:BF:E9:34:ED:81,-63,0,181,181,3,0
710067654,NODE_B0CBD8F33218,wormhole_a,4,B4:BF:E9:34:ED:81,-63,0,181,181,3,0
710167668,NODE_B0CBD8F33218,wormhole_a,4,B4:BF:E9:34:ED:81,-63,0,181,181,3,0
710277654,NODE_B0CBD8F33218,wormhole_a,4,B4:BF:E9:34:ED:81,-63,0,181,181,3,0
710377654,NODE_B0CBD8F33218,wormhole_a,4,B4:BF:E9:34:ED:81,-63,0,181,181,3,0
710477663,NODE_B0CBD8F33218,wormhole_a,4,B4:BF:E9:34:ED:81,-63,0,181,181,3,0
710577658,NODE_B0CBD8F33218,wormhole_a,4,B4:BF:E9:34:ED:81,-63,0,181,181,3,0
710677654,NODE_B0CBD8F33218,wormhole_a,4,B4:BF:E9:34:ED:81,-63,0,181,181,3,0
710777656,NODE_B0CBD8F33218,wormhole_a,4,B4:BF:E9:34:ED:81,-63,0,181,181,3,0
710887668,NODE_B0CBD8F33218,wormhole_a,4,B4:BF:E9:34:ED:81,-63,0,181,181,3,0
710987658,NODE_B0CBD8F33218,wormhole_a,4,B4:BF:E9:34:ED:81,-63,0,181,181,3,0
711087666,NODE_B0CBD8F33218,wormhole_a,4,B4:BF:E9:34:ED:81,-63,0,181,181,3,0
711187668,NODE_B0CBD8F33218,wormhole_a,4,B4:BF:E9:34:ED:81,-63,0,181,181,3,0
711297654,NODE_B0CBD8F33218,wormhole_a,4,B4:BF:E9:34:ED:81,-63,0,181,181,3,0
711397654,NODE_B0CBD8F33218,wormhole_a,4,B4:BF:E9:34:ED:81,-63,0,181,181,3,0
711497663,NODE_B0CBD8F33218,wormhole_a,4,B4:BF:E9:34:ED:81,-63,0,181,181,3,0
711597658,NODE_B0CBD8F33218,wormhole_a,4,B4:BF:E9:34:ED:81,-63,0,181,181,3,0
711697654,NODE_B0CBD8F33218,wormhole_a,4,B4:BF:E9:34:ED:81,-63,0,181,181,3,0
711797656,NODE_B0CBD8F33218,wormhole_a,4,B4:BF:E9:34:ED:81,-63,0,181,181,3,0
711907660,NODE_B0CBD8F33218,wormhole_a,4,B4:BF:E9:34:ED:81,-63,0,181,181,3,0
712007658,NODE_B0CBD8F33218,wormhole_a,4,B4:BF:E9:34:ED:81,-63,0,181,181,3,0
712107654,NODE_B0CBD8F33218,wormhole_a,4,B4:BF:E9:34:ED:81,-63,0,181,181,3,0
712207668,NODE_B0CBD8F33218,wormhole_a,4,B4:BF:E9:34:ED:81,-63,0,181,181,3,0
712317656,NODE_B0CBD8F33218,wormhole_a,4,B4:BF:E9:34:ED:81,-63,0,181,181,3,0
712417656,NODE_B0CBD8F33218,wormhole_a,4,B4:BF:E9:34:ED:81,-63,0,181,181,3,0
712517669,NODE_B0CBD8F33218,wormhole_a,4,B4:BF:E9:34:ED:81,-63,0,181,181,3,0
712617656,NODE_B0CBD8F33218,wormhole_a,4,B4:BF:E9:34:ED:81,-63,0,181,181,3,0
712717656,NODE_B0CBD8F33218,wormhole_a,4,B4:BF:E9:34:ED:81,-63,0,181,181,3,0
712817657,NODE_B0CBD8F33218,wormhole_a,4,B4:BF:E9:34:ED:81,-63,0,181,181,3,0
712927656,NODE_B0CBD8F33218,wormhole_a,4,B4:BF:E9:34:ED:81,-63,0,181,181,3,0
713027658,NODE_B0CBD8F33218,wormhole_a,4,B4:BF:E9:34:ED:81,-63,0,181,181,3,0
713127666,NODE_B0CBD8F33218,wormhole_a,4,B4:BF:E9:34:ED:81,-63,0,181,181,3,0
713227668,NODE_B0CBD8F33218,wormhole_a,4,B4:BF:E9:34:ED:81,-63,0,181,181,3,0
713337654,NODE_B0CBD8F33218,wormhole_a,4,B4:BF:E9:34:ED:81,-63,0,181,181,3,0
713437654,NODE_B0CBD8F33218,wormhole_a,4,B4:BF:E9:34:ED:81,-63,0,181,181,3,0
713537667,NODE_B0CBD8F33218,wormhole_a,4,B4:BF:E9:34:ED:81,-63,0,181,181,3,0
713637654,NODE_B0CBD8F33218,wormhole_a,4,B4:BF:E9:34:ED:81,-63,0,181,181,3,0
713737654,NODE_B0CBD8F33218,wormhole_a,4,B4:BF:E9:34:ED:81,-63,0,181,181,3,0
713837656,NODE_B0CBD8F33218,wormhole_a,4,B4:BF:E9:34:ED:81,-63,0,181,181,3,0
713947668,NODE_B0CBD8F33218,wormhole_a,4,B4:BF:E9:34:ED:81,-63,0,181,181,3,0
714048040,NODE_B0CBD8F33218,wormhole_a,4,B4:BF:E9:34:ED:81,-63,0,181,181,3,0
714157654,NODE_B0CBD8F33218,wormhole_a,4,B4:BF:E9:34:ED:81,-63,0,181,181,3,0
714257799,NODE_B0CBD8F33218,wormhole_a,4,B4:BF:E9:34:ED:81,-63,0,181,181,3,0
714357654,NODE_B0CBD8F33218,wormhole_a,4,B4:BF:E9:34:ED:81,-63,0,181,181,3,0
714467654,NODE_B0CBD8F33218,wormhole_a,4,B4:BF:E9:34:ED:81,-63,0,181,181,3,0
714567666,NODE_B0CBD8F33218,wormhole_a,4,B4:BF:E9:34:ED:81,-63,0,181,181,3,0
714677656,NODE_B0CBD8F33218,wormhole_a,4,B4:BF:E9:34:ED:81,-63,0,181,181,3,0
714777654,NODE_B0CBD8F33218,wormhole_a,4,B4:BF:E9:34:ED:81,-63,0,181,181,3,0
714877654,NODE_B0CBD8F33218,wormhole_a,4,B4:BF:E9:34:ED:81,-63,0,181,181,3,0
714977659,NODE_B0CBD8F33218,wormhole_a,4,B4:BF:E9:34:ED:81,-63,0,181,181,3,0
715077666,NODE_B0CBD8F33218,wormhole_a,4,B4:BF:E9:34:ED:81,-63,0,181,181,3,0
715187654,NODE_B0CBD8F33218,wormhole_a,4,B4:BF:E9:34:ED:81,-63,0,181,181,3,0
715287666,NODE_B0CBD8F33218,wormhole_a,4,B4:BF:E9:34:ED:81,-62,0,181,181,3,0
715387656,NODE_B0CBD8F33218,wormhole_a,4,B4:BF:E9:34:ED:81,-62,0,181,181,3,0
715497654,NODE_B0CBD8F33218,wormhole_a,4,B4:BF:E9:34:ED:81,-62,0,181,181,3,0
715597666,NODE_B0CBD8F33218,wormhole_a,4,B4:BF:E9:34:ED:81,-62,0,181,181,3,0
715707654,NODE_B0CBD8F33218,wormhole_a,4,B4:BF:E9:34:ED:81,-62,0,181,181,3,0
715807656,NODE_B0CBD8F33218,wormhole_a,4,B4:BF:E9:34:ED:81,-62,0,181,181,3,0
715907654,NODE_B0CBD8F33218,wormhole_a,4,B4:BF:E9:34:ED:81,-62,0,181,181,3,0
716007666,NODE_B0CBD8F33218,wormhole_a,4,B4:BF:E9:34:ED:81,-62,0,181,181,3,0
716107656,NODE_B0CBD8F33218,wormhole_a,4,B4:BF:E9:34:ED:81,-62,0,181,181,3,0
716217656,NODE_B0CBD8F33218,wormhole_a,4,B4:BF:E9:34:ED:81,-62,0,181,181,3,0
716317668,NODE_B0CBD8F33218,wormhole_a,4,B4:BF:E9:34:ED:81,-62,0,181,181,3,0
716417657,NODE_B0CBD8F33218,wormhole_a,4,B4:BF:E9:34:ED:81,-62,0,181,181,3,0
716527660,NODE_B0CBD8F33218,wormhole_a,4,B4:BF:E9:34:ED:81,-62,0,181,181,3,0
716627662,NODE_B0CBD8F33218,wormhole_a,4,B4:BF:E9:34:ED:81,-62,0,181,181,3,0
716737654,NODE_B0CBD8F33218,wormhole_a,4,B4:BF:E9:34:ED:81,-62,0,181,181,3,0
716837656,NODE_B0CBD8F33218,wormhole_a,4,B4:BF:E9:34:ED:81,-62,0,181,181,3,0
716937658,NODE_B0CBD8F33218,wormhole_a,4,B4:BF:E9:34:ED:81,-62,0,181,181,3,0
717037658,NODE_B0CBD8F33218,wormhole_a,4,B4:BF:E9:34:ED:81,-62,0,181,181,3,0
717137667,NODE_B0CBD8F33218,wormhole_a,4,B4:BF:E9:34:ED:81,-62,0,181,181,3,0
717247656,NODE_B0CBD8F33218,wormhole_a,4,B4:BF:E9:34:ED:81,-62,0,181,181,3,0
717347666,NODE_B0CBD8F33218,wormhole_a,4,B4:BF:E9:34:ED:81,-62,0,181,181,3,0
717447654,NODE_B0CBD8F33218,wormhole_a,4,B4:BF:E9:34:ED:81,-62,0,181,181,3,0
717557659,NODE_B0CBD8F33218,wormhole_a,4,B4:BF:E9:34:ED:81,-62,0,181,181,3,0
717657662,NODE_B0CBD8F33218,wormhole_a,4,B4:BF:E9:34:ED:81,-62,0,181,181,3,0
717767654,NODE_B0CBD8F33218,wormhole_a,4,B4:BF:E9:34:ED:81,-62,0,181,181,3,0
717867654,NODE_B0CBD8F33218,wormhole_a,4,B4:BF:E9:34:ED:81,-62,0,181,181,3,0
717967660,NODE_B0CBD8F33218,wormhole_a,4,B4:BF:E9:34:ED:81,-62,0,181,181,3,0
718067658,NODE_B0CBD8F33218,wormhole_a,4,B4:BF:E9:34:ED:81,-62,0,181,181,3,0
718167654,NODE_B0CBD8F33218,wormhole_a,4,B4:BF:E9:34:ED:81,-62,0,181,181,3,0
718277655,NODE_B0CBD8F33218,wormhole_a,4,B4:BF:E9:34:ED:81,-62,0,181,181,3,0
718377666,NODE_B0CBD8F33218,wormhole_a,4,B4:BF:E9:34:ED:81,-62,0,181,181,3,0
718477654,NODE_B0CBD8F33218,wormhole_a,4,B4:BF:E9:34:ED:81,-62,0,181,181,3,0
718587658,NODE_B0CBD8F33218,wormhole_a,4,B4:BF:E9:34:ED:81,-62,0,181,181,3,0
718687838,NODE_B0CBD8F33218,wormhole_a,4,B4:BF:E9:34:ED:81,-62,0,181,181,3,0
718797654,NODE_B0CBD8F33218,wormhole_a,4,B4:BF:E9:34:ED:81,-62,0,181,181,3,0
718897654,NODE_B0CBD8F33218,wormhole_a,4,B4:BF:E9:34:ED:81,-62,0,181,181,3,0
718997659,NODE_B0CBD8F33218,wormhole_a,4,B4:BF:E9:34:ED:81,-62,0,181,181,3,0
719097670,NODE_B0CBD8F33218,wormhole_a,4,B4:BF:E9:34:ED:81,-62,0,181,181,3,0
719197654,NODE_B0CBD8F33218,wormhole_a,4,B4:BF:E9:34:ED:81,-62,0,181,181,3,0
719307654,NODE_B0CBD8F33218,wormhole_a,4,B4:BF:E9:34:ED:81,-62,0,181,181,3,0
719407668,NODE_B0CBD8F33218,wormhole_a,4,B4:BF:E9:34:ED:81,-62,0,181,181,3,0
719507654,NODE_B0CBD8F33218,wormhole_a,4,B4:BF:E9:34:ED:81,-62,0,181,181,3,0
719617660,NODE_B0CBD8F33218,wormhole_a,4,B4:BF:E9:34:ED:81,-62,0,181,181,3,0
719717665,NODE_B0CBD8F33218,wormhole_a,4,B4:BF:E9:34:ED:81,-62,0,181,181,3,0
719827656,NODE_B0CBD8F33218,wormhole_a,4,B4:BF:E9:34:ED:81,-62,0,181,181,3,0
719927658,NODE_B0CBD8F33218,wormhole_a,4,B4:BF:E9:34:ED:81,-62,0,181,181,3,0
720027658,NODE_B0CBD8F33218,wormhole_a,4,B4:BF:E9:34:ED:81,-62,0,181,181,3,0
720127656,NODE_B0CBD8F33218,wormhole_a,4,B4:BF:E9:34:ED:81,-62,0,181,181,3,0
720227654,NODE_B0CBD8F33218,wormhole_a,4,B4:BF:E9:34:ED:81,-62,0,181,181,3,0
720337654,NODE_B0CBD8F33218,wormhole_a,4,B4:BF:E9:34:ED:81,-62,0,181,181,3,0
720437667,NODE_B0CBD8F33218,wormhole_a,4,B4:BF:E9:34:ED:81,-63,0,181,181,3,0
720537658,NODE_B0CBD8F33218,wormhole_a,4,B4:BF:E9:34:ED:81,-63,0,181,181,3,0
720647654,NODE_B0CBD8F33218,wormhole_a,4,B4:BF:E9:34:ED:81,-63,0,181,181,3,0
720747662,NODE_B0CBD8F33218,wormhole_a,4,B4:BF:E9:34:ED:81,-63,0,181,181,3,0
720857656,NODE_B0CBD8F33218,wormhole_a,4,B4:BF:E9:34:ED:81,-63,0,181,181,3,0
720957658,NODE_B0CBD8F33218,wormhole_a,4,B4:BF:E9:34:ED:81,-63,0,181,181,3,0
721057670,NODE_B0CBD8F33218,wormhole_a,4,B4:BF:E9:34:ED:81,-63,0,181,181,3,0
721157656,NODE_B0CBD8F33218,wormhole_a,4,B4:BF:E9:34:ED:81,-63,0,181,181,3,0
721257654,NODE_B0CBD8F33218,wormhole_a,4,B4:BF:E9:34:ED:81,-63,0,181,181,3,0
721367662,NODE_B0CBD8F33218,wormhole_a,4,B4:BF:E9:34:ED:81,-63,0,181,181,3,0
721467666,NODE_B0CBD8F33218,wormhole_a,4,B4:BF:E9:34:ED:81,-62,0,181,181,3,0
721567660,NODE_B0CBD8F33218,wormhole_a,4,B4:BF:E9:34:ED:81,-62,0,181,181,3,0
721677662,NODE_B0CBD8F33218,wormhole_a,4,B4:BF:E9:34:ED:81,-62,0,181,181,3,0
721777654,NODE_B0CBD8F33218,wormhole_a,4,B4:BF:E9:34:ED:81,-62,0,181,181,3,0
721877656,NODE_B0CBD8F33218,wormhole_a,4,B4:BF:E9:34:ED:81,-62,0,181,181,3,0
721977654,NODE_B0CBD8F33218,wormhole_a,4,B4:BF:E9:34:ED:81,-62,0,181,181,3,0
722077658,NODE_B0CBD8F33218,wormhole_a,4,B4:BF:E9:34:ED:81,-62,0,181,181,3,0
722187654,NODE_B0CBD8F33218,wormhole_a,4,B4:BF:E9:34:ED:81,-62,0,181,181,3,0
722287656,NODE_B0CBD8F33218,wormhole_a,4,B4:BF:E9:34:ED:81,-62,0,181,181,3,0
722387662,NODE_B0CBD8F33218,wormhole_a,4,B4:BF:E9:34:ED:81,-62,0,181,181,3,0
722487666,NODE_B0CBD8F33218,wormhole_a,4,B4:BF:E9:34:ED:81,-62,0,181,181,3,0
722597659,NODE_B0CBD8F33218,wormhole_a,4,B4:BF:E9:34:ED:81,-62,0,181,181,3,0
722697654,NODE_B0CBD8F33218,wormhole_a,4,B4:BF:E9:34:ED:81,-62,0,181,181,3,0
722797662,NODE_B0CBD8F33218,wormhole_a,4,B4:BF:E9:34:ED:81,-62,0,181,181,3,0
722897659,NODE_B0CBD8F33218,wormhole_a,4,B4:BF:E9:34:ED:81,-62,0,181,181,3,0
722997654,NODE_B0CBD8F33218,wormhole_a,4,B4:BF:E9:34:ED:81,-62,0,181,181,3,0
723097670,NODE_B0CBD8F33218,wormhole_a,4,B4:BF:E9:34:ED:81,-62,0,181,181,3,0
723207654,NODE_B0CBD8F33218,wormhole_a,4,B4:BF:E9:34:ED:81,-62,0,181,181,3,0
723307656,NODE_B0CBD8F33218,wormhole_a,4,B4:BF:E9:34:ED:81,-62,0,181,181,3,0
723407654,NODE_B0CBD8F33218,wormhole_a,4,B4:BF:E9:34:ED:81,-62,0,181,181,3,0
723507666,NODE_B0CBD8F33218,wormhole_a,4,B4:BF:E9:34:ED:81,-63,0,181,181,3,0
723617661,NODE_B0CBD8F33218,wormhole_a,4,B4:BF:E9:34:ED:81,-63,0,181,181,3,0
723717656,NODE_B0CBD8F33218,wormhole_a,4,B4:BF:E9:34:ED:81,-63,0,181,181,3,0
723817664,NODE_B0CBD8F33218,wormhole_a,4,B4:BF:E9:34:ED:81,-63,0,181,181,3,0
723917661,NODE_B0CBD8F33218,wormhole_a,4,B4:BF:E9:34:ED:81,-63,0,181,181,3,0
724017656,NODE_B0CBD8F33218,wormhole_a,4,B4:BF:E9:34:ED:81,-63,0,181,181,3,0
724117660,NODE_B0CBD8F33218,wormhole_a,4,B4:BF:E9:34:ED:81,-63,0,181,181,3,0
724227654,NODE_B0CBD8F33218,wormhole_a,4,B4:BF:E9:34:ED:81,-63,0,181,181,3,0
724327656,NODE_B0CBD8F33218,wormhole_a,4,B4:BF:E9:34:ED:81,-63,0,181,181,3,0
724427654,NODE_B0CBD8F33218,wormhole_a,4,B4:BF:E9:34:ED:81,-63,0,181,181,3,0
724527666,NODE_B0CBD8F33218,wormhole_a,4,B4:BF:E9:34:ED:81,-62,0,181,181,3,0
724637656,NODE_B0CBD8F33218,wormhole_a,4,B4:BF:E9:34:ED:81,-62,0,181,181,3,0
724737654,NODE_B0CBD8F33218,wormhole_a,4,B4:BF:E9:34:ED:81,-62,0,181,181,3,0
724837662,NODE_B0CBD8F33218,wormhole_a,4,B4:BF:E9:34:ED:81,-62,0,181,181,3,0
724937656,NODE_B0CBD8F33218,wormhole_a,4,B4:BF:E9:34:ED:81,-62,0,181,181,3,0
725037658,NODE_B0CBD8F33218,wormhole_a,4,B4:BF:E9:34:ED:81,-62,0,181,181,3,0
725137670,NODE_B0CBD8F33218,wormhole_a,4,B4:BF:E9:34:ED:81,-62,0,181,181,3,0
725247654,NODE_B0CBD8F33218,wormhole_a,4,B4:BF:E9:34:ED:81,-62,0,181,181,3,0
725347656,NODE_B0CBD8F33218,wormhole_a,4,B4:BF:E9:34:ED:81,-62,0,181,181,3,0
725447654,NODE_B0CBD8F33218,wormhole_a,4,B4:BF:E9:34:ED:81,-62,0,181,181,3,0
725547666,NODE_B0CBD8F33218,wormhole_a,4,B4:BF:E9:34:ED:81,-62,0,181,181,3,0
725657655,NODE_B0CBD8F33218,wormhole_a,4,B4:BF:E9:34:ED:81,-62,0,181,181,3,0
725757654,NODE_B0CBD8F33218,wormhole_a,4,B4:BF:E9:34:ED:81,-62,0,181,181,3,0
725857662,NODE_B0CBD8F33218,wormhole_a,4,B4:BF:E9:34:ED:81,-62,0,181,181,3,0
725957659,NODE_B0CBD8F33218,wormhole_a,4,B4:BF:E9:34:ED:81,-62,0,181,181,3,0
726057654,NODE_B0CBD8F33218,wormhole_a,4,B4:BF:E9:34:ED:81,-62,0,181,181,3,0
726157658,NODE_B0CBD8F33218,wormhole_a,4,B4:BF:E9:34:ED:81,-62,0,181,181,3,0
726267654,NODE_B0CBD8F33218,wormhole_a,4,B4:BF:E9:34:ED:81,-62,0,181,181,3,0
726367656,NODE_B0CBD8F33218,wormhole_a,4,B4:BF:E9:34:ED:81,-62,0,181,181,3,0
726467654,NODE_B0CBD8F33218,wormhole_a,4,B4:BF:E9:34:ED:81,-62,0,181,181,3,0
726567666,NODE_B0CBD8F33218,wormhole_a,4,B4:BF:E9:34:ED:81,-63,0,181,181,3,0
726677656,NODE_B0CBD8F33218,wormhole_a,4,B4:BF:E9:34:ED:81,-63,0,181,181,3,0
726777654,NODE_B0CBD8F33218,wormhole_a,4,B4:BF:E9:34:ED:81,-63,0,181,181,3,0
726877662,NODE_B0CBD8F33218,wormhole_a,4,B4:BF:E9:34:ED:81,-63,0,181,181,3,0
726977659,NODE_B0CBD8F33218,wormhole_a,4,B4:BF:E9:34:ED:81,-63,0,181,181,3,0
727077666,NODE_B0CBD8F33218,wormhole_a,4,B4:BF:E9:34:ED:81,-63,0,181,181,3,0
727177658,NODE_B0CBD8F33218,wormhole_a,4,B4:BF:E9:34:ED:81,-63,0,181,181,3,0
727287654,NODE_B0CBD8F33218,wormhole_a,4,B4:BF:E9:34:ED:81,-63,0,181,181,3,0
727387656,NODE_B0CBD8F33218,wormhole_a,4,B4:BF:E9:34:ED:81,-63,0,181,181,3,0
727487654,NODE_B0CBD8F33218,wormhole_a,4,B4:BF:E9:34:ED:81,-63,0,181,181,3,0
727587666,NODE_B0CBD8F33218,wormhole_a,4,B4:BF:E9:34:ED:81,-62,0,181,181,3,0
727697656,NODE_B0CBD8F33218,wormhole_a,4,B4:BF:E9:34:ED:81,-62,0,181,181,3,0
727797654,NODE_B0CBD8F33218,wormhole_a,4,B4:BF:E9:34:ED:81,-62,0,181,181,3,0
727897662,NODE_B0CBD8F33218,wormhole_a,4,B4:BF:E9:34:ED:81,-62,0,181,181,3,0
727997659,NODE_B0CBD8F33218,wormhole_a,4,B4:BF:E9:34:ED:81,-62,0,181,181,3,0
728097690,NODE_B0CBD8F33218,wormhole_a,4,B4:BF:E9:34:ED:81,-62,0,181,181,3,0
728197658,NODE_B0CBD8F33218,wormhole_a,4,B4:BF:E9:34:ED:81,-62,0,181,181,3,0
728307654,NODE_B0CBD8F33218,wormhole_a,4,B4:BF:E9:34:ED:81,-62,0,181,181,3,0
728407656,NODE_B0CBD8F33218,wormhole_a,4,B4:BF:E9:34:ED:81,-62,0,181,181,3,0
728507654,NODE_B0CBD8F33218,wormhole_a,4,B4:BF:E9:34:ED:81,-62,0,181,181,3,0
728607666,NODE_B0CBD8F33218,wormhole_a,4,B4:BF:E9:34:ED:81,-63,0,181,181,3,0
728717657,NODE_B0CBD8F33218,wormhole_a,4,B4:BF:E9:34:ED:81,-63,0,181,181,3,0
728817656,NODE_B0CBD8F33218,wormhole_a,4,B4:BF:E9:34:ED:81,-63,0,181,181,3,0
728917668,NODE_B0CBD8F33218,wormhole_a,4,B4:BF:E9:34:ED:81,-63,0,181,181,3,0
729017657,NODE_B0CBD8F33218,wormhole_a,4,B4:BF:E9:34:ED:81,-63,0,181,181,3,0
729117672,NODE_B0CBD8F33218,wormhole_a,4,B4:BF:E9:34:ED:81,-63,0,181,181,3,0
729217656,NODE_B0CBD8F33218,wormhole_a,4,B4:BF:E9:34:ED:81,-63,0,181,181,3,0
729327654,NODE_B0CBD8F33218,wormhole_a,4,B4:BF:E9:34:ED:81,-63,0,181,181,3,0
729427656,NODE_B0CBD8F33218,wormhole_a,4,B4:BF:E9:34:ED:81,-63,0,181,181,3,0
729537661,NODE_B0CBD8F33218,wormhole_a,4,B4:BF:E9:34:ED:81,-63,0,181,181,3,0
729637666,NODE_B0CBD8F33218,wormhole_a,4,B4:BF:E9:34:ED:81,-63,0,181,181,3,0
729737656,NODE_B0CBD8F33218,wormhole_a,4,B4:BF:E9:34:ED:81,-63,0,181,181,3,0
729847656,NODE_B0CBD8F33218,wormhole_a,4,B4:BF:E9:34:ED:81,-63,0,181,181,3,0
729947666,NODE_B0CBD8F33218,wormhole_a,4,B4:BF:E9:34:ED:81,-63,0,181,181,3,0
730057654,NODE_B0CBD8F33218,wormhole_a,4,B4:BF:E9:34:ED:81,-63,0,181,181,3,0
730157659,NODE_B0CBD8F33218,wormhole_a,4,B4:BF:E9:34:ED:81,-63,0,181,181,3,0
730257654,NODE_B0CBD8F33218,wormhole_a,4,B4:BF:E9:34:ED:81,-63,0,181,181,3,0
730357654,NODE_B0CBD8F33218,wormhole_a,4,B4:BF:E9:34:ED:81,-63,0,181,181,3,0
730457656,NODE_B0CBD8F33218,wormhole_a,4,B4:BF:E9:34:ED:81,-63,0,181,181,3,0
730567660,NODE_B0CBD8F33218,wormhole_a,4,B4:BF:E9:34:ED:81,-63,0,181,181,3,0
730667666,NODE_B0CBD8F33218,wormhole_a,4,B4:BF:E9:34:ED:81,-63,0,181,181,3,0
730767654,NODE_B0CBD8F33218,wormhole_a,4,B4:BF:E9:34:ED:81,-63,0,181,181,3,0
730877656,NODE_B0CBD8F33218,wormhole_a,4,B4:BF:E9:34:ED:81,-63,0,181,181,3,0
730977662,NODE_B0CBD8F33218,wormhole_a,4,B4:BF:E9:34:ED:81,-63,0,181,181,3,0
731087670,NODE_B0CBD8F33218,wormhole_a,4,B4:BF:E9:34:ED:81,-63,0,181,181,3,0
731187658,NODE_B0CBD8F33218,wormhole_a,4,B4:BF:E9:34:ED:81,-63,0,181,181,3,0
731287656,NODE_B0CBD8F33218,wormhole_a,4,B4:BF:E9:34:ED:81,-63,0,181,181,3,0
731387654,NODE_B0CBD8F33218,wormhole_a,4,B4:BF:E9:34:ED:81,-63,0,181,181,3,0
731487707,NODE_B0CBD8F33218,wormhole_a,4,B4:BF:E9:34:ED:81,-63,0,181,181,3,0
731597667,NODE_B0CBD8F33218,wormhole_a,4,B4:BF:E9:34:ED:81,-63,0,181,181,3,0
731697666,NODE_B0CBD8F33218,wormhole_a,4,B4:BF:E9:34:ED:81,-63,0,181,181,3,0
731797654,NODE_B0CBD8F33218,wormhole_a,4,B4:BF:E9:34:ED:81,-63,0,181,181,3,0
731907666,NODE_B0CBD8F33218,wormhole_a,4,B4:BF:E9:34:ED:81,-63,0,181,181,3,0
732007656,NODE_B0CBD8F33218,wormhole_a,4,B4:BF:E9:34:ED:81,-63,0,181,181,3,0
732117664,NODE_B0CBD8F33218,wormhole_a,4,B4:BF:E9:34:ED:81,-63,0,181,181,3,0
732217660,NODE_B0CBD8F33218,wormhole_a,4,B4:BF:E9:34:ED:81,-63,0,181,181,3,0
732317657,NODE_B0CBD8F33218,wormhole_a,4,B4:BF:E9:34:ED:81,-63,0,181,181,3,0
732417656,NODE_B0CBD8F33218,wormhole_a,4,B4:BF:E9:34:ED:81,-63,0,181,181,3,0
732517660,NODE_B0CBD8F33218,wormhole_a,4,B4:BF:E9:34:ED:81,-63,0,181,181,3,0
732627654,NODE_B0CBD8F33218,wormhole_a,4,B4:BF:E9:34:ED:81,-63,0,181,181,3,0
732727668,NODE_B0CBD8F33218,wormhole_a,4,B4:BF:E9:34:ED:81,-63,0,181,181,3,0
732827654,NODE_B0CBD8F33218,wormhole_a,4,B4:BF:E9:34:ED:81,-63,0,181,181,3,0
732937658,NODE_B0CBD8F33218,wormhole_a,4,B4:BF:E9:34:ED:81,-63,0,181,181,3,0
733037656,NODE_B0CBD8F33218,wormhole_a,4,B4:BF:E9:34:ED:81,-63,0,181,181,3,0
733147679,NODE_B0CBD8F33218,wormhole_a,4,B4:BF:E9:34:ED:81,-63,0,181,181,3,0
733247654,NODE_B0CBD8F33218,wormhole_a,4,B4:BF:E9:34:ED:81,-63,0,181,181,3,0
733347654,NODE_B0CBD8F33218,wormhole_a,4,B4:BF:E9:34:ED:81,-63,0,181,181,3,0
733447656,NODE_B0CBD8F33218,wormhole_a,4,B4:BF:E9:34:ED:81,-63,0,181,181,3,0
733547658,NODE_B0CBD8F33218,wormhole_a,4,B4:BF:E9:34:ED:81,-63,0,181,181,3,0
733657662,NODE_B0CBD8F33218,wormhole_a,4,B4:BF:E9:34:ED:81,-63,0,181,181,3,0
733757667,NODE_B0CBD8F33218,wormhole_a,4,B4:BF:E9:34:ED:81,-63,0,181,181,3,0
733857654,NODE_B0CBD8F33218,wormhole_a,4,B4:BF:E9:34:ED:81,-63,0,181,181,3,0
733967658,NODE_B0CBD8F33218,wormhole_a,4,B4:BF:E9:34:ED:81,-63,0,181,181,3,0
734067654,NODE_B0CBD8F33218,wormhole_a,4,B4:BF:E9:34:ED:81,-63,0,181,181,3,0
734177667,NODE_B0CBD8F33218,wormhole_a,4,B4:BF:E9:34:ED:81,-63,0,181,181,3,0
734277654,NODE_B0CBD8F33218,wormhole_a,4,B4:BF:E9:34:ED:81,-63,0,181,181,3,0
734377654,NODE_B0CBD8F33218,wormhole_a,4,B4:BF:E9:34:ED:81,-63,0,181,181,3,0
734477655,NODE_B0CBD8F33218,wormhole_a,4,B4:BF:E9:34:ED:81,-63,0,181,181,3,0
734577658,NODE_B0CBD8F33218,wormhole_a,4,B4:BF:E9:34:ED:81,-63,0,181,181,3,0
734687666,NODE_B0CBD8F33218,wormhole_a,4,B4:BF:E9:34:ED:81,-62,0,181,181,3,0
734787662,NODE_B0CBD8F33218,wormhole_a,4,B4:BF:E9:34:ED:81,-62,0,181,181,3,0
734887939,NODE_B0CBD8F33218,wormhole_a,4,B4:BF:E9:34:ED:81,-62,0,181,181,3,0
734997654,NODE_B0CBD8F33218,wormhole_a,4,B4:BF:E9:34:ED:81,-62,0,181,181,3,0
735097666,NODE_B0CBD8F33218,wormhole_a,4,B4:BF:E9:34:ED:81,-62,0,181,181,3,0
735207666,NODE_B0CBD8F33218,wormhole_a,4,B4:BF:E9:34:ED:81,-62,0,181,181,3,0
735307656,NODE_B0CBD8F33218,wormhole_a,4,B4:BF:E9:34:ED:81,-62,0,181,181,3,0
735407654,NODE_B0CBD8F33218,wormhole_a,4,B4:BF:E9:34:ED:81,-62,0,181,181,3,0
735507654,NODE_B0CBD8F33218,wormhole_a,4,B4:BF:E9:34:ED:81,-62,0,181,181,3,0
735607660,NODE_B0CBD8F33218,wormhole_a,4,B4:BF:E9:34:ED:81,-62,0,181,181,3,0
735717668,NODE_B0CBD8F33218,wormhole_a,4,B4:BF:E9:34:ED:81,-63,0,181,181,3,0
735817664,NODE_B0CBD8F33218,wormhole_a,4,B4:BF:E9:34:ED:81,-63,0,181,181,3,0
735917661,NODE_B0CBD8F33218,wormhole_a,4,B4:BF:E9:34:ED:81,-63,0,181,181,3,0
736027656,NODE_B0CBD8F33218,wormhole_a,4,B4:BF:E9:34:ED:81,-63,0,181,181,3,0
736127654,NODE_B0CBD8F33218,wormhole_a,4,B4:BF:E9:34:ED:81,-63,0,181,181,3,0
736237666,NODE_B0CBD8F33218,wormhole_a,4,B4:BF:E9:34:ED:81,-63,0,181,181,3,0
736337656,NODE_B0CBD8F33218,wormhole_a,4,B4:BF:E9:34:ED:81,-63,0,181,181,3,0
736437654,NODE_B0CBD8F33218,wormhole_a,4,B4:BF:E9:34:ED:81,-63,0,181,181,3,0
736537658,NODE_B0CBD8F33218,wormhole_a,4,B4:BF:E9:34:ED:81,-63,0,181,181,3,0
736637656,NODE_B0CBD8F33218,wormhole_a,4,B4:BF:E9:34:ED:81,-63,0,181,181,3,0
736747668,NODE_B0CBD8F33218,wormhole_a,4,B4:BF:E9:34:ED:81,-63,0,181,181,3,0
736847654,NODE_B0CBD8F33218,wormhole_a,4,B4:BF:E9:34:ED:81,-63,0,181,181,3,0
736957654,NODE_B0CBD8F33218,wormhole_a,4,B4:BF:E9:34:ED:81,-63,0,181,181,3,0
737057679,NODE_B0CBD8F33218,wormhole_a,4,B4:BF:E9:34:ED:81,-63,0,181,181,3,0
737157654,NODE_B0CBD8F33218,wormhole_a,4,B4:BF:E9:34:ED:81,-63,0,181,181,3,0
737257658,NODE_B0CBD8F33218,wormhole_a,4,B4:BF:E9:34:ED:81,-63,0,181,181,3,0
737357656,NODE_B0CBD8F33218,wormhole_a,4,B4:BF:E9:34:ED:81,-63,0,181,181,3,0
737457654,NODE_B0CBD8F33218,wormhole_a,4,B4:BF:E9:34:ED:81,-63,0,181,181,3,0
737567658,NODE_B0CBD8F33218,wormhole_a,4,B4:BF:E9:34:ED:81,-63,0,181,181,3,0
737667654,NODE_B0CBD8F33218,wormhole_a,4,B4:BF:E9:34:ED:81,-63,0,181,181,3,0
737767668,NODE_B0CBD8F33218,wormhole_a,4,B4:BF:E9:34:ED:81,-62,0,181,181,3,0
737867654,NODE_B0CBD8F33218,wormhole_a,4,B4:BF:E9:34:ED:81,-62,0,181,181,3,0
737977658,NODE_B0CBD8F33218,wormhole_a,4,B4:BF:E9:34:ED:81,-62,0,181,181,3,0
738077663,NODE_B0CBD8F33218,wormhole_a,4,B4:BF:E9:34:ED:81,-62,0,181,181,3,0
738177654,NODE_B0CBD8F33218,wormhole_a,4,B4:BF:E9:34:ED:81,-62,0,181,181,3,0
738277658,NODE_B0CBD8F33218,wormhole_a,4,B4:BF:E9:34:ED:81,-62,0,181,181,3,0
738377656,NODE_B0CBD8F33218,wormhole_a,4,B4:BF:E9:34:ED:81,-62,0,181,181,3,0
738477654,NODE_B0CBD8F33218,wormhole_a,4,B4:BF:E9:34:ED:81,-62,0,181,181,3,0
738587658,NODE_B0CBD8F33218,wormhole_a,4,B4:BF:E9:34:ED:81,-62,0,181,181,3,0
738687654,NODE_B0CBD8F33218,wormhole_a,4,B4:BF:E9:34:ED:81,-62,0,181,181,3,0
738787668,NODE_B0CBD8F33218,wormhole_a,4,B4:BF:E9:34:ED:81,-62,0,181,181,3,0
738887662,NODE_B0CBD8F33218,wormhole_a,4,B4:BF:E9:34:ED:81,-62,0,181,181,3,0
738997658,NODE_B0CBD8F33218,wormhole_a,4,B4:BF:E9:34:ED:81,-62,0,181,181,3,0
739097675,NODE_B0CBD8F33218,wormhole_a,4,B4:BF:E9:34:ED:81,-62,0,181,181,3,0
739197658,NODE_B0CBD8F33218,wormhole_a,4,B4:BF:E9:34:ED:81,-62,0,181,181,3,0
739297654,NODE_B0CBD8F33218,wormhole_a,4,B4:BF:E9:34:ED:81,-62,0,181,181,3,0
739397656,NODE_B0CBD8F33218,wormhole_a,4,B4:BF:E9:34:ED:81,-62,0,181,181,3,0
739497654,NODE_B0CBD8F33218,wormhole_a,4,B4:BF:E9:34:ED:81,-62,0,181,181,3,0
739607658,NODE_B0CBD8F33218,wormhole_a,4,B4:BF:E9:34:ED:81,-62,0,181,181,3,0
739707654,NODE_B0CBD8F33218,wormhole_a,4,B4:BF:E9:34:ED:81,-62,0,181,181,3,0
739807668,NODE_B0CBD8F33218,wormhole_a,4,B4:BF:E9:34:ED:81,-63,0,181,181,3,0
739907662,NODE_B0CBD8F33218,wormhole_a,4,B4:BF:E9:34:ED:81,-63,0,181,181,3,0
740017660,NODE_B0CBD8F33218,wormhole_a,4,B4:BF:E9:34:ED:81,-63,0,181,181,3,0
740117665,NODE_B0CBD8F33218,wormhole_a,4,B4:BF:E9:34:ED:81,-63,0,181,181,3,0
740217660,NODE_B0CBD8F33218,wormhole_a,4,B4:BF:E9:34:ED:81,-63,0,181,181,3,0
740317656,NODE_B0CBD8F33218,wormhole_a,4,B4:BF:E9:34:ED:81,-63,0,181,181,3,0
740417657,NODE_B0CBD8F33218,wormhole_a,4,B4:BF:E9:34:ED:81,-63,0,181,181,3,0
740517660,NODE_B0CBD8F33218,wormhole_a,4,B4:BF:E9:34:ED:81,-63,0,181,181,3,0
740627654,NODE_B0CBD8F33218,wormhole_a,4,B4:BF:E9:34:ED:81,-63,0,181,181,3,0
740727654,NODE_B0CBD8F33218,wormhole_a,4,B4:BF:E9:34:ED:81,-63,0,181,181,3,0
740827668,NODE_B0CBD8F33218,wormhole_a,4,B4:BF:E9:34:ED:81,-63,0,181,181,3,0
740927666,NODE_B0CBD8F33218,wormhole_a,4,B4:BF:E9:34:ED:81,-63,0,181,181,3,0
741037654,NODE_B0CBD8F33218,wormhole_a,4,B4:BF:E9:34:ED:81,-63,0,181,181,3,0
741137675,NODE_B0CBD8F33218,wormhole_a,4,B4:BF:E9:34:ED:81,-63,0,181,181,3,0
741237658,NODE_B0CBD8F33218,wormhole_a,4,B4:BF:E9:34:ED:81,-63,0,181,181,3,0
741337654,NODE_B0CBD8F33218,wormhole_a,4,B4:BF:E9:34:ED:81,-63,0,181,181,3,0
741437656,NODE_B0CBD8F33218,wormhole_a,4,B4:BF:E9:34:ED:81,-63,0,181,181,3,0
741537658,NODE_B0CBD8F33218,wormhole_a,4,B4:BF:E9:34:ED:81,-63,0,181,181,3,0
741647654,NODE_B0CBD8F33218,wormhole_a,4,B4:BF:E9:34:ED:81,-63,0,181,181,3,0
741747654,NODE_B0CBD8F33218,wormhole_a,4,B4:BF:E9:34:ED:81,-63,0,181,181,3,0
741847664,NODE_B0CBD8F33218,wormhole_a,4,B4:BF:E9:34:ED:81,-63,0,181,181,3,0
741947666,NODE_B0CBD8F33218,wormhole_a,4,B4:BF:E9:34:ED:81,-62,0,181,181,3,0
742057654,NODE_B0CBD8F33218,wormhole_a,4,B4:BF:E9:34:ED:81,-62,0,181,181,3,0
742157663,NODE_B0CBD8F33218,wormhole_a,4,B4:BF:E9:34:ED:81,-62,0,181,181,3,0
742257658,NODE_B0CBD8F33218,wormhole_a,4,B4:BF:E9:34:ED:81,-62,0,181,181,3,0
742357654,NODE_B0CBD8F33218,wormhole_a,4,B4:BF:E9:34:ED:81,-62,0,181,181,3,0
742457656,NODE_B0CBD8F33218,wormhole_a,4,B4:BF:E9:34:ED:81,-62,0,181,181,3,0
742557658,NODE_B0CBD8F33218,wormhole_a,4,B4:BF:E9:34:ED:81,-62,0,181,181,3,0
742667654,NODE_B0CBD8F33218,wormhole_a,4,B4:BF:E9:34:ED:81,-62,0,181,181,3,0
742767654,NODE_B0CBD8F33218,wormhole_a,4,B4:BF:E9:34:ED:81,-62,0,181,181,3,0
742867664,NODE_B0CBD8F33218,wormhole_a,4,B4:BF:E9:34:ED:81,-62,0,181,181,3,0
742967666,NODE_B0CBD8F33218,wormhole_a,4,B4:BF:E9:34:ED:81,-63,0,181,181,3,0
743077670,NODE_B0CBD8F33218,wormhole_a,4,B4:BF:E9:34:ED:81,-63,0,181,181,3,0
743177655,NODE_B0CBD8F33218,wormhole_a,4,B4:BF:E9:34:ED:81,-63,0,181,181,3,0
743277666,NODE_B0CBD8F33218,wormhole_a,4,B4:BF:E9:34:ED:81,-63,0,181,181,3,0
743377654,NODE_B0CBD8F33218,wormhole_a,4,B4:BF:E9:34:ED:81,-63,0,181,181,3,0
743477656,NODE_B0CBD8F33218,wormhole_a,4,B4:BF:E9:34:ED:81,-63,0,181,181,3,0
743577658,NODE_B0CBD8F33218,wormhole_a,4,B4:BF:E9:34:ED:81,-63,0,181,181,3,0
743687654,NODE_B0CBD8F33218,wormhole_a,4,B4:BF:E9:34:ED:81,-63,0,181,181,3,0
743787654,NODE_B0CBD8F33218,wormhole_a,4,B4:BF:E9:34:ED:81,-63,0,181,181,3,0
743887656,NODE_B0CBD8F33218,wormhole_a,4,B4:BF:E9:34:ED:81,-63,0,181,181,3,0
743987666,NODE_B0CBD8F33218,wormhole_a,4,B4:BF:E9:34:ED:81,-63,0,181,181,3,0
744097654,NODE_B0CBD8F33218,wormhole_a,4,B4:BF:E9:34:ED:81,-63,0,181,181,3,0
744197656,NODE_B0CBD8F33218,wormhole_a,4,B4:BF:E9:34:ED:81,-63,0,181,181,3,0
744297666,NODE_B0CBD8F33218,wormhole_a,4,B4:BF:E9:34:ED:81,-63,0,181,181,3,0
744407654,NODE_B0CBD8F33218,wormhole_a,4,B4:BF:E9:34:ED:81,-63,0,181,181,3,0
744507654,NODE_B0CBD8F33218,wormhole_a,4,B4:BF:E9:34:ED:81,-63,0,181,181,3,0
744607660,NODE_B0CBD8F33218,wormhole_a,4,B4:BF:E9:34:ED:81,-63,0,181,181,3,0
744707654,NODE_B0CBD8F33218,wormhole_a,4,B4:BF:E9:34:ED:81,-63,0,181,181,3,0
744807654,NODE_B0CBD8F33218,wormhole_a,4,B4:BF:E9:34:ED:81,-63,0,181,181,3,0
744917669,NODE_B0CBD8F33218,wormhole_a,4,B4:BF:E9:34:ED:81,-63,0,181,181,3,0
745017668,NODE_B0CBD8F33218,wormhole_a,4,B4:BF:E9:34:ED:81,-63,0,181,181,3,0
745117668,NODE_B0CBD8F33218,wormhole_a,4,B4:BF:E9:34:ED:81,-63,0,181,181,3,0
745227654,NODE_B0CBD8F33218,wormhole_a,4,B4:BF:E9:34:ED:81,-63,0,181,181,3,0
745327664,NODE_B0CBD8F33218,wormhole_a,4,B4:BF:E9:34:ED:81,-63,0,181,181,3,0
745437654,NODE_B0CBD8F33218,wormhole_a,4,B4:BF:E9:34:ED:81,-63,0,181,181,3,0
745537658,NODE_B0CBD8F33218,wormhole_a,4,B4:BF:E9:34:ED:81,-63,0,181,181,3,0
745637655,NODE_B0CBD8F33218,wormhole_a,4,B4:BF:E9:34:ED:81,-63,0,181,181,3,0
745737654,NODE_B0CBD8F33218,wormhole_a,4,B4:BF:E9:34:ED:81,-63,0,181,181,3,0
745837654,NODE_B0CBD8F33218,wormhole_a,4,B4:BF:E9:34:ED:81,-63,0,181,181,3,0
745947666,NODE_B0CBD8F33218,wormhole_a,4,B4:BF:E9:34:ED:81,-63,0,181,181,3,0
746048050,NODE_B0CBD8F33218,wormhole_a,4,B4:BF:E9:34:ED:81,-62,0,181,181,3,0
746147654,NODE_B0CBD8F33218,wormhole_a,4,B4:BF:E9:34:ED:81,-62,0,181,181,3,0
746257662,NODE_B0CBD8F33218,wormhole_a,4,B4:BF:E9:34:ED:81,-62,0,181,181,3,0
746357659,NODE_B0CBD8F33218,wormhole_a,4,B4:BF:E9:34:ED:81,-62,0,181,181,3,0
746467656,NODE_B0CBD8F33218,wormhole_a,4,B4:BF:E9:34:ED:81,-62,0,181,181,3,0
746567658,NODE_B0CBD8F33218,wormhole_a,4,B4:BF:E9:34:ED:81,-62,0,181,181,3,0
746667654,NODE_B0CBD8F33218,wormhole_a,4,B4:BF:E9:34:ED:81,-62,0,181,181,3,0
746767656,NODE_B0CBD8F33218,wormhole_a,4,B4:BF:E9:34:ED:81,-62,0,181,181,3,0
746867654,NODE_B0CBD8F33218,wormhole_a,4,B4:BF:E9:34:ED:81,-62,0,181,181,3,0
746977713,NODE_B0CBD8F33218,wormhole_a,4,B4:BF:E9:34:ED:81,-63,0,181,181,3,0
747077667,NODE_B0CBD8F33218,wormhole_a,4,B4:BF:E9:34:ED:81,-63,0,181,181,3,0
747177654,NODE_B0CBD8F33218,wormhole_a,4,B4:BF:E9:34:ED:81,-63,0,181,181,3,0
747287666,NODE_B0CBD8F33218,wormhole_a,4,B4:BF:E9:34:ED:81,-63,0,181,181,3,0
747387654,NODE_B0CBD8F33218,wormhole_a,4,B4:BF:E9:34:ED:81,-63,0,181,181,3,0
747497656,NODE_B0CBD8F33218,wormhole_a,4,B4:BF:E9:34:ED:81,-63,0,181,181,3,0
747597658,NODE_B0CBD8F33218,wormhole_a,4,B4:BF:E9:34:ED:81,-63,0,181,181,3,0
747697654,NODE_B0CBD8F33218,wormhole_a,4,B4:BF:E9:34:ED:81,-63,0,181,181,3,0
747797656,NODE_B0CBD8F33218,wormhole_a,4,B4:BF:E9:34:ED:81,-63,0,181,181,3,0
747897654,NODE_B0CBD8F33218,wormhole_a,4,B4:BF:E9:34:ED:81,-63,0,181,181,3,0
748007666,NODE_B0CBD8F33218,wormhole_a,4,B4:BF:E9:34:ED:81,-62,0,181,181,3,0
748107662,NODE_B0CBD8F33218,wormhole_a,4,B4:BF:E9:34:ED:81,-62,0,181,181,3,0
748207656,NODE_B0CBD8F33218,wormhole_a,4,B4:BF:E9:34:ED:81,-62,0,181,181,3,0
748317668,NODE_B0CBD8F33218,wormhole_a,4,B4:BF:E9:34:ED:81,-62,0,181,181,3,0
748417656,NODE_B0CBD8F33218,wormhole_a,4,B4:BF:E9:34:ED:81,-62,0,181,181,3,0
748527658,NODE_B0CBD8F33218,wormhole_a,4,B4:BF:E9:34:ED:81,-62,0,181,181,3,0
748627656,NODE_B0CBD8F33218,wormhole_a,4,B4:BF:E9:34:ED:81,-62,0,181,181,3,0
748727654,NODE_B0CBD8F33218,wormhole_a,4,B4:BF:E9:34:ED:81,-62,0,181,181,3,0
748827654,NODE_B0CBD8F33218,wormhole_a,4,B4:BF:E9:34:ED:81,-62,0,181,181,3,0
748927656,NODE_B0CBD8F33218,wormhole_a,4,B4:BF:E9:34:ED:81,-62,0,181,181,3,0
749037666,NODE_B0CBD8F33218,wormhole_a,4,B4:BF:E9:34:ED:81,-63,0,181,181,3,0
749137666,NODE_B0CBD8F33218,wormhole_a,4,B4:BF:E9:34:ED:81,-63,0,181,181,3,0
749237656,NODE_B0CBD8F33218,wormhole_a,4,B4:BF:E9:34:ED:81,-63,0,181,181,3,0
749347668,NODE_B0CBD8F33218,wormhole_a,4,B4:BF:E9:34:ED:81,-63,0,181,181,3,0
749447654,NODE_B0CBD8F33218,wormhole_a,4,B4:BF:E9:34:ED:81,-63,0,181,181,3,0
749557658,NODE_B0CBD8F33218,wormhole_a,4,B4:BF:E9:34:ED:81,-63,0,181,181,3,0
749657656,NODE_B0CBD8F33218,wormhole_a,4,B4:BF:E9:34:ED:81,-63,0,181,181,3,0
749757654,NODE_B0CBD8F33218,wormhole_a,4,B4:BF:E9:34:ED:81,-63,0,181,181,3,0
749857654,NODE_B0CBD8F33218,wormhole_a,4,B4:BF:E9:34:ED:81,-63,0,181,181,3,0
749957663,NODE_B0CBD8F33218,wormhole_a,4,B4:BF:E9:34:ED:81,-63,0,181,181,3,0
750067668,NODE_B0CBD8F33218,wormhole_a,4,B4:BF:E9:34:ED:81,-63,0,181,181,3,0
750167654,NODE_B0CBD8F33218,wormhole_a,4,B4:BF:E9:34:ED:81,-63,0,181,181,3,0
750267654,NODE_B0CBD8F33218,wormhole_a,4,B4:BF:E9:34:ED:81,-63,0,181,181,3,0
750377663,NODE_B0CBD8F33218,wormhole_a,4,B4:BF:E9:34:ED:81,-63,0,181,181,3,0
750477658,NODE_B0CBD8F33218,wormhole_a,4,B4:BF:E9:34:ED:81,-63,0,181,181,3,0
750587658,NODE_B0CBD8F33218,wormhole_a,4,B4:BF:E9:34:ED:81,-63,0,181,181,3,0
750687654,NODE_B0CBD8F33218,wormhole_a,4,B4:BF:E9:34:ED:81,-63,0,181,181,3,0
750787656,NODE_B0CBD8F33218,wormhole_a,4,B4:BF:E9:34:ED:81,-63,0,181,181,3,0
750887654,NODE_B0CBD8F33218,wormhole_a,4,B4:BF:E9:34:ED:81,-63,0,181,181,3,0
750987658,NODE_B0CBD8F33218,wormhole_a,4,B4:BF:E9:34:ED:81,-63,0,181,181,3,0
751097671,NODE_B0CBD8F33218,wormhole_a,4,B4:BF:E9:34:ED:81,-63,0,181,181,3,0
751197654,NODE_B0CBD8F33218,wormhole_a,4,B4:BF:E9:34:ED:81,-63,0,181,181,3,0
751297654,NODE_B0CBD8F33218,wormhole_a,4,B4:BF:E9:34:ED:81,-63,0,181,181,3,0
751407666,NODE_B0CBD8F33218,wormhole_a,4,B4:BF:E9:34:ED:81,-63,0,181,181,3,0
751507656,NODE_B0CBD8F33218,wormhole_a,4,B4:BF:E9:34:ED:81,-63,0,181,181,3,0
751617660,NODE_B0CBD8F33218,wormhole_a,4,B4:BF:E9:34:ED:81,-63,0,181,181,3,0
751717656,NODE_B0CBD8F33218,wormhole_a,4,B4:BF:E9:34:ED:81,-63,0,181,181,3,0
751817657,NODE_B0CBD8F33218,wormhole_a,4,B4:BF:E9:34:ED:81,-63,0,181,181,3,0
751917656,NODE_B0CBD8F33218,wormhole_a,4,B4:BF:E9:34:ED:81,-63,0,181,181,3,0
752017660,NODE_B0CBD8F33218,wormhole_a,4,B4:BF:E9:34:ED:81,-63,0,181,181,3,0
752127666,NODE_B0CBD8F33218,wormhole_a,4,B4:BF:E9:34:ED:81,-63,0,181,181,3,0
752227656,NODE_B0CBD8F33218,wormhole_a,4,B4:BF:E9:34:ED:81,-63,0,181,181,3,0
752337654,NODE_B0CBD8F33218,wormhole_a,4,B4:BF:E9:34:ED:81,-63,0,181,181,3,0
752437666,NODE_B0CBD8F33218,wormhole_a,4,B4:BF:E9:34:ED:81,-63,0,181,181,3,0
752537659,NODE_B0CBD8F33218,wormhole_a,4,B4:BF:E9:34:ED:81,-63,0,181,181,3,0
752637654,NODE_B0CBD8F33218,wormhole_a,4,B4:BF:E9:34:ED:81,-63,0,181,181,3,0
752737654,NODE_B0CBD8F33218,wormhole_a,4,B4:BF:E9:34:ED:81,-63,0,181,181,3,0
752837656,NODE_B0CBD8F33218,wormhole_a,4,B4:BF:E9:34:ED:81,-63,0,181,181,3,0
752947664,NODE_B0CBD8F33218,wormhole_a,4,B4:BF:E9:34:ED:81,-63,0,181,181,3,0
753048052,NODE_B0CBD8F33218,wormhole_a,4,B4:BF:E9:34:ED:81,-63,0,181,181,3,0
753147670,NODE_B0CBD8F33218,wormhole_a,4,B4:BF:E9:34:ED:81,-63,0,181,181,3,0
753247656,NODE_B0CBD8F33218,wormhole_a,4,B4:BF:E9:34:ED:81,-63,0,181,181,3,0
753357654,NODE_B0CBD8F33218,wormhole_a,4,B4:BF:E9:34:ED:81,-63,0,181,181,3,0
753457666,NODE_B0CBD8F33218,wormhole_a,4,B4:BF:E9:34:ED:81,-63,0,181,181,3,0
753557659,NODE_B0CBD8F33218,wormhole_a,4,B4:BF:E9:34:ED:81,-63,0,181,181,3,0
753657654,NODE_B0CBD8F33218,wormhole_a,4,B4:BF:E9:34:ED:81,-63,0,181,181,3,0
753757654,NODE_B0CBD8F33218,wormhole_a,4,B4:BF:E9:34:ED:81,-63,0,181,181,3,0
753857655,NODE_B0CBD8F33218,wormhole_a,4,B4:BF:E9:34:ED:81,-63,0,181,181,3,0
753967660,NODE_B0CBD8F33218,wormhole_a,4,B4:BF:E9:34:ED:81,-63,0,181,181,3,0
754067654,NODE_B0CBD8F33218,wormhole_a,4,B4:BF:E9:34:ED:81,-63,0,181,181,3,0
754167666,NODE_B0CBD8F33218,wormhole_a,4,B4:BF:E9:34:ED:81,-63,0,181,181,3,0
754267656,NODE_B0CBD8F33218,wormhole_a,4,B4:BF:E9:34:ED:81,-63,0,181,181,3,0
754377654,NODE_B0CBD8F33218,wormhole_a,4,B4:BF:E9:34:ED:81,-63,0,181,181,3,0
754477666,NODE_B0CBD8F33218,wormhole_a,4,B4:BF:E9:34:ED:81,-63,0,181,181,3,0
754577659,NODE_B0CBD8F33218,wormhole_a,4,B4:BF:E9:34:ED:81,-63,0,181,181,3,0
754677654,NODE_B0CBD8F33218,wormhole_a,4,B4:BF:E9:34:ED:81,-63,0,181,181,3,0
754777654,NODE_B0CBD8F33218,wormhole_a,4,B4:BF:E9:34:ED:81,-63,0,181,181,3,0
754877656,NODE_B0CBD8F33218,wormhole_a,4,B4:BF:E9:34:ED:81,-63,0,181,181,3,0
754987660,NODE_B0CBD8F33218,wormhole_a,4,B4:BF:E9:34:ED:81,-63,0,181,181,3,0
755087666,NODE_B0CBD8F33218,wormhole_a,4,B4:BF:E9:34:ED:81,-63,0,181,181,3,0
755187666,NODE_B0CBD8F33218,wormhole_a,4,B4:BF:E9:34:ED:81,-63,0,181,181,3,0
755287656,NODE_B0CBD8F33218,wormhole_a,4,B4:BF:E9:34:ED:81,-63,0,181,181,3,0
755397654,NODE_B0CBD8F33218,wormhole_a,4,B4:BF:E9:34:ED:81,-63,0,181,181,3,0
755497666,NODE_B0CBD8F33218,wormhole_a,4,B4:BF:E9:34:ED:81,-63,0,181,181,3,0
755597659,NODE_B0CBD8F33218,wormhole_a,4,B4:BF:E9:34:ED:81,-63,0,181,181,3,0
755697654,NODE_B0CBD8F33218,wormhole_a,4,B4:BF:E9:34:ED:81,-63,0,181,181,3,0
755797654,NODE_B0CBD8F33218,wormhole_a,4,B4:BF:E9:34:ED:81,-63,0,181,181,3,0
755897659,NODE_B0CBD8F33218,wormhole_a,4,B4:BF:E9:34:ED:81,-63,0,181,181,3,0
756007656,NODE_B0CBD8F33218,wormhole_a,4,B4:BF:E9:34:ED:81,-63,0,181,181,3,0
756107654,NODE_B0CBD8F33218,wormhole_a,4,B4:BF:E9:34:ED:81,-63,0,181,181,3,0
756207666,NODE_B0CBD8F33218,wormhole_a,4,B4:BF:E9:34:ED:81,-63,0,181,181,3,0
756307656,NODE_B0CBD8F33218,wormhole_a,4,B4:BF:E9:34:ED:81,-63,0,181,181,3,0
756417656,NODE_B0CBD8F33218,wormhole_a,4,B4:BF:E9:34:ED:81,-63,0,181,181,3,0
756517668,NODE_B0CBD8F33218,wormhole_a,4,B4:BF:E9:34:ED:81,-63,0,181,181,3,0
756617657,NODE_B0CBD8F33218,wormhole_a,4,B4:BF:E9:34:ED:81,-63,0,181,181,3,0
756717656,NODE_B0CBD8F33218,wormhole_a,4,B4:BF:E9:34:ED:81,-63,0,181,181,3,0
756817656,NODE_B0CBD8F33218,wormhole_a,4,B4:BF:E9:34:ED:81,-63,0,181,181,3,0
756917657,NODE_B0CBD8F33218,wormhole_a,4,B4:BF:E9:34:ED:81,-63,0,181,181,3,0
757027660,NODE_B0CBD8F33218,wormhole_a,4,B4:BF:E9:34:ED:81,-63,0,181,181,3,0
757127666,NODE_B0CBD8F33218,wormhole_a,4,B4:BF:E9:34:ED:81,-63,0,181,181,3,0
757227666,NODE_B0CBD8F33218,wormhole_a,4,B4:BF:E9:34:ED:81,-62,0,181,181,3,0
757327656,NODE_B0CBD8F33218,wormhole_a,4,B4:BF:E9:34:ED:81,-62,0,181,181,3,0
757437658,NODE_B0CBD8F33218,wormhole_a,4,B4:BF:E9:34:ED:81,-62,0,181,181,3,0
757537666,NODE_B0CBD8F33218,wormhole_a,4,B4:BF:E9:34:ED:81,-62,0,181,181,3,0
757637656,NODE_B0CBD8F33218,wormhole_a,4,B4:BF:E9:34:ED:81,-62,0,181,181,3,0
757737654,NODE_B0CBD8F33218,wormhole_a,4,B4:BF:E9:34:ED:81,-62,0,181,181,3,0
757837654,NODE_B0CBD8F33218,wormhole_a,4,B4:BF:E9:34:ED:81,-62,0,181,181,3,0
757937656,NODE_B0CBD8F33218,wormhole_a,4,B4:BF:E9:34:ED:81,-62,0,181,181,3,0
758048054,NODE_B0CBD8F33218,wormhole_a,4,B4:BF:E9:34:ED:81,-62,0,181,181,3,0
758147654,NODE_B0CBD8F33218,wormhole_a,4,B4:BF:E9:34:ED:81,-62,0,181,181,3,0
758247817,NODE_B0CBD8F33218,wormhole_a,4,B4:BF:E9:34:ED:81,-60,0,181,181,3,0
758347664,NODE_B0CBD8F33218,wormhole_a,4,B4:BF:E9:34:ED:81,-60,0,181,181,3,0
758457658,NODE_B0CBD8F33218,wormhole_a,4,B4:BF:E9:34:ED:81,-60,0,181,181,3,0
758557666,NODE_B0CBD8F33218,wormhole_a,4,B4:BF:E9:34:ED:81,-60,0,181,181,3,0
758657656,NODE_B0CBD8F33218,wormhole_a,4,B4:BF:E9:34:ED:81,-60,0,181,181,3,0
758757654,NODE_B0CBD8F33218,wormhole_a,4,B4:BF:E9:34:ED:81,-60,0,181,181,3,0
758857654,NODE_B0CBD8F33218,wormhole_a,4,B4:BF:E9:34:ED:81,-60,0,181,181,3,0
758957659,NODE_B0CBD8F33218,wormhole_a,4,B4:BF:E9:34:ED:81,-60,0,181,181,3,0
759067668,NODE_B0CBD8F33218,wormhole_a,4,B4:BF:E9:34:ED:81,-60,0,181,181,3,0
759167654,NODE_B0CBD8F33218,wormhole_a,4,B4:BF:E9:34:ED:81,-60,0,181,181,3,0
759267666,NODE_B0CBD8F33218,wormhole_a,4,B4:BF:E9:34:ED:81,-63,0,181,181,3,0
759367664,NODE_B0CBD8F33218,wormhole_a,4,B4:BF:E9:34:ED:81,-63,0,181,181,3,0
759477658,NODE_B0CBD8F33218,wormhole_a,4,B4:BF:E9:34:ED:81,-63,0,181,181,3,0
759587666,NODE_B0CBD8F33218,wormhole_a,4,B4:BF:E9:34:ED:81,-63,0,181,181,3,0
759687654,NODE_B0CBD8F33218,wormhole_a,4,B4:BF:E9:34:ED:81,-63,0,181,181,3,0
759797656,NODE_B0CBD8F33218,wormhole_a,4,B4:BF:E9:34:ED:81,-63,0,181,181,3,0
759897654,NODE_B0CBD8F33218,wormhole_a,4,B4:BF:E9:34:ED:81,-63,0,181,181,3,0
759997658,NODE_B0CBD8F33218,wormhole_a,4,B4:BF:E9:34:ED:81,-63,0,181,181,3,0
760097656,NODE_B0CBD8F33218,wormhole_a,4,B4:BF:E9:34:ED:81,-63,0,181,181,3,0
760197654,NODE_B0CBD8F33218,wormhole_a,4,B4:BF:E9:34:ED:81,-63,0,181,181,3,0
760307666,NODE_B0CBD8F33218,wormhole_a,4,B4:BF:E9:34:ED:81,-63,0,181,181,3,0
760407654,NODE_B0CBD8F33218,wormhole_a,4,B4:BF:E9:34:ED:81,-63,0,181,181,3,0
760507660,NODE_B0CBD8F33218,wormhole_a,4,B4:BF:E9:34:ED:81,-63,0,181,181,3,0
760617668,NODE_B0CBD8F33218,wormhole_a,4,B4:BF:E9:34:ED:81,-63,0,181,181,3,0
760717656,NODE_B0CBD8F33218,wormhole_a,4,B4:BF:E9:34:ED:81,-63,0,181,181,3,0
760827654,NODE_B0CBD8F33218,wormhole_a,4,B4:BF:E9:34:ED:81,-63,0,181,181,3,0
760927656,NODE_B0CBD8F33218,wormhole_a,4,B4:BF:E9:34:ED:81,-63,0,181,181,3,0
761027658,NODE_B0CBD8F33218,wormhole_a,4,B4:BF:E9:34:ED:81,-63,0,181,181,3,0
761127666,NODE_B0CBD8F33218,wormhole_a,4,B4:BF:E9:34:ED:81,-63,0,181,181,3,0
761227656,NODE_B0CBD8F33218,wormhole_a,4,B4:BF:E9:34:ED:81,-63,0,181,181,3,0
761337666,NODE_B0CBD8F33218,wormhole_a,4,B4:BF:E9:34:ED:81,-63,0,181,181,3,0
761437654,NODE_B0CBD8F33218,wormhole_a,4,B4:BF:E9:34:ED:81,-63,0,181,181,3,0
761537659,NODE_B0CBD8F33218,wormhole_a,4,B4:BF:E9:34:ED:81,-63,0,181,181,3,0
761647664,NODE_B0CBD8F33218,wormhole_a,4,B4:BF:E9:34:ED:81,-63,0,181,181,3,0
761747654,NODE_B0CBD8F33218,wormhole_a,4,B4:BF:E9:34:ED:81,-63,0,181,181,3,0
761857654,NODE_B0CBD8F33218,wormhole_a,4,B4:BF:E9:34:ED:81,-63,0,181,181,3,0
761957663,NODE_B0CBD8F33218,wormhole_a,4,B4:BF:E9:34:ED:81,-63,0,181,181,3,0
762057654,NODE_B0CBD8F33218,wormhole_a,4,B4:BF:E9:34:ED:81,-63,0,181,181,3,0
762157654,NODE_B0CBD8F33218,wormhole_a,4,B4:BF:E9:34:ED:81,-63,0,181,181,3,0
762257656,NODE_B0CBD8F33218,wormhole_a,4,B4:BF:E9:34:ED:81,-63,0,181,181,3,0
762367668,NODE_B0CBD8F33218,wormhole_a,4,B4:BF:E9:34:ED:81,-63,0,181,181,3,0
762467658,NODE_B0CBD8F33218,wormhole_a,4,B4:BF:E9:34:ED:81,-63,0,181,181,3,0
762567658,NODE_B0CBD8F33218,wormhole_a,4,B4:BF:E9:34:ED:81,-63,0,181,181,3,0
762677663,NODE_B0CBD8F33218,wormhole_a,4,B4:BF:E9:34:ED:81,-63,0,181,181,3,0
762777654,NODE_B0CBD8F33218,wormhole_a,4,B4:BF:E9:34:ED:81,-63,0,181,181,3,0
762887654,NODE_B0CBD8F33218,wormhole_a,4,B4:BF:E9:34:ED:81,-63,0,181,181,3,0
762987658,NODE_B0CBD8F33218,wormhole_a,4,B4:BF:E9:34:ED:81,-63,0,181,181,3,0
763087668,NODE_B0CBD8F33218,wormhole_a,4,B4:BF:E9:34:ED:81,-63,0,181,181,3,0
763187654,NODE_B0CBD8F33218,wormhole_a,4,B4:BF:E9:34:ED:81,-63,0,181,181,3,0
763287654,NODE_B0CBD8F33218,wormhole_a,4,B4:BF:E9:34:ED:81,-63,0,181,181,3,0
763397667,NODE_B0CBD8F33218,wormhole_a,4,B4:BF:E9:34:ED:81,-61,0,181,181,3,0
763497658,NODE_B0CBD8F33218,wormhole_a,4,B4:BF:E9:34:ED:81,-61,0,181,181,3,0
763597658,NODE_B0CBD8F33218,wormhole_a,4,B4:BF:E9:34:ED:81,-61,0,181,181,3,0
763707662,NODE_B0CBD8F33218,wormhole_a,4,B4:BF:E9:34:ED:81,-61,0,181,181,3,0
763807656,NODE_B0CBD8F33218,wormhole_a,4,B4:BF:E9:34:ED:81,-61,0,181,181,3,0
763917656,NODE_B0CBD8F33218,wormhole_a,4,B4:BF:E9:34:ED:81,-61,0,181,181,3,0
764017660,NODE_B0CBD8F33218,wormhole_a,4,B4:BF:E9:34:ED:81,-61,0,181,181,3,0
764117657,NODE_B0CBD8F33218,wormhole_a,4,B4:BF:E9:34:ED:81,-61,0,181,181,3,0
764217656,NODE_B0CBD8F33218,wormhole_a,4,B4:BF:E9:34:ED:81,-61,0,181,181,3,0
764317656,NODE_B0CBD8F33218,wormhole_a,4,B4:BF:E9:34:ED:81,-61,0,181,181,3,0
764427666,NODE_B0CBD8F33218,wormhole_a,4,B4:BF:E9:34:ED:81,-62,0,181,181,3,0
764527660,NODE_B0CBD8F33218,wormhole_a,4,B4:BF:E9:34:ED:81,-62,0,181,181,3,0
764627658,NODE_B0CBD8F33218,wormhole_a,4,B4:BF:E9:34:ED:81,-62,0,181,181,3,0
764737662,NODE_B0CBD8F33218,wormhole_a,4,B4:BF:E9:34:ED:81,-62,0,181,181,3,0
764837656,NODE_B0CBD8F33218,wormhole_a,4,B4:BF:E9:34:ED:81,-62,0,181,181,3,0
764947949,NODE_B0CBD8F33218,wormhole_a,4,B4:BF:E9:34:ED:81,-62,0,181,181,3,0
765048045,NODE_B0CBD8F33218,wormhole_a,4,B4:BF:E9:34:ED:81,-62,0,181,181,3,0
765147666,NODE_B0CBD8F33218,wormhole_a,4,B4:BF:E9:34:ED:81,-62,0,181,181,3,0
765247656,NODE_B0CBD8F33218,wormhole_a,4,B4:BF:E9:34:ED:81,-62,0,181,181,3,0
765347654,NODE_B0CBD8F33218,wormhole_a,4,B4:BF:E9:34:ED:81,-62,0,181,181,3,0
765457666,NODE_B0CBD8F33218,wormhole_a,4,B4:BF:E9:34:ED:81,-72,0,181,181,3,0
765557659,NODE_B0CBD8F33218,wormhole_a,4,B4:BF:E9:34:ED:81,-72,0,181,181,3,0
765657658,NODE_B0CBD8F33218,wormhole_a,4,B4:BF:E9:34:ED:81,-72,0,181,181,3,0
765767662,NODE_B0CBD8F33218,wormhole_a,4,B4:BF:E9:34:ED:81,-72,0,181,181,3,0
765867654,NODE_B0CBD8F33218,wormhole_a,4,B4:BF:E9:34:ED:81,-72,0,181,181,3,0
765977659,NODE_B0CBD8F33218,wormhole_a,4,B4:BF:E9:34:ED:81,-72,0,181,181,3,0
766077654,NODE_B0CBD8F33218,wormhole_a,4,B4:BF:E9:34:ED:81,-72,0,181,181,3,0
766177654,NODE_B0CBD8F33218,wormhole_a,4,B4:BF:E9:34:ED:81,-72,0,181,181,3,0
766277830,NODE_B0CBD8F33218,wormhole_a,4,B4:BF:E9:34:ED:81,-72,0,181,181,3,0
766377654,NODE_B0CBD8F33218,wormhole_a,4,B4:BF:E9:34:ED:81,-72,0,181,181,3,0
766487666,NODE_B0CBD8F33218,wormhole_a,4,B4:BF:E9:34:ED:81,-62,0,181,181,3,0
766587658,NODE_B0CBD8F33218,wormhole_a,4,B4:BF:E9:34:ED:81,-62,0,181,181,3,0
766687660,NODE_B0CBD8F33218,wormhole_a,4,B4:BF:E9:34:ED:81,-62,0,181,181,3,0
766797662,NODE_B0CBD8F33218,wormhole_a,4,B4:BF:E9:34:ED:81,-62,0,181,181,3,0
766897654,NODE_B0CBD8F33218,wormhole_a,4,B4:BF:E9:34:ED:81,-62,0,181,181,3,0
767007658,NODE_B0CBD8F33218,wormhole_a,4,B4:BF:E9:34:ED:81,-62,0,181,181,3,0
767107668,NODE_B0CBD8F33218,wormhole_a,4,B4:BF:E9:34:ED:81,-62,0,181,181,3,0
767207654,NODE_B0CBD8F33218,wormhole_a,4,B4:BF:E9:34:ED:81,-62,0,181,181,3,0
767317656,NODE_B0CBD8F33218,wormhole_a,4,B4:BF:E9:34:ED:81,-62,0,181,181,3,0
767417657,NODE_B0CBD8F33218,wormhole_a,4,B4:BF:E9:34:ED:81,-62,0,181,181,3,0
767517668,NODE_B0CBD8F33218,wormhole_a,4,B4:BF:E9:34:ED:81,-62,0,181,181,3,0
767617656,NODE_B0CBD8F33218,wormhole_a,4,B4:BF:E9:34:ED:81,-62,0,181,181,3,0
767727658,NODE_B0CBD8F33218,wormhole_a,4,B4:BF:E9:34:ED:81,-62,0,181,181,3,0
767827664,NODE_B0CBD8F33218,wormhole_a,4,B4:BF:E9:34:ED:81,-62,0,181,181,3,0
767927658,NODE_B0CBD8F33218,wormhole_a,4,B4:BF:E9:34:ED:81,-62,0,181,181,3,0
768027654,NODE_B0CBD8F33218,wormhole_a,4,B4:BF:E9:34:ED:81,-62,0,181,181,3,0
768127656,NODE_B0CBD8F33218,wormhole_a,4,B4:BF:E9:34:ED:81,-62,0,181,181,3,0
768227654,NODE_B0CBD8F33218,wormhole_a,4,B4:BF:E9:34:ED:81,-62,0,181,181,3,0
768337654,NODE_B0CBD8F33218,wormhole_a,4,B4:BF:E9:34:ED:81,-62,0,181,181,3,0
768437656,NODE_B0CBD8F33218,wormhole_a,4,B4:BF:E9:34:ED:81,-62,0,181,181,3,0
768537666,NODE_B0CBD8F33218,wormhole_a,4,B4:BF:E9:34:ED:81,-62,0,181,181,3,0
768637658,NODE_B0CBD8F33218,wormhole_a,4,B4:BF:E9:34:ED:81,-62,0,181,181,3,0
768747654,NODE_B0CBD8F33218,wormhole_a,4,B4:BF:E9:34:ED:81,-62,0,181,181,3,0
768847664,NODE_B0CBD8F33218,wormhole_a,4,B4:BF:E9:34:ED:81,-62,0,181,181,3,0
768947658,NODE_B0CBD8F33218,wormhole_a,4,B4:BF:E9:34:ED:81,-62,0,181,181,3,0
769048053,NODE_B0CBD8F33218,wormhole_a,4,B4:BF:E9:34:ED:81,-62,0,181,181,3,0
769147668,NODE_B0CBD8F33218,wormhole_a,4,B4:BF:E9:34:ED:81,-62,0,181,181,3,0
769247654,NODE_B0CBD8F33218,wormhole_a,4,B4:BF:E9:34:ED:81,-62,0,181,181,3,0
769357654,NODE_B0CBD8F33218,wormhole_a,4,B4:BF:E9:34:ED:81,-62,0,181,181,3,0
769457656,NODE_B0CBD8F33218,wormhole_a,4,B4:BF:E9:34:ED:81,-62,0,181,181,3,0
769557666,NODE_B0CBD8F33218,wormhole_a,4,B4:BF:E9:34:ED:81,-62,0,181,181,3,0
769657658,NODE_B0CBD8F33218,wormhole_a,4,B4:BF:E9:34:ED:81,-62,0,181,181,3,0
769767654,NODE_B0CBD8F33218,wormhole_a,4,B4:BF:E9:34:ED:81,-62,0,181,181,3,0
769867664,NODE_B0CBD8F33218,wormhole_a,4,B4:BF:E9:34:ED:81,-62,0,181,181,3,0
769967654,NODE_B0CBD8F33218,wormhole_a,4,B4:BF:E9:34:ED:81,-62,0,181,181,3,0
770067658,NODE_B0CBD8F33218,wormhole_a,4,B4:BF:E9:34:ED:81,-62,0,181,181,3,0
770167656,NODE_B0CBD8F33218,wormhole_a,4,B4:BF:E9:34:ED:81,-62,0,181,181,3,0
770267654,NODE_B0CBD8F33218,wormhole_a,4,B4:BF:E9:34:ED:81,-62,0,181,181,3,0
770377654,NODE_B0CBD8F33218,wormhole_a,4,B4:BF:E9:34:ED:81,-62,0,181,181,3,0
770477656,NODE_B0CBD8F33218,wormhole_a,4,B4:BF:E9:34:ED:81,-62,0,181,181,3,0
770577666,NODE_B0CBD8F33218,wormhole_a,4,B4:BF:E9:34:ED:81,-62,0,181,181,3,0
770677658,NODE_B0CBD8F33218,wormhole_a,4,B4:BF:E9:34:ED:81,-62,0,181,181,3,0
770787654,NODE_B0CBD8F33218,wormhole_a,4,B4:BF:E9:34:ED:81,-62,0,181,181,3,0
770887664,NODE_B0CBD8F33218,wormhole_a,4,B4:BF:E9:34:ED:81,-62,0,181,181,3,0
770987658,NODE_B0CBD8F33218,wormhole_a,4,B4:BF:E9:34:ED:81,-62,0,181,181,3,0
771087666,NODE_B0CBD8F33218,wormhole_a,4,B4:BF:E9:34:ED:81,-62,0,181,181,3,0
771187656,NODE_B0CBD8F33218,wormhole_a,4,B4:BF:E9:34:ED:81,-62,0,181,181,3,0
771287654,NODE_B0CBD8F33218,wormhole_a,4,B4:BF:E9:34:ED:81,-62,0,181,181,3,0
771397654,NODE_B0CBD8F33218,wormhole_a,4,B4:BF:E9:34:ED:81,-62,0,181,181,3,0
771497656,NODE_B0CBD8F33218,wormhole_a,4,B4:BF:E9:34:ED:81,-62,0,181,181,3,0
771597666,NODE_B0CBD8F33218,wormhole_a,4,B4:BF:E9:34:ED:81,-63,0,181,181,3,0
771697658,NODE_B0CBD8F33218,wormhole_a,4,B4:BF:E9:34:ED:81,-63,0,181,181,3,0
771807654,NODE_B0CBD8F33218,wormhole_a,4,B4:BF:E9:34:ED:81,-63,0,181,181,3,0
771907664,NODE_B0CBD8F33218,wormhole_a,4,B4:BF:E9:34:ED:81,-63,0,181,181,3,0
772007658,NODE_B0CBD8F33218,wormhole_a,4,B4:BF:E9:34:ED:81,-63,0,181,181,3,0
772107654,NODE_B0CBD8F33218,wormhole_a,4,B4:BF:E9:34:ED:81,-63,0,181,181,3,0
772207656,NODE_B0CBD8F33218,wormhole_a,4,B4:BF:E9:34:ED:81,-63,0,181,181,3,0
772307654,NODE_B0CBD8F33218,wormhole_a,4,B4:BF:E9:34:ED:81,-63,0,181,181,3,0
772417656,NODE_B0CBD8F33218,wormhole_a,4,B4:BF:E9:34:ED:81,-63,0,181,181,3,0
772517661,NODE_B0CBD8F33218,wormhole_a,4,B4:BF:E9:34:ED:81,-63,0,181,181,3,0
772617668,NODE_B0CBD8F33218,wormhole_a,4,B4:BF:E9:34:ED:81,-62,0,181,181,3,0
772717660,NODE_B0CBD8F33218,wormhole_a,4,B4:BF:E9:34:ED:81,-62,0,181,181,3,0
772827654,NODE_B0CBD8F33218,wormhole_a,4,B4:BF:E9:34:ED:81,-62,0,181,181,3,0
772927664,NODE_B0CBD8F33218,wormhole_a,4,B4:BF:E9:34:ED:81,-62,0,181,181,3,0
773027658,NODE_B0CBD8F33218,wormhole_a,4,B4:BF:E9:34:ED:81,-62,0,181,181,3,0
773127666,NODE_B0CBD8F33218,wormhole_a,4,B4:BF:E9:34:ED:81,-62,0,181,181,3,0
773227656,NODE_B0CBD8F33218,wormhole_a,4,B4:BF:E9:34:ED:81,-62,0,181,181,3,0
773327654,NODE_B0CBD8F33218,wormhole_a,4,B4:BF:E9:34:ED:81,-62,0,181,181,3,0
773437654,NODE_B0CBD8F33218,wormhole_a,4,B4:BF:E9:34:ED:81,-62,0,181,181,3,0
773537659,NODE_B0CBD8F33218,wormhole_a,4,B4:BF:E9:34:ED:81,-62,0,181,181,3,0
773637666,NODE_B0CBD8F33218,wormhole_a,4,B4:BF:E9:34:ED:81,-62,0,181,181,3,0
773737658,NODE_B0CBD8F33218,wormhole_a,4,B4:BF:E9:34:ED:81,-62,0,181,181,3,0
773847654,NODE_B0CBD8F33218,wormhole_a,4,B4:BF:E9:34:ED:81,-62,0,181,181,3,0
773947668,NODE_B0CBD8F33218,wormhole_a,4,B4:BF:E9:34:ED:81,-62,0,181,181,3,0
774048056,NODE_B0CBD8F33218,wormhole_a,4,B4:BF:E9:34:ED:81,-62,0,181,181,3,0
774147654,NODE_B0CBD8F33218,wormhole_a,4,B4:BF:E9:34:ED:81,-62,0,181,181,3,0
774247656,NODE_B0CBD8F33218,wormhole_a,4,B4:BF:E9:34:ED:81,-62,0,181,181,3,0
774347654,NODE_B0CBD8F33218,wormhole_a,4,B4:BF:E9:34:ED:81,-62,0,181,181,3,0
774457654,NODE_B0CBD8F33218,wormhole_a,4,B4:BF:E9:34:ED:81,-62,0,181,181,3,0
774557659,NODE_B0CBD8F33218,wormhole_a,4,B4:BF:E9:34:ED:81,-62,0,181,181,3,0
774657666,NODE_B0CBD8F33218,wormhole_a,4,B4:BF:E9:34:ED:81,-63,0,181,181,3,0
61091501,NODE_B0CBD8F33218,wormhole_a,-1,00:00:00:00:00:00,0,0,0,0,0,0
61187650,NODE_B0CBD8F33218,wormhole_a,-1,00:00:00:00:00:00,0,0,0,0,0,0
61287770,NODE_B0CBD8F33218,wormhole_a,-1,00:00:00:00:00:00,0,0,0,0,0,0
61387661,NODE_B0CBD8F33218,wormhole_a,-1,00:00:00:00:00:00,0,0,0,0,0,0
61487658,NODE_B0CBD8F33218,wormhole_a,-1,00:00:00:00:00:00,0,0,0,0,0,0
61587666,NODE_B0CBD8F33218,wormhole_a,-1,00:00:00:00:00:00,0,0,0,0,0,0
61687662,NODE_B0CBD8F33218,wormhole_a,-1,00:00:00:00:00:00,0,0,0,0,0,0
61787650,NODE_B0CBD8F33218,wormhole_a,-1,00:00:00:00:00:00,0,0,0,0,0,0
61887658,NODE_B0CBD8F33218,wormhole_a,-1,00:00:00:00:00:00,0,0,0,0,0,0
61987666,NODE_B0CBD8F33218,wormhole_a,-1,00:00:00:00:00:00,0,0,0,0,0,0
62097662,NODE_B0CBD8F33218,wormhole_a,-1,00:00:00:00:00:00,0,0,0,0,0,0
62197650,NODE_B0CBD8F33218,wormhole_a,-1,00:00:00:00:00:00,0,0,0,0,0,0
62297658,NODE_B0CBD8F33218,wormhole_a,-1,00:00:00:00:00:00,0,0,0,0,0,0
62397666,NODE_B0CBD8F33218,wormhole_a,-1,00:00:00:00:00:00,0,0,0,0,0,0
62497662,NODE_B0CBD8F33218,wormhole_a,-1,00:00:00:00:00:00,0,0,0,0,0,0
62597650,NODE_B0CBD8F33218,wormhole_a,-1,00:00:00:00:00:00,0,0,0,0,0,0
62697658,NODE_B0CBD8F33218,wormhole_a,-1,00:00:00:00:00:00,0,0,0,0,0,0
62797666,NODE_B0CBD8F33218,wormhole_a,-1,00:00:00:00:00:00,0,0,0,0,0,0
62897659,NODE_B0CBD8F33218,wormhole_a,-1,00:00:00:00:00:00,0,0,0,0,0,0
62997662,NODE_B0CBD8F33218,wormhole_a,-1,00:00:00:00:00:00,0,0,0,0,0,0
63107658,NODE_B0CBD8F33218,wormhole_a,-1,00:00:00:00:00:00,0,0,0,0,0,0
63207650,NODE_B0CBD8F33218,wormhole_a,-1,00:00:00:00:00:00,0,0,0,0,0,0
63307666,NODE_B0CBD8F33218,wormhole_a,-1,00:00:00:00:00:00,0,0,0,0,0,0
63407662,NODE_B0CBD8F33218,wormhole_a,-1,00:00:00:00:00:00,0,0,0,0,0,0
63507658,NODE_B0CBD8F33218,wormhole_a,-1,00:00:00:00:00:00,0,0,0,0,0,0
63607650,NODE_B0CBD8F33218,wormhole_a,-1,00:00:00:00:00:00,0,0,0,0,0,0
63707670,NODE_B0CBD8F33218,wormhole_a,-1,00:00:00:00:00:00,0,0,0,0,0,0
63807662,NODE_B0CBD8F33218,wormhole_a,-1,00:00:00:00:00:00,0,0,0,0,0,0
63907658,NODE_B0CBD8F33218,wormhole_a,-1,00:00:00:00:00:00,0,0,0,0,0,0
64007650,NODE_B0CBD8F33218,wormhole_a,-1,00:00:00:00:00:00,0,0,0,0,0,0
64117666,NODE_B0CBD8F33218,wormhole_a,-1,00:00:00:00:00:00,0,0,0,0,0,0
64217662,NODE_B0CBD8F33218,wormhole_a,-1,00:00:00:00:00:00,0,0,0,0,0,0
64317685,NODE_B0CBD8F33218,wormhole_a,-1,00:00:00:00:00:00,0,0,0,0,0,0
64417650,NODE_B0CBD8F33218,wormhole_a,-1,00:00:00:00:00:00,0,0,0,0,0,0
64517673,NODE_B0CBD8F33218,wormhole_a,-1,00:00:00:00:00:00,0,0,0,0,0,0
64617662,NODE_B0CBD8F33218,wormhole_a,-1,00:00:00:00:00:00,0,0,0,0,0,0
64717662,NODE_B0CBD8F33218,wormhole_a,-1,00:00:00:00:00:00,0,0,0,0,0,0
64817650,NODE_B0CBD8F33218,wormhole_a,-1,00:00:00:00:00:00,0,0,0,0,0,0
64917658,NODE_B0CBD8F33218,wormhole_a,-1,00:00:00:00:00:00,0,0,0,0,0,0
65017666,NODE_B0CBD8F33218,wormhole_a,-1,00:00:00:00:00:00,0,0,0,0,0,0
65207662,NODE_B0CBD8F33218,wormhole_a,-1,00:00:00:00:00:00,0,0,0,0,0,0
65307650,NODE_B0CBD8F33218,wormhole_a,-1,00:00:00:00:00:00,0,0,0,0,0,0
65407727,NODE_B0CBD8F33218,wormhole_a,-1,00:00:00:00:00:00,0,0,0,0,0,0
65507662,NODE_B0CBD8F33218,wormhole_a,-1,00:00:00:00:00:00,0,0,0,0,0,0
65607658,NODE_B0CBD8F33218,wormhole_a,-1,00:00:00:00:00:00,0,0,0,0,0,0
65707650,NODE_B0CBD8F33218,wormhole_a,-1,00:00:00:00:00:00,0,0,0,0,0,0
65807666,NODE_B0CBD8F33218,wormhole_a,-1,00:00:00:00:00:00,0,0,0,0,0,0
65907650,NODE_B0CBD8F33218,wormhole_a,-1,00:00:00:00:00:00,0,0,0,0,0,0
66007662,NODE_B0CBD8F33218,wormhole_a,-1,00:00:00:00:00:00,0,0,0,0,0,0
66107650,NODE_B0CBD8F33218,wormhole_a,-1,00:00:00:00:00:00,0,0,0,0,0,0
66217658,NODE_B0CBD8F33218,wormhole_a,-1,00:00:00:00:00:00,0,0,0,0,0,0
66317666,NODE_B0CBD8F33218,wormhole_a,-1,00:00:00:00:00:00,0,0,0,0,0,0
66417662,NODE_B0CBD8F33218,wormhole_a,-1,00:00:00:00:00:00,0,0,0,0,0,0
66517650,NODE_B0CBD8F33218,wormhole_a,-1,00:00:00:00:00:00,0,0,0,0,0,0
66617658,NODE_B0CBD8F33218,wormhole_a,-1,00:00:00:00:00:00,0,0,0,0,0,0
66717666,NODE_B0CBD8F33218,wormhole_a,-1,00:00:00:00:00:00,0,0,0,0,0,0
66817662,NODE_B0CBD8F33218,wormhole_a,-1,00:00:00:00:00:00,0,0,0,0,0,0
66917650,NODE_B0CBD8F33218,wormhole_a,-1,00:00:00:00:00:00,0,0,0,0,0,0
67017658,NODE_B0CBD8F33218,wormhole_a,-1,00:00:00:00:00:00,0,0,0,0,0,0
67117666,NODE_B0CBD8F33218,wormhole_a,-1,00:00:00:00:00:00,0,0,0,0,0,0
67227662,NODE_B0CBD8F33218,wormhole_a,-1,00:00:00:00:00:00,0,0,0,0,0,0
67327650,NODE_B0CBD8F33218,wormhole_a,-1,00:00:00:00:00:00,0,0,0,0,0,0
67427658,NODE_B0CBD8F33218,wormhole_a,-1,00:00:00:00:00:00,0,0,0,0,0,0
67527666,NODE_B0CBD8F33218,wormhole_a,-1,00:00:00:00:00:00,0,0,0,0,0,0
67627657,NODE_B0CBD8F33218,wormhole_a,-1,00:00:00:00:00:00,0,0,0,0,0,0
67727662,NODE_B0CBD8F33218,wormhole_a,-1,00:00:00:00:00:00,0,0,0,0,0,0
67827658,NODE_B0CBD8F33218,wormhole_a,-1,00:00:00:00:00:00,0,0,0,0,0,0
67927650,NODE_B0CBD8F33218,wormhole_a,-1,00:00:00:00:00:00,0,0,0,0,0,0
68027677,NODE_B0CBD8F33218,wormhole_a,-1,00:00:00:00:00:00,0,0,0,0,0,0
68127662,NODE_B0CBD8F33218,wormhole_a,-1,00:00:00:00:00:00,0,0,0,0,0,0
68237675,NODE_B0CBD8F33218,wormhole_a,-1,00:00:00:00:00:00,0,0,0,0,0,0
68337650,NODE_B0CBD8F33218,wormhole_a,-1,00:00:00:00:00:00,0,0,0,0,0,0
68437669,NODE_B0CBD8F33218,wormhole_a,-1,00:00:00:00:00:00,0,0,0,0,0,0
68537662,NODE_B0CBD8F33218,wormhole_a,-1,00:00:00:00:00:00,0,0,0,0,0,0
68637658,NODE_B0CBD8F33218,wormhole_a,-1,00:00:00:00:00:00,0,0,0,0,0,0
68737650,NODE_B0CBD8F33218,wormhole_a,-1,00:00:00:00:00:00,0,0,0,0,0,0
68837666,NODE_B0CBD8F33218,wormhole_a,-1,00:00:00:00:00:00,0,0,0,0,0,0
68937650,NODE_B0CBD8F33218,wormhole_a,-1,00:00:00:00:00:00,0,0,0,0,0,0
69037666,NODE_B0CBD8F33218,wormhole_a,-1,00:00:00:00:00:00,0,0,0,0,0,0
69137650,NODE_B0CBD8F33218,wormhole_a,-1,00:00:00:00:00:00,0,0,0,0,0,0
69247658,NODE_B0CBD8F33218,wormhole_a,-1,00:00:00:00:00:00,0,0,0,0,0,0
69347666,NODE_B0CBD8F33218,wormhole_a,-1,00:00:00:00:00:00,0,0,0,0,0,0
69447662,NODE_B0CBD8F33218,wormhole_a,-1,00:00:00:00:00:00,0,0,0,0,0,0
69547650,NODE_B0CBD8F33218,wormhole_a,-1,00:00:00:00:00:00,0,0,0,0,0,0
69647658,NODE_B0CBD8F33218,wormhole_a,-1,00:00:00:00:00:00,0,0,0,0,0,0
69747666,NODE_B0CBD8F33218,wormhole_a,-1,00:00:00:00:00:00,0,0,0,0,0,0
69847662,NODE_B0CBD8F33218,wormhole_a,-1,00:00:00:00:00:00,0,0,0,0,0,0
69947650,NODE_B0CBD8F33218,wormhole_a,-1,00:00:00:00:00:00,0,0,0,0,0,0
70048055,NODE_B0CBD8F33218,wormhole_a,-1,00:00:00:00:00:00,0,0,0,0,0,0
70147662,NODE_B0CBD8F33218,wormhole_a,-1,00:00:00:00:00:00,0,0,0,0,0,0
70257662,NODE_B0CBD8F33218,wormhole_a,-1,00:00:00:00:00:00,0,0,0,0,0,0
70357662,NODE_B0CBD8F33218,wormhole_a,-1,00:00:00:00:00:00,0,0,0,0,0,0
70457669,NODE_B0CBD8F33218,wormhole_a,-1,00:00:00:00:00:00,0,0,0,0,0,0
70557650,NODE_B0CBD8F33218,wormhole_a,-1,00:00:00:00:00:00,0,0,0,0,0,0
70657666,NODE_B0CBD8F33218,wormhole_a,-1,00:00:00:00:00:00,0,0,0,0,0,0
70757662,NODE_B0CBD8F33218,wormhole_a,-1,00:00:00:00:00:00,0,0,0,0,0,0
70857658,NODE_B0CBD8F33218,wormhole_a,-1,00:00:00:00:00:00,0,0,0,0,0,0
70957650,NODE_B0CBD8F33218,wormhole_a,-1,00:00:00:00:00:00,0,0,0,0,0,0
71057666,NODE_B0CBD8F33218,wormhole_a,-1,00:00:00:00:00:00,0,0,0,0,0,0
71157662,NODE_B0CBD8F33218,wormhole_a,-1,00:00:00:00:00:00,0,0,0,0,0,0
71267658,NODE_B0CBD8F33218,wormhole_a,-1,00:00:00:00:00:00,0,0,0,0,0,0
71367650,NODE_B0CBD8F33218,wormhole_a,-1,00:00:00:00:00:00,0,0,0,0,0,0
71467670,NODE_B0CBD8F33218,wormhole_a,-1,00:00:00:00:00:00,0,0,0,0,0,0
71567658,NODE_B0CBD8F33218,wormhole_a,-1,00:00:00:00:00:00,0,0,0,0,0,0
71667654,NODE_B0CBD8F33218,wormhole_a,-1,00:00:00:00:00:00,0,0,0,0,0,0
71767650,NODE_B0CBD8F33218,wormhole_a,-1,00:00:00:00:00:00,0,0,0,0,0,0
71867841,NODE_B0CBD8F33218,wormhole_a,-1,00:00:00:00:00:00,0,0,0,0,0,0
71967666,NODE_B0CBD8F33218,wormhole_a,-1,00:00:00:00:00:00,0,0,0,0,0,0
72067666,NODE_B0CBD8F33218,wormhole_a,-1,00:00:00:00:00:00,0,0,0,0,0,0
72167650,NODE_B0CBD8F33218,wormhole_a,-1,00:00:00:00:00:00,0,0,0,0,0,0
72277658,NODE_B0CBD8F33218,wormhole_a,-1,00:00:00:00:00:00,0,0,0,0,0,0
72377666,NODE_B0CBD8F33218,wormhole_a,-1,00:00:00:00:00:00,0,0,0,0,0,0
72477662,NODE_B0CBD8F33218,wormhole_a,-1,00:00:00:00:00:00,0,0,0,0,0,0
72577650,NODE_B0CBD8F33218,wormhole_a,-1,00:00:00:00:00:00,0,0,0,0,0,0
72677658,NODE_B0CBD8F33218,wormhole_a,-1,00:00:00:00:00:00,0,0,0,0,0,0
72777666,NODE_B0CBD8F33218,wormhole_a,-1,00:00:00:00:00:00,0,0,0,0,0,0
72877669,NODE_B0CBD8F33218,wormhole_a,-1,00:00:00:00:00:00,0,0,0,0,0,0
72977650,NODE_B0CBD8F33218,wormhole_a,-1,00:00:00:00:00:00,0,0,0,0,0,0
73077658,NODE_B0CBD8F33218,wormhole_a,-1,00:00:00:00:00:00,0,0,0,0,0,0
73177666,NODE_B0CBD8F33218,wormhole_a,-1,00:00:00:00:00:00,0,0,0,0,0,0
73287658,NODE_B0CBD8F33218,wormhole_a,-1,00:00:00:00:00:00,0,0,0,0,0,0
73387662,NODE_B0CBD8F33218,wormhole_a,-1,00:00:00:00:00:00,0,0,0,0,0,0
73487658,NODE_B0CBD8F33218,wormhole_a,-1,00:00:00:00:00:00,0,0,0,0,0,0
73587650,NODE_B0CBD8F33218,wormhole_a,-1,00:00:00:00:00:00,0,0,0,0,0,0
73687666,NODE_B0CBD8F33218,wormhole_a,-1,00:00:00:00:00:00,0,0,0,0,0,0
73787662,NODE_B0CBD8F33218,wormhole_a,-1,00:00:00:00:00:00,0,0,0,0,0,0
73887658,NODE_B0CBD8F33218,wormhole_a,-1,00:00:00:00:00:00,0,0,0,0,0,0
73987650,NODE_B0CBD8F33218,wormhole_a,-1,00:00:00:00:00:00,0,0,0,0,0,0
74087670,NODE_B0CBD8F33218,wormhole_a,-1,00:00:00:00:00:00,0,0,0,0,0,0
74187662,NODE_B0CBD8F33218,wormhole_a,-1,00:00:00:00:00:00,0,0,0,0,0,0
74297658,NODE_B0CBD8F33218,wormhole_a,-1,00:00:00:00:00:00,0,0,0,0,0,0
74397650,NODE_B0CBD8F33218,wormhole_a,-1,00:00:00:00:00:00,0,0,0,0,0,0
74497673,NODE_B0CBD8F33218,wormhole_a,-1,00:00:00:00:00:00,0,0,0,0,0,0
74597662,NODE_B0CBD8F33218,wormhole_a,-1,00:00:00:00:00:00,0,0,0,0,0,0
74697745,NODE_B0CBD8F33218,wormhole_a,-1,00:00:00:00:00:00,0,0,0,0,0,0
74797661,NODE_B0CBD8F33218,wormhole_a,-1,00:00:00:00:00:00,0,0,0,0,0,0
74897666,NODE_B0CBD8F33218,wormhole_a,-1,00:00:00:00:00:00,0,0,0,0,0,0
74997650,NODE_B0CBD8F33218,wormhole_a,-1,00:00:00:00:00:00,0,0,0,0,0,0
75097662,NODE_B0CBD8F33218,wormhole_a,-1,00:00:00:00:00:00,0,0,0,0,0,0
75197650,NODE_B0CBD8F33218,wormhole_a,-1,00:00:00:00:00:00,0,0,0,0,0,0
75307658,NODE_B0CBD8F33218,wormhole_a,-1,00:00:00:00:00:00,0,0,0,0,0,0
75407666,NODE_B0CBD8F33218,wormhole_a,-1,00:00:00:00:00:00,0,0,0,0,0,0
75507782,NODE_B0CBD8F33218,wormhole_a,-1,00:00:00:00:00:00,0,0,0,0,0,0
75607658,NODE_B0CBD8F33218,wormhole_a,-1,00:00:00:00:00:00,0,0,0,0,0,0
75707658,NODE_B0CBD8F33218,wormhole_a,-1,00:00:00:00:00:00,0,0,0,0,0,0
75807666,NODE_B0CBD8F33218,wormhole_a,-1,00:00:00:00:00:00,0,0,0,0,0,0
75907666,NODE_B0CBD8F33218,wormhole_a,-1,00:00:00:00:00:00,0,0,0,0,0,0
76007650,NODE_B0CBD8F33218,wormhole_a,-1,00:00:00:00:00:00,0,0,0,0,0,0
76107658,NODE_B0CBD8F33218,wormhole_a,-1,00:00:00:00:00:00,0,0,0,0,0,0
76207666,NODE_B0CBD8F33218,wormhole_a,-1,00:00:00:00:00:00,0,0,0,0,0,0
76317662,NODE_B0CBD8F33218,wormhole_a,-1,00:00:00:00:00:00,0,0,0,0,0,0
76417650,NODE_B0CBD8F33218,wormhole_a,-1,00:00:00:00:00:00,0,0,0,0,0,0
76517658,NODE_B0CBD8F33218,wormhole_a,-1,00:00:00:00:00:00,0,0,0,0,0,0
76617681,NODE_B0CBD8F33218,wormhole_a,-1,00:00:00:00:00:00,0,0,0,0,0,0
76717662,NODE_B0CBD8F33218,wormhole_a,-1,00:00:00:00:00:00,0,0,0,0,0,0
76817662,NODE_B0CBD8F33218,wormhole_a,-1,00:00:00:00:00:00,0,0,0,0,0,0
76917658,NODE_B0CBD8F33218,wormhole_a,-1,00:00:00:00:00:00,0,0,0,0,0,0
77017650,NODE_B0CBD8F33218,wormhole_a,-1,00:00:00:00:00:00,0,0,0,0,0,0
77117670,NODE_B0CBD8F33218,wormhole_a,-1,00:00:00:00:00:00,0,0,0,0,0,0
77217684,NODE_B0CBD8F33218,wormhole_a,-1,00:00:00:00:00:00,0,0,0,0,0,0
77327658,NODE_B0CBD8F33218,wormhole_a,-1,00:00:00:00:00:00,0,0,0,0,0,0
77427650,NODE_B0CBD8F33218,wormhole_a,-1,00:00:00:00:00:00,0,0,0,0,0,0
77527666,NODE_B0CBD8F33218,wormhole_a,-1,00:00:00:00:00:00,0,0,0,0,0,0
77627662,NODE_B0CBD8F33218,wormhole_a,-1,00:00:00:00:00:00,0,0,0,0,0,0
77727658,NODE_B0CBD8F33218,wormhole_a,-1,00:00:00:00:00:00,0,0,0,0,0,0
77827650,NODE_B0CBD8F33218,wormhole_a,-1,00:00:00:00:00:00,0,0,0,0,0,0
77927666,NODE_B0CBD8F33218,wormhole_a,-1,00:00:00:00:00:00,0,0,0,0,0,0
78027650,NODE_B0CBD8F33218,wormhole_a,-1,00:00:00:00:00:00,0,0,0,0,0,0
78127666,NODE_B0CBD8F33218,wormhole_a,-1,00:00:00:00:00:00,0,0,0,0,0,0
78227650,NODE_B0CBD8F33218,wormhole_a,-1,00:00:00:00:00:00,0,0,0,0,0,0
78337658,NODE_B0CBD8F33218,wormhole_a,-1,00:00:00:00:00:00,0,0,0,0,0,0
78437666,NODE_B0CBD8F33218,wormhole_a,-1,00:00:00:00:00:00,0,0,0,0,0,0
78537662,NODE_B0CBD8F33218,wormhole_a,-1,00:00:00:00:00:00,0,0,0,0,0,0
78637650,NODE_B0CBD8F33218,wormhole_a,-1,00:00:00:00:00:00,0,0,0,0,0,0
78737658,NODE_B0CBD8F33218,wormhole_a,-1,00:00:00:00:00:00,0,0,0,0,0,0
78837666,NODE_B0CBD8F33218,wormhole_a,-1,00:00:00:00:00:00,0,0,0,0,0,0
78937666,NODE_B0CBD8F33218,wormhole_a,-1,00:00:00:00:00:00,0,0,0,0,0,0
79037650,NODE_B0CBD8F33218,wormhole_a,-1,00:00:00:00:00:00,0,0,0,0,0,0
79137658,NODE_B0CBD8F33218,wormhole_a,-1,00:00:00:00:00:00,0,0,0,0,0,0
79237666,NODE_B0CBD8F33218,wormhole_a,-1,00:00:00:00:00:00,0,0,0,0,0,0
79347662,NODE_B0CBD8F33218,wormhole_a,-1,00:00:00:00:00:00,0,0,0,0,0,0
79447650,NODE_B0CBD8F33218,wormhole_a,-1,00:00:00:00:00:00,0,0,0,0,0,0
79547658,NODE_B0CBD8F33218,wormhole_a,-1,00:00:00:00:00:00,0,0,0,0,0,0
79648303,NODE_B0CBD8F33218,wormhole_a,-1,00:00:00:00:00:00,0,0,0,0,0,0
79747668,NODE_B0CBD8F33218,wormhole_a,-1,00:00:00:00:00:00,0,0,0,0,0,0
79847662,NODE_B0CBD8F33218,wormhole_a,-1,00:00:00:00:00:00,0,0,0,0,0,0
79947658,NODE_B0CBD8F33218,wormhole_a,-1,00:00:00:00:00:00,0,0,0,0,0,0
80048015,NODE_B0CBD8F33218,wormhole_a,-1,00:00:00:00:00:00,0,0,0,0,0,0
80147666,NODE_B0CBD8F33218,wormhole_a,-1,00:00:00:00:00:00,0,0,0,0,0,0
80247658,NODE_B0CBD8F33218,wormhole_a,-1,00:00:00:00:00:00,0,0,0,0,0,0
80357658,NODE_B0CBD8F33218,wormhole_a,-1,00:00:00:00:00:00,0,0,0,0,0,0
80457650,NODE_B0CBD8F33218,wormhole_a,-1,00:00:00:00:00:00,0,0,0,0,0,0
80557666,NODE_B0CBD8F33218,wormhole_a,-1,00:00:00:00:00:00,0,0,0,0,0,0
80657662,NODE_B0CBD8F33218,wormhole_a,-1,00:00:00:00:00:00,0,0,0,0,0,0
80757658,NODE_B0CBD8F33218,wormhole_a,-1,00:00:00:00:00:00,0,0,0,0,0,0
80857650,NODE_B0CBD8F33218,wormhole_a,-1,00:00:00:00:00:00,0,0,0,0,0,0
80957670,NODE_B0CBD8F33218,wormhole_a,-1,00:00:00:00:00:00,0,0,0,0,0,0
81057650,NODE_B0CBD8F33218,wormhole_a,-1,00:00:00:00:00:00,0,0,0,0,0,0
81157748,NODE_B0CBD8F33218,wormhole_a,-1,00:00:00:00:00:00,0,0,0,0,0,0
81257650,NODE_B0CBD8F33218,wormhole_a,-1,00:00:00:00:00:00,0,0,0,0,0,0
81367658,NODE_B0CBD8F33218,wormhole_a,-1,00:00:00:00:00:00,0,0,0,0,0,0
81467666,NODE_B0CBD8F33218,wormhole_a,-1,00:00:00:00:00:00,0,0,0,0,0,0
81567666,NODE_B0CBD8F33218,wormhole_a,-1,00:00:00:00:00:00,0,0,0,0,0,0
81667650,NODE_B0CBD8F33218,wormhole_a,-1,00:00:00:00:00:00,0,0,0,0,0,0
81767658,NODE_B0CBD8F33218,wormhole_a,-1,00:00:00:00:00:00,0,0,0,0,0,0
81867666,NODE_B0CBD8F33218,wormhole_a,-1,00:00:00:00:00:00,0,0,0,0,0,0
81967665,NODE_B0CBD8F33218,wormhole_a,-1,00:00:00:00:00:00,0,0,0,0,0,0
82067657,NODE_B0CBD8F33218,wormhole_a,-1,00:00:00:00:00:00,0,0,0,0,0,0
82167658,NODE_B0CBD8F33218,wormhole_a,-1,00:00:00:00:00:00,0,0,0,0,0,0
82267666,NODE_B0CBD8F33218,wormhole_a,-1,00:00:00:00:00:00,0,0,0,0,0,0
82378165,NODE_B0CBD8F33218,wormhole_a,-1,00:00:00:00:00:00,0,0,0,0,0,0
82477650,NODE_B0CBD8F33218,wormhole_a,-1,00:00:00:00:00:00,0,0,0,0,0,0
82577658,NODE_B0CBD8F33218,wormhole_a,-1,00:00:00:00:00:00,0,0,0,0,0,0
82677650,NODE_B0CBD8F33218,wormhole_a,-1,00:00:00:00:00:00,0,0,0,0,0,0
82777662,NODE_B0CBD8F33218,wormhole_a,-1,00:00:00:00:00:00,0,0,0,0,0,0
82877662,NODE_B0CBD8F33218,wormhole_a,-1,00:00:00:00:00:00,0,0,0,0,0,0
82977658,NODE_B0CBD8F33218,wormhole_a,-1,00:00:00:00:00:00,0,0,0,0,0,0
83077650,NODE_B0CBD8F33218,wormhole_a,-1,00:00:00:00:00:00,0,0,0,0,0,0
83177731,NODE_B0CBD8F33218,wormhole_a,-1,00:00:00:00:00:00,0,0,0,0,0,0
83277662,NODE_B0CBD8F33218,wormhole_a,-1,00:00:00:00:00:00,0,0,0,0,0,0
83387658,NODE_B0CBD8F33218,wormhole_a,-1,00:00:00:00:00:00,0,0,0,0,0,0
83487650,NODE_B0CBD8F33218,wormhole_a,-1,00:00:00:00:00:00,0,0,0,0,0,0
83587756,NODE_B0CBD8F33218,wormhole_a,-1,00:00:00:00:00:00,0,0,0,0,0,0
83687650,NODE_B0CBD8F33218,wormhole_a,-1,00:00:00:00:00:00,0,0,0,0,0,0
83787666,NODE_B0CBD8F33218,wormhole_a,-1,00:00:00:00:00:00,0,0,0,0,0,0
83887650,NODE_B0CBD8F33218,wormhole_a,-1,00:00:00:00:00:00,0,0,0,0,0,0
83987658,NODE_B0CBD8F33218,wormhole_a,-1,00:00:00:00:00:00,0,0,0,0,0,0
84087666,NODE_B0CBD8F33218,wormhole_a,-1,00:00:00:00:00:00,0,0,0,0,0,0
84187662,NODE_B0CBD8F33218,wormhole_a,-1,00:00:00:00:00:00,0,0,0,0,0,0
84287650,NODE_B0CBD8F33218,wormhole_a,-1,00:00:00:00:00:00,0,0,0,0,0,0
84397658,NODE_B0CBD8F33218,wormhole_a,-1,00:00:00:00:00:00,0,0,0,0,0,0
84497666,NODE_B0CBD8F33218,wormhole_a,-1,00:00:00:00:00:00,0,0,0,0,0,0
84597662,NODE_B0CBD8F33218,wormhole_a,-1,00:00:00:00:00:00,0,0,0,0,0,0
84697650,NODE_B0CBD8F33218,wormhole_a,-1,00:00:00:00:00:00,0,0,0,0,0,0
84797650,NODE_B0CBD8F33218,wormhole_a,-1,00:00:00:00:00:00,0,0,0,0,0,0
84897666,NODE_B0CBD8F33218,wormhole_a,-1,00:00:00:00:00:00,0,0,0,0,0,0
84997666,NODE_B0CBD8F33218,wormhole_a,-1,00:00:00:00:00:00,0,0,0,0,0,0
85097650,NODE_B0CBD8F33218,wormhole_a,-1,00:00:00:00:00:00,0,0,0,0,0,0
85197658,NODE_B0CBD8F33218,wormhole_a,-1,00:00:00:00:00:00,0,0,0,0,0,0
85297666,NODE_B0CBD8F33218,wormhole_a,-1,00:00:00:00:00:00,0,0,0,0,0,0
85407662,NODE_B0CBD8F33218,wormhole_a,-1,00:00:00:00:00:00,0,0,0,0,0,0
85507662,NODE_B0CBD8F33218,wormhole_a,-1,00:00:00:00:00:00,0,0,0,0,0,0
85607658,NODE_B0CBD8F33218,wormhole_a,-1,00:00:00:00:00:00,0,0,0,0,0,0
85707650,NODE_B0CBD8F33218,wormhole_a,-1,00:00:00:00:00:00,0,0,0,0,0,0
85807666,NODE_B0CBD8F33218,wormhole_a,-1,00:00:00:00:00:00,0,0,0,0,0,0
85907662,NODE_B0CBD8F33218,wormhole_a,-1,00:00:00:00:00:00,0,0,0,0,0,0
86007676,NODE_B0CBD8F33218,wormhole_a,-1,00:00:00:00:00:00,0,0,0,0,0,0
86107658,NODE_B0CBD8F33218,wormhole_a,-1,00:00:00:00:00:00,0,0,0,0,0,0
86208059,NODE_B0CBD8F33218,wormhole_a,-1,00:00:00:00:00:00,0,0,0,0,0,0
86307662,NODE_B0CBD8F33218,wormhole_a,-1,00:00:00:00:00:00,0,0,0,0,0,0
86417658,NODE_B0CBD8F33218,wormhole_a,-1,00:00:00:00:00:00,0,0,0,0,0,0
86517650,NODE_B0CBD8F33218,wormhole_a,-1,00:00:00:00:00:00,0,0,0,0,0,0
86617670,NODE_B0CBD8F33218,wormhole_a,-1,00:00:00:00:00:00,0,0,0,0,0,0
86718111,NODE_B0CBD8F33218,wormhole_a,-1,00:00:00:00:00:00,0,0,0,0,0,0
86817658,NODE_B0CBD8F33218,wormhole_a,-1,00:00:00:00:00:00,0,0,0,0,0,0
86917653,NODE_B0CBD8F33218,wormhole_a,-1,00:00:00:00:00:00,0,0,0,0,0,0
87017658,NODE_B0CBD8F33218,wormhole_a,-1,00:00:00:00:00:00,0,0,0,0,0,0
87117666,NODE_B0CBD8F33218,wormhole_a,-1,00:00:00:00:00:00,0,0,0,0,0,0
87217666,NODE_B0CBD8F33218,wormhole_a,-1,00:00:00:00:00:00,0,0,0,0,0,0
87317650,NODE_B0CBD8F33218,wormhole_a,-1,00:00:00:00:00:00,0,0,0,0,0,0
87427658,NODE_B0CBD8F33218,wormhole_a,-1,00:00:00:00:00:00,0,0,0,0,0,0
87527666,NODE_B0CBD8F33218,wormhole_a,-1,00:00:00:00:00:00,0,0,0,0,0,0
87627668,NODE_B0CBD8F33218,wormhole_a,-1,00:00:00:00:00:00,0,0,0,0,0,0
87727650,NODE_B0CBD8F33218,wormhole_a,-1,00:00:00:00:00:00,0,0,0,0,0,0
87827650,NODE_B0CBD8F33218,wormhole_a,-1,00:00:00:00:00:00,0,0,0,0,0,0
87927666,NODE_B0CBD8F33218,wormhole_a,-1,00:00:00:00:00:00,0,0,0,0,0,0
88027662,NODE_B0CBD8F33218,wormhole_a,-1,00:00:00:00:00:00,0,0,0,0,0,0
88127650,NODE_B0CBD8F33218,wormhole_a,-1,00:00:00:00:00:00,0,0,0,0,0,0
88227658,NODE_B0CBD8F33218,wormhole_a,-1,00:00:00:00:00:00,0,0,0,0,0,0
88327666,NODE_B0CBD8F33218,wormhole_a,-1,00:00:00:00:00:00,0,0,0,0,0,0
88477658,NODE_B0CBD8F33218,wormhole_a,-1,00:00:00:00:00:00,0,0,0,0,0,0
88577650,NODE_B0CBD8F33218,wormhole_a,-1,00:00:00:00:00:00,0,0,0,0,0,0
88677658,NODE_B0CBD8F33218,wormhole_a,-1,00:00:00:00:00:00,0,0,0,0,0,0
88777666,NODE_B0CBD8F33218,wormhole_a,-1,00:00:00:00:00:00,0,0,0,0,0,0
88877666,NODE_B0CBD8F33218,wormhole_a,-1,00:00:00:00:00:00,0,0,0,0,0,0
88977650,NODE_B0CBD8F33218,wormhole_a,-1,00:00:00:00:00:00,0,0,0,0,0,0
89077658,NODE_B0CBD8F33218,wormhole_a,-1,00:00:00:00:00:00,0,0,0,0,0,0
89177662,NODE_B0CBD8F33218,wormhole_a,-1,00:00:00:00:00:00,0,0,0,0,0,0
89277658,NODE_B0CBD8F33218,wormhole_a,-1,00:00:00:00:00:00,0,0,0,0,0,0
89377662,NODE_B0CBD8F33218,wormhole_a,-1,00:00:00:00:00:00,0,0,0,0,0,0
89487658,NODE_B0CBD8F33218,wormhole_a,-1,00:00:00:00:00:00,0,0,0,0,0,0
89587650,NODE_B0CBD8F33218,wormhole_a,-1,00:00:00:00:00:00,0,0,0,0,0,0
89687666,NODE_B0CBD8F33218,wormhole_a,-1,00:00:00:00:00:00,0,0,0,0,0,0
89787662,NODE_B0CBD8F33218,wormhole_a,-1,00:00:00:00:00:00,0,0,0,0,0,0
89887650,NODE_B0CBD8F33218,wormhole_a,-1,00:00:00:00:00:00,0,0,0,0,0,0
89987650,NODE_B0CBD8F33218,wormhole_a,-1,00:00:00:00:00:00,0,0,0,0,0,0
90087666,NODE_B0CBD8F33218,wormhole_a,-1,00:00:00:00:00:00,0,0,0,0,0,0
90187662,NODE_B0CBD8F33218,wormhole_a,-1,00:00:00:00:00:00,0,0,0,0,0,0
90287658,NODE_B0CBD8F33218,wormhole_a,-1,00:00:00:00:00:00,0,0,0,0,0,0
90387650,NODE_B0CBD8F33218,wormhole_a,-1,00:00:00:00:00:00,0,0,0,0,0,0
90497670,NODE_B0CBD8F33218,wormhole_a,-1,00:00:00:00:00:00,0,0,0,0,0,0
90597993,NODE_B0CBD8F33218,wormhole_a,-1,00:00:00:00:00:00,0,0,0,0,0,0
90697662,NODE_B0CBD8F33218,wormhole_a,-1,00:00:00:00:00:00,0,0,0,0,0,0
90797650,NODE_B0CBD8F33218,wormhole_a,-1,00:00:00:00:00:00,0,0,0,0,0,0
90897658,NODE_B0CBD8F33218,wormhole_a,-1,00:00:00:00:00:00,0,0,0,0,0,0
90997662,NODE_B0CBD8F33218,wormhole_a,-1,00:00:00:00:00:00,0,0,0,0,0,0
91097666,NODE_B0CBD8F33218,wormhole_a,-1,00:00:00:00:00:00,0,0,0,0,0,0
91197650,NODE_B0CBD8F33218,wormhole_a,-1,00:00:00:00:00:00,0,0,0,0,0,0
91297658,NODE_B0CBD8F33218,wormhole_a,-1,00:00:00:00:00:00,0,0,0,0,0,0
91397666,NODE_B0CBD8F33218,wormhole_a,-1,00:00:00:00:00:00,0,0,0,0,0,0
91507677,NODE_B0CBD8F33218,wormhole_a,-1,00:00:00:00:00:00,0,0,0,0,0,0
91607662,NODE_B0CBD8F33218,wormhole_a,-1,00:00:00:00:00:00,0,0,0,0,0,0
91707658,NODE_B0CBD8F33218,wormhole_a,-1,00:00:00:00:00:00,0,0,0,0,0,0
91807666,NODE_B0CBD8F33218,wormhole_a,-1,00:00:00:00:00:00,0,0,0,0,0,0
91907662,NODE_B0CBD8F33218,wormhole_a,-1,00:00:00:00:00:00,0,0,0,0,0,0
92007650,NODE_B0CBD8F33218,wormhole_a,-1,00:00:00:00:00:00,0,0,0,0,0,0
92107720,NODE_B0CBD8F33218,wormhole_a,-1,00:00:00:00:00:00,0,0,0,0,0,0
92207666,NODE_B0CBD8F33218,wormhole_a,-1,00:00:00:00:00:00,0,0,0,0,0,0
92307720,NODE_B0CBD8F33218,wormhole_a,-1,00:00:00:00:00:00,0,0,0,0,0,0
92407662,NODE_B0CBD8F33218,wormhole_a,-1,00:00:00:00:00:00,0,0,0,0,0,0
92517658,NODE_B0CBD8F33218,wormhole_a,-1,00:00:00:00:00:00,0,0,0,0,0,0
92617650,NODE_B0CBD8F33218,wormhole_a,-1,00:00:00:00:00:00,0,0,0,0,0,0
92717666,NODE_B0CBD8F33218,wormhole_a,-1,00:00:00:00:00:00,0,0,0,0,0,0
92817662,NODE_B0CBD8F33218,wormhole_a,-1,00:00:00:00:00:00,0,0,0,0,0,0
92917658,NODE_B0CBD8F33218,wormhole_a,-1,00:00:00:00:00:00,0,0,0,0,0,0
93017650,NODE_B0CBD8F33218,wormhole_a,-1,00:00:00:00:00:00,0,0,0,0,0,0
93117670,NODE_B0CBD8F33218,wormhole_a,-1,00:00:00:00:00:00,0,0,0,0,0,0
93217662,NODE_B0CBD8F33218,wormhole_a,-1,00:00:00:00:00:00,0,0,0,0,0,0
93317658,NODE_B0CBD8F33218,wormhole_a,-1,00:00:00:00:00:00,0,0,0,0,0,0
93417650,NODE_B0CBD8F33218,wormhole_a,-1,00:00:00:00:00:00,0,0,0,0,0,0
93527666,NODE_B0CBD8F33218,wormhole_a,-1,00:00:00:00:00:00,0,0,0,0,0,0
93627662,NODE_B0CBD8F33218,wormhole_a,-1,00:00:00:00:00:00,0,0,0,0,0,0
93727658,NODE_B0CBD8F33218,wormhole_a,-1,00:00:00:00:00:00,0,0,0,0,0,0
93827650,NODE_B0CBD8F33218,wormhole_a,-1,00:00:00:00:00:00,0,0,0,0,0,0
93927735,NODE_B0CBD8F33218,wormhole_a,-1,00:00:00:00:00:00,0,0,0,0,0,0
94027650,NODE_B0CBD8F33218,wormhole_a,-1,00:00:00:00:00:00,0,0,0,0,0,0
94127666,NODE_B0CBD8F33218,wormhole_a,-1,00:00:00:00:00:00,0,0,0,0,0,0
94227650,NODE_B0CBD8F33218,wormhole_a,-1,00:00:00:00:00:00,0,0,0,0,0,0
94327658,NODE_B0CBD8F33218,wormhole_a,-1,00:00:00:00:00:00,0,0,0,0,0,0
94427666,NODE_B0CBD8F33218,wormhole_a,-1,00:00:00:00:00:00,0,0,0,0,0,0
94537662,NODE_B0CBD8F33218,wormhole_a,-1,00:00:00:00:00:00,0,0,0,0,0,0
94637650,NODE_B0CBD8F33218,wormhole_a,-1,00:00:00:00:00:00,0,0,0,0,0,0
94737658,NODE_B0CBD8F33218,wormhole_a,-1,00:00:00:00:00:00,0,0,0,0,0,0
94837666,NODE_B0CBD8F33218,wormhole_a,-1,00:00:00:00:00:00,0,0,0,0,0,0
94937662,NODE_B0CBD8F33218,wormhole_a,-1,00:00:00:00:00:00,0,0,0,0,0,0
95037650,NODE_B0CBD8F33218,wormhole_a,-1,00:00:00:00:00:00,0,0,0,0,0,0
95137658,NODE_B0CBD8F33218,wormhole_a,-1,00:00:00:00:00:00,0,0,0,0,0,0
95237666,NODE_B0CBD8F33218,wormhole_a,-1,00:00:00:00:00:00,0,0,0,0,0,0
95337662,NODE_B0CBD8F33218,wormhole_a,-1,00:00:00:00:00:00,0,0,0,0,0,0
95437650,NODE_B0CBD8F33218,wormhole_a,-1,00:00:00:00:00:00,0,0,0,0,0,0
95547658,NODE_B0CBD8F33218,wormhole_a,-1,00:00:00:00:00:00,0,0,0,0,0,0
95647666,NODE_B0CBD8F33218,wormhole_a,-1,00:00:00:00:00:00,0,0,0,0,0,0
95747658,NODE_B0CBD8F33218,wormhole_a,-1,00:00:00:00:00:00,0,0,0,0,0,0
95847662,NODE_B0CBD8F33218,wormhole_a,-1,00:00:00:00:00:00,0,0,0,0,0,0
95947658,NODE_B0CBD8F33218,wormhole_a,-1,00:00:00:00:00:00,0,0,0,0,0,0
96048015,NODE_B0CBD8F33218,wormhole_a,-1,00:00:00:00:00:00,0,0,0,0,0,0
96147666,NODE_B0CBD8F33218,wormhole_a,-1,00:00:00:00:00:00,0,0,0,0,0,0
96247662,NODE_B0CBD8F33218,wormhole_a,-1,00:00:00:00:00:00,0,0,0,0,0,0
96347650,NODE_B0CBD8F33218,wormhole_a,-1,00:00:00:00:00:00,0,0,0,0,0,0
96447650,NODE_B0CBD8F33218,wormhole_a,-1,00:00:00:00:00:00,0,0,0,0,0,0
96557666,NODE_B0CBD8F33218,wormhole_a,-1,00:00:00:00:00:00,0,0,0,0,0,0
96657662,NODE_B0CBD8F33218,wormhole_a,-1,00:00:00:00:00:00,0,0,0,0,0,0
96757658,NODE_B0CBD8F33218,wormhole_a,-1,00:00:00:00:00:00,0,0,0,0,0,0
96857650,NODE_B0CBD8F33218,wormhole_a,-1,00:00:00:00:00:00,0,0,0,0,0,0
96957666,NODE_B0CBD8F33218,wormhole_a,-1,00:00:00:00:00:00,0,0,0,0,0,0
97057654,NODE_B0CBD8F33218,wormhole_a,-1,00:00:00:00:00:00,0,0,0,0,0,0
97157658,NODE_B0CBD8F33218,wormhole_a,-1,00:00:00:00:00:00,0,0,0,0,0,0
97257650,NODE_B0CBD8F33218,wormhole_a,-1,00:00:00:00:00:00,0,0,0,0,0,0
97357666,NODE_B0CBD8F33218,wormhole_a,-1,00:00:00:00:00:00,0,0,0,0,0,0
97457650,NODE_B0CBD8F33218,wormhole_a,-1,00:00:00:00:00:00,0,0,0,0,0,0
97567662,NODE_B0CBD8F33218,wormhole_a,-1,00:00:00:00:00:00,0,0,0,0,0,0
97667650,NODE_B0CBD8F33218,wormhole_a,-1,00:00:00:00:00:00,0,0,0,0,0,0
97767658,NODE_B0CBD8F33218,wormhole_a,-1,00:00:00:00:00:00,0,0,0,0,0,0
97867666,NODE_B0CBD8F33218,wormhole_a,-1,00:00:00:00:00:00,0,0,0,0,0,0
97967692,NODE_B0CBD8F33218,wormhole_a,-1,00:00:00:00:00:00,0,0,0,0,0,0
98067650,NODE_B0CBD8F33218,wormhole_a,-1,00:00:00:00:00:00,0,0,0,0,0,0
98167658,NODE_B0CBD8F33218,wormhole_a,-1,00:00:00:00:00:00,0,0,0,0,0,0
98267666,NODE_B0CBD8F33218,wormhole_a,-1,00:00:00:00:00:00,0,0,0,0,0,0
98367666,NODE_B0CBD8F33218,wormhole_a,-1,00:00:00:00:00:00,0,0,0,0,0,0
98467650,NODE_B0CBD8F33218,wormhole_a,-1,00:00:00:00:00:00,0,0,0,0,0,0
98577658,NODE_B0CBD8F33218,wormhole_a,-1,00:00:00:00:00:00,0,0,0,0,0,0
98677666,NODE_B0CBD8F33218,wormhole_a,-1,00:00:00:00:00:00,0,0,0,0,0,0
98777658,NODE_B0CBD8F33218,wormhole_a,-1,00:00:00:00:00:00,0,0,0,0,0,0
98877662,NODE_B0CBD8F33218,wormhole_a,-1,00:00:00:00:00:00,0,0,0,0,0,0
98977658,NODE_B0CBD8F33218,wormhole_a,-1,00:00:00:00:00:00,0,0,0,0,0,0
99077650,NODE_B0CBD8F33218,wormhole_a,-1,00:00:00:00:00:00,0,0,0,0,0,0
99177670,NODE_B0CBD8F33218,wormhole_a,-1,00:00:00:00:00:00,0,0,0,0,0,0
99277662,NODE_B0CBD8F33218,wormhole_a,-1,00:00:00:00:00:00,0,0,0,0,0,0
99377659,NODE_B0CBD8F33218,wormhole_a,-1,00:00:00:00:00:00,0,0,0,0,0,0
99477650,NODE_B0CBD8F33218,wormhole_a,-1,00:00:00:00:00:00,0,0,0,0,0,0
99587666,NODE_B0CBD8F33218,wormhole_a,-1,00:00:00:00:00:00,0,0,0,0,0,0
99687663,NODE_B0CBD8F33218,wormhole_a,-1,00:00:00:00:00:00,0,0,0,0,0,0
99787658,NODE_B0CBD8F33218,wormhole_a,-1,00:00:00:00:00:00,0,0,0,0,0,0
99887650,NODE_B0CBD8F33218,wormhole_a,-1,00:00:00:00:00:00,0,0,0,0,0,0
99987666,NODE_B0CBD8F33218,wormhole_a,-1,00:00:00:00:00:00,0,0,0,0,0,0
100087662,NODE_B0CBD8F33218,wormhole_a,-1,00:00:00:00:00:00,0,0,0,0,0,0
100187658,NODE_B0CBD8F33218,wormhole_a,-1,00:00:00:00:00:00,0,0,0,0,0,0
100287890,NODE_B0CBD8F33218,wormhole_a,-1,00:00:00:00:00:00,0,0,0,0,0,0
100387666,NODE_B0CBD8F33218,wormhole_a,-1,00:00:00:00:00:00,0,0,0,0,0,0
100487658,NODE_B0CBD8F33218,wormhole_a,-1,00:00:00:00:00:00,0,0,0,0,0,0
100587666,NODE_B0CBD8F33218,wormhole_a,-1,00:00:00:00:00:00,0,0,0,0,0,0
100687650,NODE_B0CBD8F33218,wormhole_a,-1,00:00:00:00:00:00,0,0,0,0,0,0
100787658,NODE_B0CBD8F33218,wormhole_a,-1,00:00:00:00:00:00,0,0,0,0,0,0
100887666,NODE_B0CBD8F33218,wormhole_a,-1,00:00:00:00:00:00,0,0,0,0,0,0
100987662,NODE_B0CBD8F33218,wormhole_a,-1,00:00:00:00:00:00,0,0,0,0,0,0
101087650,NODE_B0CBD8F33218,wormhole_a,-1,00:00:00:00:00:00,0,0,0,0,0,0
101187658,NODE_B0CBD8F33218,wormhole_a,-1,00:00:00:00:00:00,0,0,0,0,0,0
101287666,NODE_B0CBD8F33218,wormhole_a,-1,00:00:00:00:00:00,0,0,0,0,0,0
101387662,NODE_B0CBD8F33218,wormhole_a,-1,00:00:00:00:00:00,0,0,0,0,0,0
101487658,NODE_B0CBD8F33218,wormhole_a,-1,00:00:00:00:00:00,0,0,0,0,0,0
101587706,NODE_B0CBD8F33218,wormhole_a,-1,00:00:00:00:00:00,0,0,0,0,0,0
101687666,NODE_B0CBD8F33218,wormhole_a,-1,00:00:00:00:00:00,0,0,0,0,0,0
101787658,NODE_B0CBD8F33218,wormhole_a,-1,00:00:00:00:00:00,0,0,0,0,0,0
101887662,NODE_B0CBD8F33218,wormhole_a,-1,00:00:00:00:00:00,0,0,0,0,0,0
101987658,NODE_B0CBD8F33218,wormhole_a,-1,00:00:00:00:00:00,0,0,0,0,0,0
102087650,NODE_B0CBD8F33218,wormhole_a,-1,00:00:00:00:00:00,0,0,0,0,0,0
102187670,NODE_B0CBD8F33218,wormhole_a,-1,00:00:00:00:00:00,0,0,0,0,0,0
102287662,NODE_B0CBD8F33218,wormhole_a,-1,00:00:00:00:00:00,0,0,0,0,0,0
102387650,NODE_B0CBD8F33218,wormhole_a,-1,00:00:00:00:00:00,0,0,0,0,0,0
102487658,NODE_B0CBD8F33218,wormhole_a,-1,00:00:00:00:00:00,0,0,0,0,0,0
102587670,NODE_B0CBD8F33218,wormhole_a,-1,00:00:00:00:00:00,0,0,0,0,0,0
102687654,NODE_B0CBD8F33218,wormhole_a,-1,00:00:00:00:00:00,0,0,0,0,0,0
102787658,NODE_B0CBD8F33218,wormhole_a,-1,00:00:00:00:00:00,0,0,0,0,0,0
102887650,NODE_B0CBD8F33218,wormhole_a,-1,00:00:00:00:00:00,0,0,0,0,0,0
102987818,NODE_B0CBD8F33218,wormhole_a,-1,00:00:00:00:00:00,0,0,0,0,0,0
103087666,NODE_B0CBD8F33218,wormhole_a,-1,00:00:00:00:00:00,0,0,0,0,0,0
103187774,NODE_B0CBD8F33218,wormhole_a,-1,00:00:00:00:00:00,0,0,0,0,0,0
103287677,NODE_B0CBD8F33218,wormhole_a,-1,00:00:00:00:00:00,0,0,0,0,0,0
103387667,NODE_B0CBD8F33218,wormhole_a,-1,00:00:00:00:00:00,0,0,0,0,0,0
103487666,NODE_B0CBD8F33218,wormhole_a,-1,00:00:00:00:00:00,0,0,0,0,0,0
103587662,NODE_B0CBD8F33218,wormhole_a,-1,00:00:00:00:00:00,0,0,0,0,0,0
103687650,NODE_B0CBD8F33218,wormhole_a,-1,00:00:00:00:00:00,0,0,0,0,0,0
103787650,NODE_B0CBD8F33218,wormhole_a,-1,00:00:00:00:00:00,0,0,0,0,0,0
103887666,NODE_B0CBD8F33218,wormhole_a,-1,00:00:00:00:00:00,0,0,0,0,0,0
103987662,NODE_B0CBD8F33218,wormhole_a,-1,00:00:00:00:00:00,0,0,0,0,0,0
104087650,NODE_B0CBD8F33218,wormhole_a,-1,00:00:00:00:00:00,0,0,0,0,0,0
104187658,NODE_B0CBD8F33218,wormhole_a,-1,00:00:00:00:00:00,0,0,0,0,0,0
104287666,NODE_B0CBD8F33218,wormhole_a,-1,00:00:00:00:00:00,0,0,0,0,0,0
104387658,NODE_B0CBD8F33218,wormhole_a,-1,00:00:00:00:00:00,0,0,0,0,0,0
104487666,NODE_B0CBD8F33218,wormhole_a,-1,00:00:00:00:00:00,0,0,0,0,0,0
104587658,NODE_B0CBD8F33218,wormhole_a,-1,00:00:00:00:00:00,0,0,0,0,0,0
104687650,NODE_B0CBD8F33218,wormhole_a,-1,00:00:00:00:00:00,0,0,0,0,0,0
104787666,NODE_B0CBD8F33218,wormhole_a,-1,00:00:00:00:00:00,0,0,0,0,0,0
104887662,NODE_B0CBD8F33218,wormhole_a,-1,00:00:00:00:00:00,0,0,0,0,0,0
104987720,NODE_B0CBD8F33218,wormhole_a,-1,00:00:00:00:00:00,0,0,0,0,0,0
105087650,NODE_B0CBD8F33218,wormhole_a,-1,00:00:00:00:00:00,0,0,0,0,0,0
105187666,NODE_B0CBD8F33218,wormhole_a,-1,00:00:00:00:00:00,0,0,0,0,0,0
105287734,NODE_B0CBD8F33218,wormhole_a,-1,00:00:00:00:00:00,0,0,0,0,0,0
105387658,NODE_B0CBD8F33218,wormhole_a,-1,00:00:00:00:00:00,0,0,0,0,0,0
105487906,NODE_B0CBD8F33218,wormhole_a,-1,00:00:00:00:00:00,0,0,0,0,0,0
105587658,NODE_B0CBD8F33218,wormhole_a,-1,00:00:00:00:00:00,0,0,0,0,0,0
105687667,NODE_B0CBD8F33218,wormhole_a,-1,00:00:00:00:00:00,0,0,0,0,0,0
105787761,NODE_B0CBD8F33218,wormhole_a,-1,00:00:00:00:00:00,0,0,0,0,0,0
105887650,NODE_B0CBD8F33218,wormhole_a,-1,00:00:00:00:00:00,0,0,0,0,0,0
105987658,NODE_B0CBD8F33218,wormhole_a,-1,00:00:00:00:00:00,0,0,0,0,0,0
106087666,NODE_B0CBD8F33218,wormhole_a,-1,00:00:00:00:00:00,0,0,0,0,0,0
106187666,NODE_B0CBD8F33218,wormhole_a,-1,00:00:00:00:00:00,0,0,0,0,0,0
106287650,NODE_B0CBD8F33218,wormhole_a,-1,00:00:00:00:00:00,0,0,0,0,0,0
106387658,NODE_B0CBD8F33218,wormhole_a,-1,00:00:00:00:00:00,0,0,0,0,0,0
106487670,NODE_B0CBD8F33218,wormhole_a,-1,00:00:00:00:00:00,0,0,0,0,0,0
106587650,NODE_B0CBD8F33218,wormhole_a,-1,00:00:00:00:00:00,0,0,0,0,0,0
106687662,NODE_B0CBD8F33218,wormhole_a,-1,00:00:00:00:00:00,0,0,0,0,0,0
106787766,NODE_B0CBD8F33218,wormhole_a,-1,00:00:00:00:00:00,0,0,0,0,0,0
106887650,NODE_B0CBD8F33218,wormhole_a,-1,00:00:00:00:00:00,0,0,0,0,0,0
106987666,NODE_B0CBD8F33218,wormhole_a,-1,00:00:00:00:00:00,0,0,0,0,0,0
107087662,NODE_B0CBD8F33218,wormhole_a,-1,00:00:00:00:00:00,0,0,0,0,0,0
107187658,NODE_B0CBD8F33218,wormhole_a,-1,00:00:00:00:00:00,0,0,0,0,0,0
107287650,NODE_B0CBD8F33218,wormhole_a,-1,00:00:00:00:00:00,0,0,0,0,0,0
107387666,NODE_B0CBD8F33218,wormhole_a,-1,00:00:00:00:00:00,0,0,0,0,0,0
107487662,NODE_B0CBD8F33218,wormhole_a,-1,00:00:00:00:00:00,0,0,0,0,0,0
107587857,NODE_B0CBD8F33218,wormhole_a,-1,00:00:00:00:00:00,0,0,0,0,0,0
107687650,NODE_B0CBD8F33218,wormhole_a,-1,00:00:00:00:00:00,0,0,0,0,0,0
107787968,NODE_B0CBD8F33218,wormhole_a,-1,00:00:00:00:00:00,0,0,0,0,0,0
107887650,NODE_B0CBD8F33218,wormhole_a,-1,00:00:00:00:00:00,0,0,0,0,0,0
107987662,NODE_B0CBD8F33218,wormhole_a,-1,00:00:00:00:00:00,0,0,0,0,0,0
108087650,NODE_B0CBD8F33218,wormhole_a,-1,00:00:00:00:00:00,0,0,0,0,0,0
108187658,NODE_B0CBD8F33218,wormhole_a,-1,00:00:00:00:00:00,0,0,0,0,0,0
108287666,NODE_B0CBD8F33218,wormhole_a,-1,00:00:00:00:00:00,0,0,0,0,0,0
108387666,NODE_B0CBD8F33218,wormhole_a,-1,00:00:00:00:00:00,0,0,0,0,0,0
108487658,NODE_B0CBD8F33218,wormhole_a,-1,00:00:00:00:00:00,0,0,0,0,0,0
108587658,NODE_B0CBD8F33218,wormhole_a,-1,00:00:00:00:00:00,0,0,0,0,0,0
108687666,NODE_B0CBD8F33218,wormhole_a,-1,00:00:00:00:00:00,0,0,0,0,0,0
108787662,NODE_B0CBD8F33218,wormhole_a,-1,00:00:00:00:00:00,0,0,0,0,0,0
108887650,NODE_B0CBD8F33218,wormhole_a,-1,00:00:00:00:00:00,0,0,0,0,0,0
108987658,NODE_B0CBD8F33218,wormhole_a,-1,00:00:00:00:00:00,0,0,0,0,0,0
109087662,NODE_B0CBD8F33218,wormhole_a,-1,00:00:00:00:00:00,0,0,0,0,0,0
109187658,NODE_B0CBD8F33218,wormhole_a,-1,00:00:00:00:00:00,0,0,0,0,0,0
109287662,NODE_B0CBD8F33218,wormhole_a,-1,00:00:00:00:00:00,0,0,0,0,0,0
109387658,NODE_B0CBD8F33218,wormhole_a,-1,00:00:00:00:00:00,0,0,0,0,0,0
109487658,NODE_B0CBD8F33218,wormhole_a,-1,00:00:00:00:00:00,0,0,0,0,0,0
109587670,NODE_B0CBD8F33218,wormhole_a,-1,00:00:00:00:00:00,0,0,0,0,0,0
109687662,NODE_B0CBD8F33218,wormhole_a,-1,00:00:00:00:00:00,0,0,0,0,0,0
109787658,NODE_B0CBD8F33218,wormhole_a,-1,00:00:00:00:00:00,0,0,0,0,0,0
109887650,NODE_B0CBD8F33218,wormhole_a,-1,00:00:00:00:00:00,0,0,0,0,0,0
109987666,NODE_B0CBD8F33218,wormhole_a,-1,00:00:00:00:00:00,0,0,0,0,0,0
110087662,NODE_B0CBD8F33218,wormhole_a,-1,00:00:00:00:00:00,0,0,0,0,0,0
110187658,NODE_B0CBD8F33218,wormhole_a,-1,00:00:00:00:00:00,0,0,0,0,0,0
110287650,NODE_B0CBD8F33218,wormhole_a,-1,00:00:00:00:00:00,0,0,0,0,0,0
110387662,NODE_B0CBD8F33218,wormhole_a,-1,00:00:00:00:00:00,0,0,0,0,0,0
110487658,NODE_B0CBD8F33218,wormhole_a,-1,00:00:00:00:00:00,0,0,0,0,0,0
110587666,NODE_B0CBD8F33218,wormhole_a,-1,00:00:00:00:00:00,0,0,0,0,0,0
110687651,NODE_B0CBD8F33218,wormhole_a,-1,00:00:00:00:00:00,0,0,0,0,0,0
110787650,NODE_B0CBD8F33218,wormhole_a,-1,00:00:00:00:00:00,0,0,0,0,0,0
110887666,NODE_B0CBD8F33218,wormhole_a,-1,00:00:00:00:00:00,0,0,0,0,0,0
110987662,NODE_B0CBD8F33218,wormhole_a,-1,00:00:00:00:00:00,0,0,0,0,0,0
111087650,NODE_B0CBD8F33218,wormhole_a,-1,00:00:00:00:00:00,0,0,0,0,0,0
111187658,NODE_B0CBD8F33218,wormhole_a,-1,00:00:00:00:00:00,0,0,0,0,0,0
111287666,NODE_B0CBD8F33218,wormhole_a,-1,00:00:00:00:00:00,0,0,0,0,0,0
111387662,NODE_B0CBD8F33218,wormhole_a,-1,00:00:00:00:00:00,0,0,0,0,0,0
111487658,NODE_B0CBD8F33218,wormhole_a,-1,00:00:00:00:00:00,0,0,0,0,0,0
111587658,NODE_B0CBD8F33218,wormhole_a,-1,00:00:00:00:00:00,0,0,0,0,0,0
111687850,NODE_B0CBD8F33218,wormhole_a,-1,00:00:00:00:00:00,0,0,0,0,0,0
111787709,NODE_B0CBD8F33218,wormhole_a,-1,00:00:00:00:00:00,0,0,0,0,0,0
111887662,NODE_B0CBD8F33218,wormhole_a,-1,00:00:00:00:00:00,0,0,0,0,0,0
111987658,NODE_B0CBD8F33218,wormhole_a,-1,00:00:00:00:00:00,0,0,0,0,0,0
112087650,NODE_B0CBD8F33218,wormhole_a,-1,00:00:00:00:00:00,0,0,0,0,0,0
112187666,NODE_B0CBD8F33218,wormhole_a,-1,00:00:00:00:00:00,0,0,0,0,0,0
112287668,NODE_B0CBD8F33218,wormhole_a,-1,00:00:00:00:00:00,0,0,0,0,0,0
112387658,NODE_B0CBD8F33218,wormhole_a,-1,00:00:00:00:00:00,0,0,0,0,0,0
112487658,NODE_B0CBD8F33218,wormhole_a,-1,00:00:00:00:00:00,0,0,0,0,0,0
112587666,NODE_B0CBD8F33218,wormhole_a,-1,00:00:00:00:00:00,0,0,0,0,0,0
112687654,NODE_B0CBD8F33218,wormhole_a,-1,00:00:00:00:00:00,0,0,0,0,0,0
112787663,NODE_B0CBD8F33218,wormhole_a,-1,00:00:00:00:00:00,0,0,0,0,0,0
112887650,NODE_B0CBD8F33218,wormhole_a,-1,00:00:00:00:00:00,0,0,0,0,0,0
112987666,NODE_B0CBD8F33218,wormhole_a,-1,00:00:00:00:00:00,0,0,0,0,0,0
113087650,NODE_B0CBD8F33218,wormhole_a,-1,00:00:00:00:00:00,0,0,0,0,0,0
113187706,NODE_B0CBD8F33218,wormhole_a,-1,00:00:00:00:00:00,0,0,0,0,0,0
113287650,NODE_B0CBD8F33218,wormhole_a,-1,00:00:00:00:00:00,0,0,0,0,0,0
113387658,NODE_B0CBD8F33218,wormhole_a,-1,00:00:00:00:00:00,0,0,0,0,0,0
113487666,NODE_B0CBD8F33218,wormhole_a,-1,00:00:00:00:00:00,0,0,0,0,0,0
113587666,NODE_B0CBD8F33218,wormhole_a,-1,00:00:00:00:00:00,0,0,0,0,0,0
113687650,NODE_B0CBD8F33218,wormhole_a,-1,00:00:00:00:00:00,0,0,0,0,0,0
113787650,NODE_B0CBD8F33218,wormhole_a,-1,00:00:00:00:00:00,0,0,0,0,0,0
113887677,NODE_B0CBD8F33218,wormhole_a,-1,00:00:00:00:00:00,0,0,0,0,0,0
113987658,NODE_B0CBD8F33218,wormhole_a,-1,00:00:00:00:00:00,0,0,0,0,0,0
114087662,NODE_B0CBD8F33218,wormhole_a,-1,00:00:00:00:00:00,0,0,0,0,0,0
114187658,NODE_B0CBD8F33218,wormhole_a,-1,00:00:00:00:00:00,0,0,0,0,0,0
114287650,NODE_B0CBD8F33218,wormhole_a,-1,00:00:00:00:00:00,0,0,0,0,0,0
114387670,NODE_B0CBD8F33218,wormhole_a,-1,00:00:00:00:00:00,0,0,0,0,0,0
114487665,NODE_B0CBD8F33218,wormhole_a,-1,00:00:00:00:00:00,0,0,0,0,0,0
114587650,NODE_B0CBD8F33218,wormhole_a,-1,00:00:00:00:00:00,0,0,0,0,0,0
114687650,NODE_B0CBD8F33218,wormhole_a,-1,00:00:00:00:00:00,0,0,0,0,0,0
114787666,NODE_B0CBD8F33218,wormhole_a,-1,00:00:00:00:00:00,0,0,0,0,0,0
114887662,NODE_B0CBD8F33218,wormhole_a,-1,00:00:00:00:00:00,0,0,0,0,0,0
114987658,NODE_B0CBD8F33218,wormhole_a,-1,00:00:00:00:00:00,0,0,0,0,0,0
115087650,NODE_B0CBD8F33218,wormhole_a,-1,00:00:00:00:00:00,0,0,0,0,0,0
115187666,NODE_B0CBD8F33218,wormhole_a,-1,00:00:00:00:00:00,0,0,0,0,0,0
115287650,NODE_B0CBD8F33218,wormhole_a,-1,00:00:00:00:00:00,0,0,0,0,0,0
115387662,NODE_B0CBD8F33218,wormhole_a,-1,00:00:00:00:00:00,0,0,0,0,0,0
115487658,NODE_B0CBD8F33218,wormhole_a,-1,00:00:00:00:00:00,0,0,0,0,0,0
115587658,NODE_B0CBD8F33218,wormhole_a,-1,00:00:00:00:00:00,0,0,0,0,0,0
115687667,NODE_B0CBD8F33218,wormhole_a,-1,00:00:00:00:00:00,0,0,0,0,0,0
115787666,NODE_B0CBD8F33218,wormhole_a,-1,00:00:00:00:00:00,0,0,0,0,0,0
115887650,NODE_B0CBD8F33218,wormhole_a,-1,00:00:00:00:00:00,0,0,0,0,0,0
115987650,NODE_B0CBD8F33218,wormhole_a,-1,00:00:00:00:00:00,0,0,0,0,0,0
116087666,NODE_B0CBD8F33218,wormhole_a,-1,00:00:00:00:00:00,0,0,0,0,0,0
116187662,NODE_B0CBD8F33218,wormhole_a,-1,00:00:00:00:00:00,0,0,0,0,0,0
116287650,NODE_B0CBD8F33218,wormhole_a,-1,00:00:00:00:00:00,0,0,0,0,0,0
116387650,NODE_B0CBD8F33218,wormhole_a,-1,00:00:00:00:00:00,0,0,0,0,0,0
116487666,NODE_B0CBD8F33218,wormhole_a,-1,00:00:00:00:00:00,0,0,0,0,0,0
116587658,NODE_B0CBD8F33218,wormhole_a,-1,00:00:00:00:00:00,0,0,0,0,0,0
116687662,NODE_B0CBD8F33218,wormhole_a,-1,00:00:00:00:00:00,0,0,0,0,0,0
116787658,NODE_B0CBD8F33218,wormhole_a,-1,00:00:00:00:00:00,0,0,0,0,0,0
116887658,NODE_B0CBD8F33218,wormhole_a,-1,00:00:00:00:00:00,0,0,0,0,0,0
116987670,NODE_B0CBD8F33218,wormhole_a,-1,00:00:00:00:00:00,0,0,0,0,0,0
117087662,NODE_B0CBD8F33218,wormhole_a,-1,00:00:00:00:00:00,0,0,0,0,0,0
117187658,NODE_B0CBD8F33218,wormhole_a,-1,00:00:00:00:00:00,0,0,0,0,0,0
117287650,NODE_B0CBD8F33218,wormhole_a,-1,00:00:00:00:00:00,0,0,0,0,0,0
117387670,NODE_B0CBD8F33218,wormhole_a,-1,00:00:00:00:00:00,0,0,0,0,0,0
117487869,NODE_B0CBD8F33218,wormhole_a,-1,00:00:00:00:00:00,0,0,0,0,0,0
117587658,NODE_B0CBD8F33218,wormhole_a,-1,00:00:00:00:00:00,0,0,0,0,0,0
117687650,NODE_B0CBD8F33218,wormhole_a,-1,00:00:00:00:00:00,0,0,0,0,0,0
117787658,NODE_B0CBD8F33218,wormhole_a,-1,00:00:00:00:00:00,0,0,0,0,0,0
117887666,NODE_B0CBD8F33218,wormhole_a,-1,00:00:00:00:00:00,0,0,0,0,0,0
117987666,NODE_B0CBD8F33218,wormhole_a,-1,00:00:00:00:00:00,0,0,0,0,0,0
118087651,NODE_B0CBD8F33218,wormhole_a,-1,00:00:00:00:00:00,0,0,0,0,0,0
118187658,NODE_B0CBD8F33218,wormhole_a,-1,00:00:00:00:00:00,0,0,0,0,0,0
118287666,NODE_B0CBD8F33218,wormhole_a,-1,00:00:00:00:00:00,0,0,0,0,0,0
118387666,NODE_B0CBD8F33218,wormhole_a,-1,00:00:00:00:00:00,0,0,0,0,0,0
118487658,NODE_B0CBD8F33218,wormhole_a,-1,00:00:00:00:00:00,0,0,0,0,0,0
118587658,NODE_B0CBD8F33218,wormhole_a,-1,00:00:00:00:00:00,0,0,0,0,0,0
118687666,NODE_B0CBD8F33218,wormhole_a,-1,00:00:00:00:00:00,0,0,0,0,0,0
118787662,NODE_B0CBD8F33218,wormhole_a,-1,00:00:00:00:00:00,0,0,0,0,0,0
118887650,NODE_B0CBD8F33218,wormhole_a,-1,00:00:00:00:00:00,0,0,0,0,0,0
118987658,NODE_B0CBD8F33218,wormhole_a,-1,00:00:00:00:00:00,0,0,0,0,0,0
119087666,NODE_B0CBD8F33218,wormhole_a,-1,00:00:00:00:00:00,0,0,0,0,0,0
119187720,NODE_B0CBD8F33218,wormhole_a,-1,00:00:00:00:00:00,0,0,0,0,0,0
119287662,NODE_B0CBD8F33218,wormhole_a,-1,00:00:00:00:00:00,0,0,0,0,0,0
119387658,NODE_B0CBD8F33218,wormhole_a,-1,00:00:00:00:00:00,0,0,0,0,0,0
119487658,NODE_B0CBD8F33218,wormhole_a,-1,00:00:00:00:00:00,0,0,0,0,0,0
119587666,NODE_B0CBD8F33218,wormhole_a,-1,00:00:00:00:00:00,0,0,0,0,0,0
119687662,NODE_B0CBD8F33218,wormhole_a,-1,00:00:00:00:00:00,0,0,0,0,0,0
119787658,NODE_B0CBD8F33218,wormhole_a,-1,00:00:00:00:00:00,0,0,0,0,0,0
119887650,NODE_B0CBD8F33218,wormhole_a,-1,00:00:00:00:00:00,0,0,0,0,0,0
119987666,NODE_B0CBD8F33218,wormhole_a,-1,00:00:00:00:00:00,0,0,0,0,0,0
120087662,NODE_B0CBD8F33218,wormhole_a,-1,00:00:00:00:00:00,0,0,0,0,0,0
120187658,NODE_B0CBD8F33218,wormhole_a,-1,00:00:00:00:00:00,0,0,0,0,0,0
120287650,NODE_B0CBD8F33218,wormhole_a,-1,00:00:00:00:00:00,0,0,0,0,0,0
120387666,NODE_B0CBD8F33218,wormhole_a,-1,00:00:00:00:00:00,0,0,0,0,0,0
120487650,NODE_B0CBD8F33218,wormhole_a,-1,00:00:00:00:00:00,0,0,0,0,0,0
120587662,NODE_B0CBD8F33218,wormhole_a,-1,00:00:00:00:00:00,0,0,0,0,0,0
120687650,NODE_B0CBD8F33218,wormhole_a,-1,00:00:00:00:00:00,0,0,0,0,0,0
120787658,NODE_B0CBD8F33218,wormhole_a,-1,00:00:00:00:00:00,0,0,0,0,0,0
120887666,NODE_B0CBD8F33218,wormhole_a,-1,00:00:00:00:00:00,0,0,0,0,0,0
120987666,NODE_B0CBD8F33218,wormhole_a,-1,00:00:00:00:00:00,0,0,0,0,0,0
121087650,NODE_B0CBD8F33218,wormhole_a,-1,00:00:00:00:00:00,0,0,0,0,0,0
121187683,NODE_B0CBD8F33218,wormhole_a,-1,00:00:00:00:00:00,0,0,0,0,0,0
121287666,NODE_B0CBD8F33218,wormhole_a,-1,00:00:00:00:00:00,0,0,0,0,0,0
121387843,NODE_B0CBD8F33218,wormhole_a,-1,00:00:00:00:00:00,0,0,0,0,0,0
121487769,NODE_B0CBD8F33218,wormhole_a,-1,00:00:00:00:00:00,0,0,0,0,0,0
121587738,NODE_B0CBD8F33218,wormhole_a,-1,00:00:00:00:00:00,0,0,0,0,0,0
121687677,NODE_B0CBD8F33218,wormhole_a,-1,00:00:00:00:00:00,0,0,0,0,0,0
121787658,NODE_B0CBD8F33218,wormhole_a,-1,00:00:00:00:00:00,0,0,0,0,0,0
121887662,NODE_B0CBD8F33218,wormhole_a,-1,00:00:00:00:00:00,0,0,0,0,0,0
121987658,NODE_B0CBD8F33218,wormhole_a,-1,00:00:00:00:00:00,0,0,0,0,0,0
122087650,NODE_B0CBD8F33218,wormhole_a,-1,00:00:00:00:00:00,0,0,0,0,0,0
122187666,NODE_B0CBD8F33218,wormhole_a,-1,00:00:00:00:00:00,0,0,0,0,0,0
122287662,NODE_B0CBD8F33218,wormhole_a,-1,00:00:00:00:00:00,0,0,0,0,0,0
122387658,NODE_B0CBD8F33218,wormhole_a,-1,00:00:00:00:00:00,0,0,0,0,0,0
122487650,NODE_B0CBD8F33218,wormhole_a,-1,00:00:00:00:00:00,0,0,0,0,0,0
122587670,NODE_B0CBD8F33218,wormhole_a,-1,00:00:00:00:00:00,0,0,0,0,0,0
122687662,NODE_B0CBD8F33218,wormhole_a,-1,00:00:00:00:00:00,0,0,0,0,0,0
122787658,NODE_B0CBD8F33218,wormhole_a,-1,00:00:00:00:00:00,0,0,0,0,0,0
122887650,NODE_B0CBD8F33218,wormhole_a,-1,00:00:00:00:00:00,0,0,0,0,0,0
122987666,NODE_B0CBD8F33218,wormhole_a,-1,00:00:00:00:00:00,0,0,0,0,0,0
123087650,NODE_B0CBD8F33218,wormhole_a,-1,00:00:00:00:00:00,0,0,0,0,0,0
123187666,NODE_B0CBD8F33218,wormhole_a,-1,00:00:00:00:00:00,0,0,0,0,0,0
123287650,NODE_B0CBD8F33218,wormhole_a,-1,00:00:00:00:00:00,0,0,0,0,0,0
123387650,NODE_B0CBD8F33218,wormhole_a,-1,00:00:00:00:00:00,0,0,0,0,0,0
123487666,NODE_B0CBD8F33218,wormhole_a,-1,00:00:00:00:00:00,0,0,0,0,0,0
123587662,NODE_B0CBD8F33218,wormhole_a,-1,00:00:00:00:00:00,0,0,0,0,0,0
123687760,NODE_B0CBD8F33218,wormhole_a,-1,00:00:00:00:00:00,0,0,0,0,0,0
123787658,NODE_B0CBD8F33218,wormhole_a,-1,00:00:00:00:00:00,0,0,0,0,0,0
123887666,NODE_B0CBD8F33218,wormhole_a,-1,00:00:00:00:00:00,0,0,0,0,0,0
123987666,NODE_B0CBD8F33218,wormhole_a,-1,00:00:00:00:00:00,0,0,0,0,0,0
124087650,NODE_B0CBD8F33218,wormhole_a,-1,00:00:00:00:00:00,0,0,0,0,0,0
124187665,NODE_B0CBD8F33218,wormhole_a,-1,00:00:00:00:00:00,0,0,0,0,0,0
124287686,NODE_B0CBD8F33218,wormhole_a,-1,00:00:00:00:00:00,0,0,0,0,0,0
124387650,NODE_B0CBD8F33218,wormhole_a,-1,00:00:00:00:00:00,0,0,0,0,0,0
124487662,NODE_B0CBD8F33218,wormhole_a,-1,00:00:00:00:00:00,0,0,0,0,0,0
124587658,NODE_B0CBD8F33218,wormhole_a,-1,00:00:00:00:00:00,0,0,0,0,0,0
124687650,NODE_B0CBD8F33218,wormhole_a,-1,00:00:00:00:00:00,0,0,0,0,0,0
124787666,NODE_B0CBD8F33218,wormhole_a,-1,00:00:00:00:00:00,0,0,0,0,0,0
124887662,NODE_B0CBD8F33218,wormhole_a,-1,00:00:00:00:00:00,0,0,0,0,0,0
124987650,NODE_B0CBD8F33218,wormhole_a,-1,00:00:00:00:00:00,0,0,0,0,0,0
125087650,NODE_B0CBD8F33218,wormhole_a,-1,00:00:00:00:00:00,0,0,0,0,0,0
125187685,NODE_B0CBD8F33218,wormhole_a,-1,00:00:00:00:00:00,0,0,0,0,0,0
125287662,NODE_B0CBD8F33218,wormhole_a,-1,00:00:00:00:00:00,0,0,0,0,0,0
125387658,NODE_B0CBD8F33218,wormhole_a,-1,00:00:00:00:00:00,0,0,0,0,0,0
125487658,NODE_B0CBD8F33218,wormhole_a,-1,00:00:00:00:00:00,0,0,0,0,0,0
125587666,NODE_B0CBD8F33218,wormhole_a,-1,00:00:00:00:00:00,0,0,0,0,0,0
125687650,NODE_B0CBD8F33218,wormhole_a,-1,00:00:00:00:00:00,0,0,0,0,0,0
125787662,NODE_B0CBD8F33218,wormhole_a,-1,00:00:00:00:00:00,0,0,0,0,0,0
125887651,NODE_B0CBD8F33218,wormhole_a,-1,00:00:00:00:00:00,0,0,0,0,0,0
125987768,NODE_B0CBD8F33218,wormhole_a,-1,00:00:00:00:00:00,0,0,0,0,0,0
126087666,NODE_B0CBD8F33218,wormhole_a,-1,00:00:00:00:00:00,0,0,0,0,0,0
126187662,NODE_B0CBD8F33218,wormhole_a,-1,00:00:00:00:00:00,0,0,0,0,0,0
126287655,NODE_B0CBD8F33218,wormhole_a,-1,00:00:00:00:00:00,0,0,0,0,0,0
126387658,NODE_B0CBD8F33218,wormhole_a,-1,00:00:00:00:00:00,0,0,0,0,0,0
126487670,NODE_B0CBD8F33218,wormhole_a,-1,00:00:00:00:00:00,0,0,0,0,0,0
126587662,NODE_B0CBD8F33218,wormhole_a,-1,00:00:00:00:00:00,0,0,0,0,0,0
126687650,NODE_B0CBD8F33218,wormhole_a,-1,00:00:00:00:00:00,0,0,0,0,0,0
126787658,NODE_B0CBD8F33218,wormhole_a,-1,00:00:00:00:00:00,0,0,0,0,0,0
126887662,NODE_B0CBD8F33218,wormhole_a,-1,00:00:00:00:00:00,0,0,0,0,0,0
126987658,NODE_B0CBD8F33218,wormhole_a,-1,00:00:00:00:00:00,0,0,0,0,0,0
127087662,NODE_B0CBD8F33218,wormhole_a,-1,00:00:00:00:00:00,0,0,0,0,0,0
127187658,NODE_B0CBD8F33218,wormhole_a,-1,00:00:00:00:00:00,0,0,0,0,0,0
127287650,NODE_B0CBD8F33218,wormhole_a,-1,00:00:00:00:00:00,0,0,0,0,0,0
127387670,NODE_B0CBD8F33218,wormhole_a,-1,00:00:00:00:00:00,0,0,0,0,0,0
127487666,NODE_B0CBD8F33218,wormhole_a,-1,00:00:00:00:00:00,0,0,0,0,0,0
127587658,NODE_B0CBD8F33218,wormhole_a,-1,00:00:00:00:00:00,0,0,0,0,0,0
127687650,NODE_B0CBD8F33218,wormhole_a,-1,00:00:00:00:00:00,0,0,0,0,0,0
127787788,NODE_B0CBD8F33218,wormhole_a,-1,00:00:00:00:00:00,0,0,0,0,0,0
127887666,NODE_B0CBD8F33218,wormhole_a,-1,00:00:00:00:00:00,0,0,0,0,0,0
127987697,NODE_B0CBD8F33218,wormhole_a,-1,00:00:00:00:00:00,0,0,0,0,0,0
128087650,NODE_B0CBD8F33218,wormhole_a,-1,00:00:00:00:00:00,0,0,0,0,0,0
128187697,NODE_B0CBD8F33218,wormhole_a,-1,00:00:00:00:00:00,0,0,0,0,0,0
128287650,NODE_B0CBD8F33218,wormhole_a,-1,00:00:00:00:00:00,0,0,0,0,0,0
128387666,NODE_B0CBD8F33218,wormhole_a,-1,00:00:00:00:00:00,0,0,0,0,0,0
128487650,NODE_B0CBD8F33218,wormhole_a,-1,00:00:00:00:00:00,0,0,0,0,0,0
128587658,NODE_B0CBD8F33218,wormhole_a,-1,00:00:00:00:00:00,0,0,0,0,0,0
128687666,NODE_B0CBD8F33218,wormhole_a,-1,00:00:00:00:00:00,0,0,0,0,0,0
128787746,NODE_B0CBD8F33218,wormhole_a,-1,00:00:00:00:00:00,0,0,0,0,0,0
128887650,NODE_B0CBD8F33218,wormhole_a,-1,00:00:00:00:00:00,0,0,0,0,0,0
128987658,NODE_B0CBD8F33218,wormhole_a,-1,00:00:00:00:00:00,0,0,0,0,0,0
129087666,NODE_B0CBD8F33218,wormhole_a,-1,00:00:00:00:00:00,0,0,0,0,0,0
129187662,NODE_B0CBD8F33218,wormhole_a,-1,00:00:00:00:00:00,0,0,0,0,0,0
129287651,NODE_B0CBD8F33218,wormhole_a,-1,00:00:00:00:00:00,0,0,0,0,0,0
129387658,NODE_B0CBD8F33218,wormhole_a,-1,00:00:00:00:00:00,0,0,0,0,0,0
129487666,NODE_B0CBD8F33218,wormhole_a,-1,00:00:00:00:00:00,0,0,0,0,0,0
129587658,NODE_B0CBD8F33218,wormhole_a,-1,00:00:00:00:00:00,0,0,0,0,0,0
129687662,NODE_B0CBD8F33218,wormhole_a,-1,00:00:00:00:00:00,0,0,0,0,0,0
129787658,NODE_B0CBD8F33218,wormhole_a,-1,00:00:00:00:00:00,0,0,0,0,0,0
129887650,NODE_B0CBD8F33218,wormhole_a,-1,00:00:00:00:00:00,0,0,0,0,0,0
129987666,NODE_B0CBD8F33218,wormhole_a,-1,00:00:00:00:00:00,0,0,0,0,0,0
130087662,NODE_B0CBD8F33218,wormhole_a,-1,00:00:00:00:00:00,0,0,0,0,0,0
130187658,NODE_B0CBD8F33218,wormhole_a,-1,00:00:00:00:00:00,0,0,0,0,0,0
130287650,NODE_B0CBD8F33218,wormhole_a,-1,00:00:00:00:00:00,0,0,0,0,0,0
130387666,NODE_B0CBD8F33218,wormhole_a,-1,00:00:00:00:00:00,0,0,0,0,0,0
130487662,NODE_B0CBD8F33218,wormhole_a,-1,00:00:00:00:00:00,0,0,0,0,0,0
130587658,NODE_B0CBD8F33218,wormhole_a,-1,00:00:00:00:00:00,0,0,0,0,0,0
130687650,NODE_B0CBD8F33218,wormhole_a,-1,00:00:00:00:00:00,0,0,0,0,0,0
130787666,NODE_B0CBD8F33218,wormhole_a,-1,00:00:00:00:00:00,0,0,0,0,0,0
130887650,NODE_B0CBD8F33218,wormhole_a,-1,00:00:00:00:00:00,0,0,0,0,0,0
130987666,NODE_B0CBD8F33218,wormhole_a,-1,00:00:00:00:00:00,0,0,0,0,0,0
131087651,NODE_B0CBD8F33218,wormhole_a,-1,00:00:00:00:00:00,0,0,0,0,0,0
131187658,NODE_B0CBD8F33218,wormhole_a,-1,00:00:00:00:00:00,0,0,0,0,0,0
131287666,NODE_B0CBD8F33218,wormhole_a,-1,00:00:00:00:00:00,0,0,0,0,0,0
131387666,NODE_B0CBD8F33218,wormhole_a,-1,00:00:00:00:00:00,0,0,0,0,0,0
131487658,NODE_B0CBD8F33218,wormhole_a,-1,00:00:00:00:00:00,0,0,0,0,0,0
131587650,NODE_B0CBD8F33218,wormhole_a,-1,00:00:00:00:00:00,0,0,0,0,0,0
131687666,NODE_B0CBD8F33218,wormhole_a,-1,00:00:00:00:00:00,0,0,0,0,0,0
131787740,NODE_B0CBD8F33218,wormhole_a,-1,00:00:00:00:00:00,0,0,0,0,0,0
131887650,NODE_B0CBD8F33218,wormhole_a,-1,00:00:00:00:00:00,0,0,0,0,0,0
131997658,NODE_B0CBD8F33218,wormhole_a,-1,00:00:00:00:00:00,0,0,0,0,0,0
132097666,NODE_B0CBD8F33218,wormhole_a,-1,00:00:00:00:00:00,0,0,0,0,0,0
132197658,NODE_B0CBD8F33218,wormhole_a,-1,00:00:00:00:00:00,0,0,0,0,0,0
132297662,NODE_B0CBD8F33218,wormhole_a,-1,00:00:00:00:00:00,0,0,0,0,0,0
132397658,NODE_B0CBD8F33218,wormhole_a,-1,00:00:00:00:00:00,0,0,0,0,0,0
132497658,NODE_B0CBD8F33218,wormhole_a,-1,00:00:00:00:00:00,0,0,0,0,0,0
132597666,NODE_B0CBD8F33218,wormhole_a,-1,00:00:00:00:00:00,0,0,0,0,0,0
132697662,NODE_B0CBD8F33218,wormhole_a,-1,00:00:00:00:00:00,0,0,0,0,0,0
132797658,NODE_B0CBD8F33218,wormhole_a,-1,00:00:00:00:00:00,0,0,0,0,0,0
132897650,NODE_B0CBD8F33218,wormhole_a,-1,00:00:00:00:00:00,0,0,0,0,0,0
132997666,NODE_B0CBD8F33218,wormhole_a,-1,00:00:00:00:00:00,0,0,0,0,0,0
133097662,NODE_B0CBD8F33218,wormhole_a,-1,00:00:00:00:00:00,0,0,0,0,0,0
133197658,NODE_B0CBD8F33218,wormhole_a,-1,00:00:00:00:00:00,0,0,0,0,0,0
133297650,NODE_B0CBD8F33218,wormhole_a,-1,00:00:00:00:00:00,0,0,0,0,0,0
133397670,NODE_B0CBD8F33218,wormhole_a,-1,00:00:00:00:00:00,0,0,0,0,0,0
133497658,NODE_B0CBD8F33218,wormhole_a,-1,00:00:00:00:00:00,0,0,0,0,0,0
133597666,NODE_B0CBD8F33218,wormhole_a,-1,00:00:00:00:00:00,0,0,0,0,0,0
133697650,NODE_B0CBD8F33218,wormhole_a,-1,00:00:00:00:00:00,0,0,0,0,0,0
133797650,NODE_B0CBD8F33218,wormhole_a,-1,00:00:00:00:00:00,0,0,0,0,0,0
133897666,NODE_B0CBD8F33218,wormhole_a,-1,00:00:00:00:00:00,0,0,0,0,0,0
133997666,NODE_B0CBD8F33218,wormhole_a,-1,00:00:00:00:00:00,0,0,0,0,0,0
134097650,NODE_B0CBD8F33218,wormhole_a,-1,00:00:00:00:00:00,0,0,0,0,0,0
134197658,NODE_B0CBD8F33218,wormhole_a,-1,00:00:00:00:00:00,0,0,0,0,0,0
134297666,NODE_B0CBD8F33218,wormhole_a,-1,00:00:00:00:00:00,0,0,0,0,0,0
134397662,NODE_B0CBD8F33218,wormhole_a,-1,00:00:00:00:00:00,0,0,0,0,0,0
134497674,NODE_B0CBD8F33218,wormhole_a,-1,00:00:00:00:00:00,0,0,0,0,0,0
134597660,NODE_B0CBD8F33218,wormhole_a,-1,00:00:00:00:00:00,0,0,0,0,0,0
134697662,NODE_B0CBD8F33218,wormhole_a,-1,00:00:00:00:00:00,0,0,0,0,0,0
134797834,NODE_B0CBD8F33218,wormhole_a,-1,00:00:00:00:00:00,0,0,0,0,0,0
134897662,NODE_B0CBD8F33218,wormhole_a,-1,00:00:00:00:00:00,0,0,0,0,0,0
134997664,NODE_B0CBD8F33218,wormhole_a,-1,00:00:00:00:00:00,0,0,0,0,0,0
135097650,NODE_B0CBD8F33218,wormhole_a,-1,00:00:00:00:00:00,0,0,0,0,0,0
135197666,NODE_B0CBD8F33218,wormhole_a,-1,00:00:00:00:00:00,0,0,0,0,0,0
135297662,NODE_B0CBD8F33218,wormhole_a,-1,00:00:00:00:00:00,0,0,0,0,0,0
135397658,NODE_B0CBD8F33218,wormhole_a,-1,00:00:00:00:00:00,0,0,0,0,0,0
135497658,NODE_B0CBD8F33218,wormhole_a,-1,00:00:00:00:00:00,0,0,0,0,0,0
135597670,NODE_B0CBD8F33218,wormhole_a,-1,00:00:00:00:00:00,0,0,0,0,0,0
135697662,NODE_B0CBD8F33218,wormhole_a,-1,00:00:00:00:00:00,0,0,0,0,0,0
135797658,NODE_B0CBD8F33218,wormhole_a,-1,00:00:00:00:00:00,0,0,0,0,0,0
135897650,NODE_B0CBD8F33218,wormhole_a,-1,00:00:00:00:00:00,0,0,0,0,0,0
135997765,NODE_B0CBD8F33218,wormhole_a,-1,00:00:00:00:00:00,0,0,0,0,0,0
136097666,NODE_B0CBD8F33218,wormhole_a,-1,00:00:00:00:00:00,0,0,0,0,0,0
136197662,NODE_B0CBD8F33218,wormhole_a,-1,00:00:00:00:00:00,0,0,0,0,0,0
136297650,NODE_B0CBD8F33218,wormhole_a,-1,00:00:00:00:00:00,0,0,0,0,0,0
136397794,NODE_B0CBD8F33218,wormhole_a,-1,00:00:00:00:00:00,0,0,0,0,0,0
136497669,NODE_B0CBD8F33218,wormhole_a,-1,00:00:00:00:00:00,0,0,0,0,0,0
136597825,NODE_B0CBD8F33218,wormhole_a,-1,00:00:00:00:00:00,0,0,0,0,0,0
136697654,NODE_B0CBD8F33218,wormhole_a,-1,00:00:00:00:00:00,0,0,0,0,0,0
136797658,NODE_B0CBD8F33218,wormhole_a,-1,00:00:00:00:00:00,0,0,0,0,0,0
136897666,NODE_B0CBD8F33218,wormhole_a,-1,00:00:00:00:00:00,0,0,0,0,0,0
136997658,NODE_B0CBD8F33218,wormhole_a,-1,00:00:00:00:00:00,0,0,0,0,0,0
137097662,NODE_B0CBD8F33218,wormhole_a,-1,00:00:00:00:00:00,0,0,0,0,0,0
137197658,NODE_B0CBD8F33218,wormhole_a,-1,00:00:00:00:00:00,0,0,0,0,0,0
137297650,NODE_B0CBD8F33218,wormhole_a,-1,00:00:00:00:00:00,0,0,0,0,0,0
137397804,NODE_B0CBD8F33218,wormhole_a,-1,00:00:00:00:00:00,0,0,0,0,0,0
137497660,NODE_B0CBD8F33218,wormhole_a,-1,00:00:00:00:00:00,0,0,0,0,0,0
137597658,NODE_B0CBD8F33218,wormhole_a,-1,00:00:00:00:00:00,0,0,0,0,0,0
137697650,NODE_B0CBD8F33218,wormhole_a,-1,00:00:00:00:00:00,0,0,0,0,0,0
137797752,NODE_B0CBD8F33218,wormhole_a,-1,00:00:00:00:00:00,0,0,0,0,0,0
137897658,NODE_B0CBD8F33218,wormhole_a,-1,00:00:00:00:00:00,0,0,0,0,0,0
137997658,NODE_B0CBD8F33218,wormhole_a,-1,00:00:00:00:00:00,0,0,0,0,0,0
138097650,NODE_B0CBD8F33218,wormhole_a,-1,00:00:00:00:00:00,0,0,0,0,0,0
138197850,NODE_B0CBD8F33218,wormhole_a,-1,00:00:00:00:00:00,0,0,0,0,0,0
138297666,NODE_B0CBD8F33218,wormhole_a,-1,00:00:00:00:00:00,0,0,0,0,0,0
138397751,NODE_B0CBD8F33218,wormhole_a,-1,00:00:00:00:00:00,0,0,0,0,0,0
138497658,NODE_B0CBD8F33218,wormhole_a,-1,00:00:00:00:00:00,0,0,0,0,0,0
138597658,NODE_B0CBD8F33218,wormhole_a,-1,00:00:00:00:00:00,0,0,0,0,0,0
138697666,NODE_B0CBD8F33218,wormhole_a,-1,00:00:00:00:00:00,0,0,0,0,0,0
138797803,NODE_B0CBD8F33218,wormhole_a,-1,00:00:00:00:00:00,0,0,0,0,0,0
138897654,NODE_B0CBD8F33218,wormhole_a,-1,00:00:00:00:00:00,0,0,0,0,0,0
138997658,NODE_B0CBD8F33218,wormhole_a,-1,00:00:00:00:00:00,0,0,0,0,0,0
139097666,NODE_B0CBD8F33218,wormhole_a,-1,00:00:00:00:00:00,0,0,0,0,0,0
139197800,NODE_B0CBD8F33218,wormhole_a,-1,00:00:00:00:00:00,0,0,0,0,0,0
139297662,NODE_B0CBD8F33218,wormhole_a,-1,00:00:00:00:00:00,0,0,0,0,0,0
139397658,NODE_B0CBD8F33218,wormhole_a,-1,00:00:00:00:00:00,0,0,0,0,0,0
139497742,NODE_B0CBD8F33218,wormhole_a,-1,00:00:00:00:00:00,0,0,0,0,0,0
139597716,NODE_B0CBD8F33218,wormhole_a,-1,00:00:00:00:00:00,0,0,0,0,0,0
139697662,NODE_B0CBD8F33218,wormhole_a,-1,00:00:00:00:00:00,0,0,0,0,0,0
139797658,NODE_B0CBD8F33218,wormhole_a,-1,00:00:00:00:00:00,0,0,0,0,0,0
139897650,NODE_B0CBD8F33218,wormhole_a,-1,00:00:00:00:00:00,0,0,0,0,0,0
139997729,NODE_B0CBD8F33218,wormhole_a,-1,00:00:00:00:00:00,0,0,0,0,0,0
140097662,NODE_B0CBD8F33218,wormhole_a,-1,00:00:00:00:00:00,0,0,0,0,0,0
140197709,NODE_B0CBD8F33218,wormhole_a,-1,00:00:00:00:00:00,0,0,0,0,0,0
140297650,NODE_B0CBD8F33218,wormhole_a,-1,00:00:00:00:00:00,0,0,0,0,0,0
140397670,NODE_B0CBD8F33218,wormhole_a,-1,00:00:00:00:00:00,0,0,0,0,0,0
140497662,NODE_B0CBD8F33218,wormhole_a,-1,00:00:00:00:00:00,0,0,0,0,0,0
140597658,NODE_B0CBD8F33218,wormhole_a,-1,00:00:00:00:00:00,0,0,0,0,0,0
140697650,NODE_B0CBD8F33218,wormhole_a,-1,00:00:00:00:00:00,0,0,0,0,0,0
140797666,NODE_B0CBD8F33218,wormhole_a,-1,00:00:00:00:00:00,0,0,0,0,0,0
140897650,NODE_B0CBD8F33218,wormhole_a,-1,00:00:00:00:00:00,0,0,0,0,0,0
140997662,NODE_B0CBD8F33218,wormhole_a,-1,00:00:00:00:00:00,0,0,0,0,0,0
141097650,NODE_B0CBD8F33218,wormhole_a,-1,00:00:00:00:00:00,0,0,0,0,0,0
141197658,NODE_B0CBD8F33218,wormhole_a,-1,00:00:00:00:00:00,0,0,0,0,0,0
141297666,NODE_B0CBD8F33218,wormhole_a,-1,00:00:00:00:00:00,0,0,0,0,0,0
141397666,NODE_B0CBD8F33218,wormhole_a,-1,00:00:00:00:00:00,0,0,0,0,0,0
141497658,NODE_B0CBD8F33218,wormhole_a,-1,00:00:00:00:00:00,0,0,0,0,0,0
141597650,NODE_B0CBD8F33218,wormhole_a,-1,00:00:00:00:00:00,0,0,0,0,0,0
141697666,NODE_B0CBD8F33218,wormhole_a,-1,00:00:00:00:00:00,0,0,0,0,0,0
141797713,NODE_B0CBD8F33218,wormhole_a,-1,00:00:00:00:00:00,0,0,0,0,0,0
141897661,NODE_B0CBD8F33218,wormhole_a,-1,00:00:00:00:00:00,0,0,0,0,0,0
141997658,NODE_B0CBD8F33218,wormhole_a,-1,00:00:00:00:00:00,0,0,0,0,0,0
142097666,NODE_B0CBD8F33218,wormhole_a,-1,00:00:00:00:00:00,0,0,0,0,0,0
142197650,NODE_B0CBD8F33218,wormhole_a,-1,00:00:00:00:00:00,0,0,0,0,0,0
142297662,NODE_B0CBD8F33218,wormhole_a,-1,00:00:00:00:00:00,0,0,0,0,0,0
142397658,NODE_B0CBD8F33218,wormhole_a,-1,00:00:00:00:00:00,0,0,0,0,0,0
142497658,NODE_B0CBD8F33218,wormhole_a,-1,00:00:00:00:00:00,0,0,0,0,0,0
142597666,NODE_B0CBD8F33218,wormhole_a,-1,00:00:00:00:00:00,0,0,0,0,0,0
142697662,NODE_B0CBD8F33218,wormhole_a,-1,00:00:00:00:00:00,0,0,0,0,0,0
142797658,NODE_B0CBD8F33218,wormhole_a,-1,00:00:00:00:00:00,0,0,0,0,0,0
142897650,NODE_B0CBD8F33218,wormhole_a,-1,00:00:00:00:00:00,0,0,0,0,0,0
142997666,NODE_B0CBD8F33218,wormhole_a,-1,00:00:00:00:00:00,0,0,0,0,0,0
143097662,NODE_B0CBD8F33218,wormhole_a,-1,00:00:00:00:00:00,0,0,0,0,0,0
143197658,NODE_B0CBD8F33218,wormhole_a,-1,00:00:00:00:00:00,0,0,0,0,0,0
143297650,NODE_B0CBD8F33218,wormhole_a,-1,00:00:00:00:00:00,0,0,0,0,0,0
143397666,NODE_B0CBD8F33218,wormhole_a,-1,00:00:00:00:00:00,0,0,0,0,0,0
143497658,NODE_B0CBD8F33218,wormhole_a,-1,00:00:00:00:00:00,0,0,0,0,0,0
143597662,NODE_B0CBD8F33218,wormhole_a,-1,00:00:00:00:00:00,0,0,0,0,0,0
143697650,NODE_B0CBD8F33218,wormhole_a,-1,00:00:00:00:00:00,0,0,0,0,0,0
143797660,NODE_B0CBD8F33218,wormhole_a,-1,00:00:00:00:00:00,0,0,0,0,0,0
143897666,NODE_B0CBD8F33218,wormhole_a,-1,00:00:00:00:00:00,0,0,0,0,0,0
143997662,NODE_B0CBD8F33218,wormhole_a,-1,00:00:00:00:00:00,0,0,0,0,0,0
144097650,NODE_B0CBD8F33218,wormhole_a,-1,00:00:00:00:00:00,0,0,0,0,0,0
144197650,NODE_B0CBD8F33218,wormhole_a,-1,00:00:00:00:00:00,0,0,0,0,0,0
144297666,NODE_B0CBD8F33218,wormhole_a,-1,00:00:00:00:00:00,0,0,0,0,0,0
144397662,NODE_B0CBD8F33218,wormhole_a,-1,00:00:00:00:00:00,0,0,0,0,0,0
144497658,NODE_B0CBD8F33218,wormhole_a,-1,00:00:00:00:00:00,0,0,0,0,0,0
144597658,NODE_B0CBD8F33218,wormhole_a,-1,00:00:00:00:00:00,0,0,0,0,0,0
144697666,NODE_B0CBD8F33218,wormhole_a,-1,00:00:00:00:00:00,0,0,0,0,0,0
144797662,NODE_B0CBD8F33218,wormhole_a,-1,00:00:00:00:00:00,0,0,0,0,0,0
144897650,NODE_B0CBD8F33218,wormhole_a,-1,00:00:00:00:00:00,0,0,0,0,0,0
144997658,NODE_B0CBD8F33218,wormhole_a,-1,00:00:00:00:00:00,0,0,0,0,0,0
145097814,NODE_B0CBD8F33218,wormhole_a,-1,00:00:00:00:00:00,0,0,0,0,0,0
145197662,NODE_B0CBD8F33218,wormhole_a,-1,00:00:00:00:00:00,0,0,0,0,0,0
145297662,NODE_B0CBD8F33218,wormhole_a,-1,00:00:00:00:00:00,0,0,0,0,0,0
145397720,NODE_B0CBD8F33218,wormhole_a,-1,00:00:00:00:00:00,0,0,0,0,0,0
145497658,NODE_B0CBD8F33218,wormhole_a,-1,00:00:00:00:00:00,0,0,0,0,0,0
145597666,NODE_B0CBD8F33218,wormhole_a,-1,00:00:00:00:00:00,0,0,0,0,0,0
145697662,NODE_B0CBD8F33218,wormhole_a,-1,00:00:00:00:00:00,0,0,0,0,0,0
145797658,NODE_B0CBD8F33218,wormhole_a,-1,00:00:00:00:00:00,0,0,0,0,0,0
145897650,NODE_B0CBD8F33218,wormhole_a,-1,00:00:00:00:00:00,0,0,0,0,0,0
145997666,NODE_B0CBD8F33218,wormhole_a,-1,00:00:00:00:00:00,0,0,0,0,0,0
146097663,NODE_B0CBD8F33218,wormhole_a,-1,00:00:00:00:00:00,0,0,0,0,0,0
146197658,NODE_B0CBD8F33218,wormhole_a,-1,00:00:00:00:00:00,0,0,0,0,0,0
146297650,NODE_B0CBD8F33218,wormhole_a,-1,00:00:00:00:00:00,0,0,0,0,0,0
146397670,NODE_B0CBD8F33218,wormhole_a,-1,00:00:00:00:00:00,0,0,0,0,0,0
146497662,NODE_B0CBD8F33218,wormhole_a,-1,00:00:00:00:00:00,0,0,0,0,0,0
146597662,NODE_B0CBD8F33218,wormhole_a,-1,00:00:00:00:00:00,0,0,0,0,0,0
146697650,NODE_B0CBD8F33218,wormhole_a,-1,00:00:00:00:00:00,0,0,0,0,0,0
146797658,NODE_B0CBD8F33218,wormhole_a,-1,00:00:00:00:00:00,0,0,0,0,0,0
146897666,NODE_B0CBD8F33218,wormhole_a,-1,00:00:00:00:00:00,0,0,0,0,0,0
146997662,NODE_B0CBD8F33218,wormhole_a,-1,00:00:00:00:00:00,0,0,0,0,0,0
147097650,NODE_B0CBD8F33218,wormhole_a,-1,00:00:00:00:00:00,0,0,0,0,0,0
147197658,NODE_B0CBD8F33218,wormhole_a,-1,00:00:00:00:00:00,0,0,0,0,0,0
147297666,NODE_B0CBD8F33218,wormhole_a,-1,00:00:00:00:00:00,0,0,0,0,0,0
147397666,NODE_B0CBD8F33218,wormhole_a,-1,00:00:00:00:00:00,0,0,0,0,0,0
147497658,NODE_B0CBD8F33218,wormhole_a,-1,00:00:00:00:00:00,0,0,0,0,0,0
147597658,NODE_B0CBD8F33218,wormhole_a,-1,00:00:00:00:00:00,0,0,0,0,0,0
147697666,NODE_B0CBD8F33218,wormhole_a,-1,00:00:00:00:00:00,0,0,0,0,0,0
147797658,NODE_B0CBD8F33218,wormhole_a,-1,00:00:00:00:00:00,0,0,0,0,0,0
147897662,NODE_B0CBD8F33218,wormhole_a,-1,00:00:00:00:00:00,0,0,0,0,0,0
147997658,NODE_B0CBD8F33218,wormhole_a,-1,00:00:00:00:00:00,0,0,0,0,0,0
148097650,NODE_B0CBD8F33218,wormhole_a,-1,00:00:00:00:00:00,0,0,0,0,0,0
148197666,NODE_B0CBD8F33218,wormhole_a,-1,00:00:00:00:00:00,0,0,0,0,0,0
148297662,NODE_B0CBD8F33218,wormhole_a,-1,00:00:00:00:00:00,0,0,0,0,0,0
148397658,NODE_B0CBD8F33218,wormhole_a,-1,00:00:00:00:00:00,0,0,0,0,0,0
148497658,NODE_B0CBD8F33218,wormhole_a,-1,00:00:00:00:00:00,0,0,0,0,0,0
148597666,NODE_B0CBD8F33218,wormhole_a,-1,00:00:00:00:00:00,0,0,0,0,0,0
148697662,NODE_B0CBD8F33218,wormhole_a,-1,00:00:00:00:00:00,0,0,0,0,0,0
148797658,NODE_B0CBD8F33218,wormhole_a,-1,00:00:00:00:00:00,0,0,0,0,0,0
148897650,NODE_B0CBD8F33218,wormhole_a,-1,00:00:00:00:00:00,0,0,0,0,0,0
148997670,NODE_B0CBD8F33218,wormhole_a,-1,00:00:00:00:00:00,0,0,0,0,0,0
149097650,NODE_B0CBD8F33218,wormhole_a,-1,00:00:00:00:00:00,0,0,0,0,0,0
149197662,NODE_B0CBD8F33218,wormhole_a,-1,00:00:00:00:00:00,0,0,0,0,0,0
149297650,NODE_B0CBD8F33218,wormhole_a,-1,00:00:00:00:00:00,0,0,0,0,0,0
149397658,NODE_B0CBD8F33218,wormhole_a,-1,00:00:00:00:00:00,0,0,0,0,0,0
149497666,NODE_B0CBD8F33218,wormhole_a,-1,00:00:00:00:00:00,0,0,0,0,0,0
149597666,NODE_B0CBD8F33218,wormhole_a,-1,00:00:00:00:00:00,0,0,0,0,0,0
149697650,NODE_B0CBD8F33218,wormhole_a,-1,00:00:00:00:00:00,0,0,0,0,0,0
149797658,NODE_B0CBD8F33218,wormhole_a,-1,00:00:00:00:00:00,0,0,0,0,0,0
149897678,NODE_B0CBD8F33218,wormhole_a,-1,00:00:00:00:00:00,0,0,0,0,0,0
149997666,NODE_B0CBD8F33218,wormhole_a,-1,00:00:00:00:00:00,0,0,0,0,0,0
150097650,NODE_B0CBD8F33218,wormhole_a,-1,00:00:00:00:00:00,0,0,0,0,0,0
150197658,NODE_B0CBD8F33218,wormhole_a,-1,00:00:00:00:00:00,0,0,0,0,0,0
150298125,NODE_B0CBD8F33218,wormhole_a,-1,00:00:00:00:00:00,0,0,0,0,0,0
150397666,NODE_B0CBD8F33218,wormhole_a,-1,00:00:00:00:00:00,0,0,0,0,0,0
150497662,NODE_B0CBD8F33218,wormhole_a,-1,00:00:00:00:00:00,0,0,0,0,0,0
150597658,NODE_B0CBD8F33218,wormhole_a,-1,00:00:00:00:00:00,0,0,0,0,0,0
150697650,NODE_B0CBD8F33218,wormhole_a,-1,00:00:00:00:00:00,0,0,0,0,0,0
150797670,NODE_B0CBD8F33218,wormhole_a,-1,00:00:00:00:00:00,0,0,0,0,0,0
150897663,NODE_B0CBD8F33218,wormhole_a,-1,00:00:00:00:00:00,0,0,0,0,0,0
150997658,NODE_B0CBD8F33218,wormhole_a,-1,00:00:00:00:00:00,0,0,0,0,0,0
151097650,NODE_B0CBD8F33218,wormhole_a,-1,00:00:00:00:00:00,0,0,0,0,0,0
151197670,NODE_B0CBD8F33218,wormhole_a,-1,00:00:00:00:00:00,0,0,0,0,0,0
151297650,NODE_B0CBD8F33218,wormhole_a,-1,00:00:00:00:00:00,0,0,0,0,0,0
151397662,NODE_B0CBD8F33218,wormhole_a,-1,00:00:00:00:00:00,0,0,0,0,0,0
151497650,NODE_B0CBD8F33218,wormhole_a,-1,00:00:00:00:00:00,0,0,0,0,0,0
151597658,NODE_B0CBD8F33218,wormhole_a,-1,00:00:00:00:00:00,0,0,0,0,0,0
151697666,NODE_B0CBD8F33218,wormhole_a,-1,00:00:00:00:00:00,0,0,0,0,0,0
151797662,NODE_B0CBD8F33218,wormhole_a,-1,00:00:00:00:00:00,0,0,0,0,0,0
151897650,NODE_B0CBD8F33218,wormhole_a,-1,00:00:00:00:00:00,0,0,0,0,0,0
151997658,NODE_B0CBD8F33218,wormhole_a,-1,00:00:00:00:00:00,0,0,0,0,0,0
152097670,NODE_B0CBD8F33218,wormhole_a,-1,00:00:00:00:00:00,0,0,0,0,0,0
152197666,NODE_B0CBD8F33218,wormhole_a,-1,00:00:00:00:00:00,0,0,0,0,0,0
152297650,NODE_B0CBD8F33218,wormhole_a,-1,00:00:00:00:00:00,0,0,0,0,0,0
152397658,NODE_B0CBD8F33218,wormhole_a,-1,00:00:00:00:00:00,0,0,0,0,0,0
152497681,NODE_B0CBD8F33218,wormhole_a,-1,00:00:00:00:00:00,0,0,0,0,0,0
152597658,NODE_B0CBD8F33218,wormhole_a,-1,00:00:00:00:00:00,0,0,0,0,0,0
152697846,NODE_B0CBD8F33218,wormhole_a,-1,00:00:00:00:00:00,0,0,0,0,0,0
152797698,NODE_B0CBD8F33218,wormhole_a,-1,00:00:00:00:00:00,0,0,0,0,0,0
152897650,NODE_B0CBD8F33218,wormhole_a,-1,00:00:00:00:00:00,0,0,0,0,0,0
152997666,NODE_B0CBD8F33218,wormhole_a,-1,00:00:00:00:00:00,0,0,0,0,0,0
153097662,NODE_B0CBD8F33218,wormhole_a,-1,00:00:00:00:00:00,0,0,0,0,0,0
153197658,NODE_B0CBD8F33218,wormhole_a,-1,00:00:00:00:00:00,0,0,0,0,0,0
153297650,NODE_B0CBD8F33218,wormhole_a,-1,00:00:00:00:00:00,0,0,0,0,0,0
153397666,NODE_B0CBD8F33218,wormhole_a,-1,00:00:00:00:00:00,0,0,0,0,0,0
153497662,NODE_B0CBD8F33218,wormhole_a,-1,00:00:00:00:00:00,0,0,0,0,0,0
153597658,NODE_B0CBD8F33218,wormhole_a,-1,00:00:00:00:00:00,0,0,0,0,0,0
153697650,NODE_B0CBD8F33218,wormhole_a,-1,00:00:00:00:00:00,0,0,0,0,0,0
153797666,NODE_B0CBD8F33218,wormhole_a,-1,00:00:00:00:00:00,0,0,0,0,0,0
153897655,NODE_B0CBD8F33218,wormhole_a,-1,00:00:00:00:00:00,0,0,0,0,0,0
153997692,NODE_B0CBD8F33218,wormhole_a,-1,00:00:00:00:00:00,0,0,0,0,0,0
154097650,NODE_B0CBD8F33218,wormhole_a,-1,00:00:00:00:00:00,0,0,0,0,0,0
154197720,NODE_B0CBD8F33218,wormhole_a,-1,00:00:00:00:00:00,0,0,0,0,0,0
154297666,NODE_B0CBD8F33218,wormhole_a,-1,00:00:00:00:00:00,0,0,0,0,0,0
154397662,NODE_B0CBD8F33218,wormhole_a,-1,00:00:00:00:00:00,0,0,0,0,0,0
154497890,NODE_B0CBD8F33218,wormhole_a,-1,00:00:00:00:00:00,0,0,0,0,0,0
154597658,NODE_B0CBD8F33218,wormhole_a,-1,00:00:00:00:00:00,0,0,0,0,0,0
154697666,NODE_B0CBD8F33218,wormhole_a,-1,00:00:00:00:00:00,0,0,0,0,0,0
154797669,NODE_B0CBD8F33218,wormhole_a,-1,00:00:00:00:00:00,0,0,0,0,0,0
154897774,NODE_B0CBD8F33218,wormhole_a,-1,00:00:00:00:00:00,0,0,0,0,0,0
154997658,NODE_B0CBD8F33218,wormhole_a,-1,00:00:00:00:00:00,0,0,0,0,0,0
155097666,NODE_B0CBD8F33218,wormhole_a,-1,00:00:00:00:00:00,0,0,0,0,0,0
155197714,NODE_B0CBD8F33218,wormhole_a,-1,00:00:00:00:00:00,0,0,0,0,0,0
155297662,NODE_B0CBD8F33218,wormhole_a,-1,00:00:00:00:00:00,0,0,0,0,0,0
155397658,NODE_B0CBD8F33218,wormhole_a,-1,00:00:00:00:00:00,0,0,0,0,0,0
155497658,NODE_B0CBD8F33218,wormhole_a,-1,00:00:00:00:00:00,0,0,0,0,0,0
155597666,NODE_B0CBD8F33218,wormhole_a,-1,00:00:00:00:00:00,0,0,0,0,0,0
155697662,NODE_B0CBD8F33218,wormhole_a,-1,00:00:00:00:00:00,0,0,0,0,0,0
155797794,NODE_B0CBD8F33218,wormhole_a,-1,00:00:00:00:00:00,0,0,0,0,0,0
155897650,NODE_B0CBD8F33218,wormhole_a,-1,00:00:00:00:00:00,0,0,0,0,0,0
155997874,NODE_B0CBD8F33218,wormhole_a,-1,00:00:00:00:00:00,0,0,0,0,0,0
156097662,NODE_B0CBD8F33218,wormhole_a,-1,00:00:00:00:00:00,0,0,0,0,0,0
156197658,NODE_B0CBD8F33218,wormhole_a,-1,00:00:00:00:00:00,0,0,0,0,0,0
156297650,NODE_B0CBD8F33218,wormhole_a,-1,00:00:00:00:00:00,0,0,0,0,0,0
156397666,NODE_B0CBD8F33218,wormhole_a,-1,00:00:00:00:00:00,0,0,0,0,0,0
156497658,NODE_B0CBD8F33218,wormhole_a,-1,00:00:00:00:00:00,0,0,0,0,0,0
156597662,NODE_B0CBD8F33218,wormhole_a,-1,00:00:00:00:00:00,0,0,0,0,0,0
156697650,NODE_B0CBD8F33218,wormhole_a,-1,00:00:00:00:00:00,0,0,0,0,0,0
156797658,NODE_B0CBD8F33218,wormhole_a,-1,00:00:00:00:00:00,0,0,0,0,0,0
156897666,NODE_B0CBD8F33218,wormhole_a,-1,00:00:00:00:00:00,0,0,0,0,0,0
156997662,NODE_B0CBD8F33218,wormhole_a,-1,00:00:00:00:00:00,0,0,0,0,0,0
157097650,NODE_B0CBD8F33218,wormhole_a,-1,00:00:00:00:00:00,0,0,0,0,0,0
157197658,NODE_B0CBD8F33218,wormhole_a,-1,00:00:00:00:00:00,0,0,0,0,0,0
157297666,NODE_B0CBD8F33218,wormhole_a,-1,00:00:00:00:00:00,0,0,0,0,0,0
157397662,NODE_B0CBD8F33218,wormhole_a,-1,00:00:00:00:00:00,0,0,0,0,0,0
157497658,NODE_B0CBD8F33218,wormhole_a,-1,00:00:00:00:00:00,0,0,0,0,0,0
157597658,NODE_B0CBD8F33218,wormhole_a,-1,00:00:00:00:00:00,0,0,0,0,0,0
157697666,NODE_B0CBD8F33218,wormhole_a,-1,00:00:00:00:00:00,0,0,0,0,0,0
157797662,NODE_B0CBD8F33218,wormhole_a,-1,00:00:00:00:00:00,0,0,0,0,0,0
